                   y                  ym                   U                   V                   W                 U^2                 V^2                 W^2                  UV                  VW                  UW                VISC               SFSxx               SFSyy               SFSzz               SFSxy               SFSyz                dUdX                dVdX                dWdX                dUdY                dVdY                dWdY                dUdZ                dVdZ                dWdZ              SFSxym
 -4.000000000000E+00 -2.000000000000E+00  0.000000000000E+00  0.000000000000E+00  0.000000000000E+00  0.000000000000E+00  0.000000000000E+00  0.000000000000E+00  0.000000000000E+00  0.000000000000E+00  0.000000000000E+00  0.000000000000E+00  0.000000000000E+00  0.000000000000E+00  0.000000000000E+00  0.000000000000E+00  0.000000000000E+00  0.000000000000E+00  0.000000000000E+00  0.000000000000E+00  0.000000000000E+00  0.000000000000E+00  0.000000000000E+00  0.000000000000E+00  0.000000000000E+00  0.000000000000E+00  0.000000000000E+00
  2.220446049250E-16  2.000000000000E+00  1.204839963611E+01  1.816280379858E-15 -2.513736101662E-02  1.471086312273E+02  3.689992144868E-02  4.956215849698E-01 -1.063984269004E-01 -2.005359299944E-04 -3.119640925837E-01  5.578414560327E-01 -9.259195175927E-05  1.826126171695E-03 -1.733534219879E-03 -3.403597334728E+00  6.451194562815E-03 -1.450199989339E-05 -3.558718436477E-07  5.849307355972E-06  5.013395818424E+01  1.450199996968E-05 -1.120948784624E-01  2.273405081328E-20 -4.122440264799E-21 -2.168451776266E-21 -3.944436309208E-03
  4.000000000000E+00  6.000000000000E+00  1.301856695386E+01  5.149463447521E-15 -3.089306560427E-02  1.710391948335E+02  1.474529610181E-01  4.338724283048E-01 -1.930659436203E-01 -1.836442957528E-05 -4.157131915631E-01  4.196563978780E+00  1.057415091428E-01 -1.484945190550E-01  4.275300991047E-02 -5.222675630748E-01 -5.523158811189E-02  5.382383712412E-06  8.833822091146E-09  1.526209117945E-06  2.632252130539E+00 -5.382383704935E-06 -1.401166142917E-02  3.700661151646E-20 -7.017149893276E-21 -1.557921514999E-21 -3.955244645978E-02
  8.000000000000E+00  1.000000000000E+01  1.336456632801E+01  8.148863076650E-15 -3.213722870213E-02  1.799166888741E+02  1.732626662173E-01  3.911944181717E-01 -1.902406998306E-01 -7.659513404150E-05 -4.440212040508E-01  4.414707939365E+00  7.033708071798E-02 -1.918109585652E-01  1.214738778461E-01 -3.521121721424E-01 -1.492423185069E-04  1.017645411954E-05  8.841809285216E-08 -1.479103529970E-06  1.327156997352E+00 -1.017645408864E-05 -2.633413590844E-03  4.337886687959E-20 -1.105683457023E-21  2.796452964137E-20 -2.125848852451E-02
  1.200000000000E+01  1.400000000000E+01  1.368214902870E+01  1.053640815366E-14 -3.220393037998E-02  1.884486751135E+02  1.860490288251E-01  3.799431912250E-01 -2.014730755811E-01  7.461573845535E-06 -4.551327748597E-01  4.347703976367E+00  6.472311651437E-02 -1.772492858566E-01  1.125261693414E-01 -3.247583963489E-01  5.197612914750E-03 -6.126330408693E-06 -3.081244130602E-07 -3.319508050088E-06  1.102464831146E+00  6.126330434313E-06  1.256317827248E-03  1.096965388877E-20  8.326794113537E-22  4.717174153596E-20 -1.796740773916E-02
  1.600000000000E+01  1.800000000000E+01  1.391576219386E+01  1.260100603144E-14 -3.153684022497E-02  1.948312013518E+02  1.964360495718E-01  3.716960838213E-01 -2.005714670725E-01 -5.049083763132E-05 -4.529577487460E-01  4.107529482518E+00  5.397119108517E-02 -1.572351239922E-01  1.032639329084E-01 -2.446433515044E-01  3.787096760580E-03 -2.448515453938E-06 -3.227773980350E-08 -1.388926655369E-06  8.804967685030E-01  2.448515484944E-06  2.234907586793E-03 -1.997132873410E-21  5.563105680141E-22  4.873331722194E-20 -1.426843666483E-02
  2.000000000000E+01  2.200000000000E+01  1.412239378758E+01  1.423025626010E-14 -3.111605144606E-02  2.005897508408E+02  2.055126083356E-01  3.681021834898E-01 -2.038098657325E-01 -3.411777858088E-05 -4.536699239709E-01  3.935712248917E+00  4.769870656122E-02 -1.425616546963E-01  9.486294813484E-02 -2.142195163021E-01  2.388483308101E-03  2.264786835801E-06  1.855079175758E-07 -3.281108306210E-06  7.556375261739E-01 -2.264786831891E-06  1.919754396470E-03  5.649267936711E-21 -1.928909992485E-21  4.590803669311E-20 -1.225906962950E-02
  2.400000000000E+01  2.600000000000E+01  1.429359592796E+01  1.448831607349E-14 -3.058133286845E-02  2.054216540633E+02  2.133111488303E-01  3.655909435327E-01 -2.035229328820E-01 -5.653637604732E-05 -4.511042472353E-01  3.759641295921E+00  4.126485248126E-02 -1.299519062834E-01  8.868705380253E-02 -1.780554807362E-01  1.507057686777E-03 -9.005735954220E-07  3.923950922611E-07  4.347236042202E-07  6.501999731190E-01  9.005735943440E-07  2.070789178190E-03 -1.870233373127E-21  1.350211294804E-21  5.475598822098E-20 -1.048397837783E-02
  2.800000000000E+01  3.000000000000E+01  1.444750281431E+01  1.555590402223E-14 -3.007064023404E-02  2.098232819527E+02  2.198181076136E-01  3.643918579382E-01 -2.043982414106E-01 -4.471024708182E-05 -4.483770628158E-01  3.622573817411E+00  3.695020068020E-02 -1.203855400194E-01  8.343533934036E-02 -1.585259787413E-01  7.373562355820E-04 -2.748061063343E-06  4.863829308868E-07  4.187754405964E-06  5.790943436733E-01  2.748061149013E-06  1.742770344163E-03  2.379445731522E-20  2.304905385640E-21  6.168684083981E-20 -9.314899050353E-03
  3.200000000000E+01  3.400000000000E+01  1.458313746378E+01  1.816698006403E-14 -2.971340264699E-02  2.137411507857E+02  2.251540441778E-01  3.632350027200E-01 -2.040101585391E-01 -8.843543229057E-05 -4.475640255850E-01  3.496876084734E+00  3.328556203149E-02 -1.123134954309E-01  7.902793340054E-02 -1.396284181077E-01  5.797438915586E-04  3.596275507984E-06  8.728863753341E-07  3.986932265628E-06  5.204709977794E-01 -3.596275529784E-06  3.738929272845E-04  1.322899358092E-20 -1.348279807607E-20  5.664598806170E-20 -8.330848713540E-03
  3.600000000000E+01  3.800000000000E+01  1.470773055823E+01  1.949909759934E-14 -2.989835651796E-02  2.173770770746E+02  2.294047705572E-01  3.623117468383E-01 -2.040032979417E-01 -1.287305154174E-04 -4.541029381095E-01  3.390941419475E+00  3.038336171909E-02 -1.056096036663E-01  7.522624194762E-02 -1.272902905555E-01  7.159166731211E-04  1.608877514663E-06  1.193664545772E-06  5.498987328871E-06  4.762816674414E-01 -1.608877530283E-06 -1.934214573243E-03 -1.820897186203E-20  5.059665494982E-21  6.631490527573E-20 -7.596042300214E-03
  4.000000000000E+01  4.200000000000E+01  1.482127747222E+01  2.249318022422E-14 -3.068658103173E-02  2.207178286379E+02  2.327424204778E-01  3.614169877296E-01 -2.034629678920E-01 -1.332414641196E-04 -4.689032046414E-01  3.291562727438E+00  2.760825093537E-02 -9.972743487713E-02  7.211918394118E-02 -1.157928798973E-01  8.466840458100E-04 -2.844469362007E-07  8.308175177658E-07  5.254278268008E-06  4.377851557462E-01  2.844469061450E-07 -3.652647207717E-03 -8.549122596722E-21 -6.573877833788E-21  8.013089259305E-20 -6.954435177899E-03
  4.400000000000E+01  4.600000000000E+01  1.492662164558E+01  2.860066255777E-14 -3.171685756800E-02  2.238420102127E+02  2.353571822660E-01  3.605145840193E-01 -2.030287283012E-01 -1.472078877530E-04 -4.872246556576E-01  3.204871254248E+00  2.550644288013E-02 -9.470196813148E-02  6.919552525175E-02 -1.070379730556E-01  9.060505589464E-04  4.614370008532E-06  4.810489962409E-07  3.303852213464E-06  4.076855874945E-01 -4.614370062430E-06 -3.899031632716E-03  1.745816996268E-21 -7.865236732316E-21  8.088518728458E-20 -6.443262261040E-03
  4.800000000000E+01  5.000000000000E+01  1.502510804425E+01  3.572508962558E-14 -3.261718617572E-02  2.267835356498E+02  2.373544455261E-01  3.595393616988E-01 -2.024030782191E-01 -1.479561790317E-04 -5.034114601242E-01  3.123017743125E+00  2.365780543670E-02 -9.002869997492E-02  6.637089453810E-02 -9.924387410059E-02  7.585320238791E-04  3.171260158262E-06  8.838665689454E-07  4.168715365717E-06  3.820097454987E-01 -3.171260003560E-06 -2.854641202878E-03 -5.503857372050E-21 -3.329710161355E-22  6.097381720967E-20 -5.995371689366E-03
  5.200000000000E+01  5.400000000000E+01  1.511761835899E+01  4.361971563888E-14 -3.312609608107E-02  2.295646822347E+02  2.388213568380E-01  3.583225558369E-01 -2.017649332739E-01 -1.630103105373E-04 -5.134467654816E-01  3.048722755606E+00  2.202899575108E-02 -8.584903269868E-02  6.382003694739E-02 -9.274687510112E-02  4.618948653306E-04 -2.891097278244E-06  1.461780963999E-06  4.000504493626E-06  3.593088731458E-01  2.891097082392E-06 -2.280054004872E-03  1.881532776256E-20 -1.938067527432E-21  5.480073143886E-20 -5.611149123023E-03
  5.600000000000E+01  5.800000000000E+01  1.520475908735E+01  5.277098314895E-14 -3.373838864516E-02  2.321999944186E+02  2.398394745630E-01  3.569238195174E-01 -2.010263863428E-01 -1.791227456695E-04 -5.248186185049E-01  2.979145020181E+00  2.060696269358E-02 -8.215333565102E-02  6.154637295719E-02 -8.681846529470E-02  5.621780465365E-04 -6.703151324447E-07  2.041764294054E-06  1.917815422594E-06  3.394931893441E-01  6.703154025242E-07 -2.689538410187E-03  6.191437698179E-21  1.162581644358E-20  6.095181323016E-20 -5.264674626599E-03
  6.000000000000E+01  6.200000000000E+01  1.528736453316E+01  6.042217422650E-14 -3.445003196521E-02  2.347134316369E+02  2.404750595895E-01  3.558046092330E-01 -2.002839283746E-01 -1.934630373557E-04 -5.378635492392E-01  2.919909211707E+00  1.929667401779E-02 -7.891808784826E-02  5.962141383106E-02 -8.178947779843E-02  6.062157162944E-04 -6.802204666721E-07  2.598958184958E-06 -1.044655047257E-06  3.228172439025E-01  6.802205100314E-07 -3.515876531214E-03 -1.508092758920E-20 -6.456203504142E-21  6.349468662899E-20 -4.976037956124E-03
  6.400000000000E+01  6.600000000000E+01  1.536617375624E+01  6.858869801690E-14 -3.549259379132E-02  2.371249813926E+02  2.408081718117E-01  3.547676352254E-01 -1.994809839520E-01 -2.127071114411E-04 -5.558085682727E-01  2.863086913179E+00  1.804870659985E-02 -7.590638144751E-02  5.785767484825E-02 -7.738519192071E-02  7.708928753868E-04 -5.311281785513E-06  2.813842429030E-06 -3.646736448309E-06  3.080959486456E-01  5.311282081721E-06 -4.606479374812E-03 -1.240993719653E-21  2.052432738188E-21  6.233922751116E-20 -4.707383761037E-03
  6.800000000000E+01  7.000000000000E+01  1.544141406124E+01  7.723765500153E-14 -3.676424835621E-02  2.394395904367E+02  2.409045453538E-01  3.534230534479E-01 -1.986638503841E-01 -2.374062708864E-04 -5.773838176800E-01  2.809119864029E+00  1.700642668293E-02 -7.317404944428E-02  5.616762276126E-02 -7.332376175706E-02  8.088474226302E-04 -6.846886774914E-06  2.969122514735E-06 -3.346457310399E-06  2.948059026759E-01  6.846886774208E-06 -5.061882322398E-03  1.026496981122E-21 -1.944690393693E-21  7.507739706046E-20 -4.468488367910E-03
  7.200000000000E+01  7.400000000000E+01  1.551357600762E+01  8.068368163253E-14 -3.803799868095E-02  2.416708947035E+02  2.408178984624E-01  3.516998345506E-01 -1.978100120201E-01 -2.598016485460E-04 -5.990214389915E-01  2.757281161691E+00  1.619480852592E-02 -7.068585855614E-02  5.449105003039E-02 -6.967970166623E-02  7.667762968126E-04 -1.326524007793E-06  3.155201361801E-06 -3.322812141033E-06  2.822377437387E-01  1.326524001643E-06 -5.119217992717E-03 -7.353018494847E-22  4.618492584883E-22  5.638288797241E-20 -4.246371132955E-03
  7.600000000000E+01  7.800000000000E+01  1.558253518368E+01  8.227081559412E-14 -3.933908572509E-02  2.438126015618E+02  2.405481793927E-01  3.493443868436E-01 -1.969625541157E-01 -2.829605562736E-04 -6.208655020301E-01  2.707110639292E+00  1.534576798535E-02 -6.822282980390E-02  5.287706181882E-02 -6.613940360922E-02  8.776033697715E-04 -4.015159220904E-06  3.303734145450E-06 -3.204459660032E-06  2.701866786290E-01  4.015159124434E-06 -5.072274219044E-03 -1.862130243692E-20 -9.281510132492E-21  6.067100217610E-20 -4.028244734894E-03
  8.000000000000E+01  8.200000000000E+01  1.564868142666E+01  8.370532012750E-14 -4.058866581545E-02  2.458756268543E+02  2.400846805368E-01  3.466955190518E-01 -1.960700545141E-01 -2.929662860772E-04 -6.418047765994E-01  2.658781576897E+00  1.454890078760E-02 -6.594400622906E-02  5.139510544078E-02 -6.276409171865E-02  8.837842821504E-04 -5.492228371677E-06  3.379486000678E-06 -3.424031172697E-06  2.597365724954E-01  5.492228450533E-06 -4.900968105778E-03 -1.870604362669E-20  6.678792769271E-21  7.112234808279E-20 -3.832366137377E-03
  8.400000000000E+01  8.600000000000E+01  1.571241682241E+01  8.408396476196E-14 -4.179973611151E-02  2.478711657930E+02  2.394069730038E-01  3.442411972185E-01 -1.951583600158E-01 -3.299661805050E-04 -6.622798560212E-01  2.614160589193E+00  1.378008535562E-02 -6.375978841064E-02  4.997970305508E-02 -5.992685529761E-02  7.934011605248E-04 -2.515241466863E-06  3.560923355795E-06 -4.600767086054E-06  2.505555375074E-01  2.515241404277E-06 -4.797197786844E-03 -1.405787196025E-20 -1.794247458782E-21  6.244982849137E-20 -3.666550581058E-03
  8.800000000000E+01  9.000000000000E+01  1.577396538162E+01  8.625956766725E-14 -4.299457091823E-02  2.498062644206E+02  2.384990436253E-01  3.416699290864E-01 -1.942762808939E-01 -3.394404364514E-04 -6.824019514425E-01  2.572160806733E+00  1.317763048133E-02 -6.177562805731E-02  4.859799757622E-02 -5.737283531918E-02  7.825768765165E-04 -3.971085600640E-06  3.674417276116E-06 -4.002537725829E-06  2.411977539892E-01  3.971085637619E-06 -4.681658194987E-03 -8.653238026728E-21 -7.294493934518E-21  5.784972697150E-20 -3.503384398210E-03
  9.200000000000E+01  9.400000000000E+01  1.583302487897E+01  8.927752739197E-14 -4.414606875196E-02  2.516702681080E+02  2.374275513160E-01  3.392240252229E-01 -1.933389053965E-01 -3.646438182810E-04 -7.021202513746E-01  2.530806543576E+00  1.264829702344E-02 -6.003473118975E-02  4.738643416593E-02 -5.470301050794E-02  7.310524152188E-04 -3.067938564236E-06  3.496336302058E-06 -3.942294736707E-06  2.321682879325E-01  3.067938530807E-06 -4.824945937160E-03 -2.510058777371E-20 -4.341793385567E-21  7.421405051413E-20 -3.345383888888E-03
  9.600000000000E+01  9.800000000000E+01  1.589005399713E+01  9.048423436301E-14 -4.540958418226E-02  2.534767106912E+02  2.362585004359E-01  3.367631343587E-01 -1.924054305940E-01 -3.801570707099E-04 -7.240451234651E-01  2.490697694143E+00  1.204844020274E-02 -5.831913550762E-02  4.627069530482E-02 -5.235360672129E-02  7.982622343610E-04  3.689099611481E-07  3.484501890133E-06 -3.108517579688E-06  2.230942774237E-01 -3.689098900692E-07 -4.846414959394E-03 -2.031485048006E-20 -4.968602309345E-21  6.808687108651E-20 -3.193369402759E-03
  1.000000000000E+02  1.020000000000E+02  1.594457919110E+01  9.254101852223E-14 -4.656375032171E-02  2.552092521573E+02  2.350291710923E-01  3.342656157343E-01 -1.914641783858E-01 -3.806327766763E-04 -7.445220406592E-01  2.450744189451E+00  1.147440728065E-02 -5.663774495759E-02  4.516333767750E-02 -4.986135984893E-02  7.568778759117E-04 -3.555212836504E-07  3.473458468578E-06 -3.019415423823E-07  2.148247662287E-01  3.555212538478E-07 -4.416664556781E-03 -1.165167853816E-20 -2.545283143380E-22  6.253822578259E-20 -3.053987024819E-03
  1.040000000000E+02  1.060000000000E+02  1.599747021602E+01  9.503536281227E-14 -4.760235736855E-02  2.568952974137E+02  2.337734795457E-01  3.315703343134E-01 -1.905076009219E-01 -3.972762310213E-04 -7.633109769488E-01  2.414440865342E+00  1.109209409294E-02 -5.509720972279E-02  4.400511562973E-02 -4.788229191364E-02  7.203147822513E-04 -1.908268283214E-06  3.276544791671E-06  1.146089880157E-06  2.078599744108E-01  1.908268393300E-06 -4.121626762477E-03 -5.465810322999E-21  1.196208560848E-21  5.886948123940E-20 -2.928636412536E-03
  1.080000000000E+02  1.100000000000E+02  1.604850407550E+01  9.571249443570E-14 -4.861072423166E-02  2.585274185332E+02  2.324932225585E-01  3.288858834815E-01 -1.895430375215E-01 -4.064401526631E-04 -7.816221425785E-01  2.379843592960E+00  1.066352016167E-02 -5.369324198661E-02  4.302972182496E-02 -4.584232552232E-02  6.704955590309E-04 -3.961904584423E-07  3.092403331861E-06  1.583822300861E-06  2.010098925177E-01  3.961904598834E-07 -4.075236163870E-03 -1.688186742677E-20 -4.980372223229E-21  7.163952682696E-20 -2.807224888005E-03
  1.120000000000E+02  1.140000000000E+02  1.609797826030E+01  9.641196428632E-14 -4.963996411363E-02  2.601147822813E+02  2.312400473712E-01  3.260703189985E-01 -1.885691702705E-01 -4.247654336130E-04 -8.004024514331E-01  2.344727118909E+00  1.017252790454E-02 -5.226499968020E-02  4.209247177558E-02 -4.398760248265E-02  6.778174837745E-04  4.582782083679E-06  2.835566312058E-06  1.898688712358E-06  1.944501487676E-01 -4.582781983576E-06 -4.098151234237E-03 -3.620514533865E-21 -2.930434816810E-22  5.302627493377E-20 -2.689822712282E-03
  1.160000000000E+02  1.180000000000E+02  1.614573107311E+01  9.608580846305E-14 -5.066293796111E-02  2.616515583354E+02  2.300371411325E-01  3.229534265525E-01 -1.875735169216E-01 -4.321534071968E-04 -8.190844769916E-01  2.310412112501E+00  9.722763678861E-03 -5.078897391631E-02  4.106621023784E-02 -4.210446924076E-02  6.788724629051E-04  3.363771329732E-06  2.515089661317E-06  1.674709866670E-06  1.882117320446E-01 -3.363771385202E-06 -3.819329622302E-03 -2.997768832353E-20 -1.243975930661E-20  8.208557288595E-20 -2.581499714291E-03
  1.200000000000E+02  1.220000000000E+02  1.619208110537E+01  9.400828298320E-14 -5.154412440925E-02  2.631468377130E+02  2.288262024700E-01  3.195637818745E-01 -1.865701504973E-01 -4.440099813374E-04 -8.353723840440E-01  2.276952400797E+00  9.371905491319E-03 -4.938782175230E-02  4.001591626110E-02 -4.052823282566E-02  6.080543631198E-04  3.846683744570E-06  2.267277006699E-06  2.201606426055E-07  1.823416974901E-01 -3.846683676436E-06 -3.612763160031E-03 -1.921958273111E-20 -5.294180061505E-21  6.431238706498E-20 -2.484161923542E-03
  1.240000000000E+02  1.260000000000E+02  1.623690771938E+01  9.302657799536E-14 -5.246111613683E-02  2.645970965942E+02  2.275989998622E-01  3.160923448091E-01 -1.855875797771E-01 -4.496571225249E-04 -8.523700557415E-01  2.243298383538E+00  9.032713013994E-03 -4.807076364886E-02  3.903805063535E-02 -3.893986514860E-02  6.943473873035E-04  4.033080694767E-06  2.017378095000E-06  1.797166625131E-06  1.756968144521E-01 -4.033080809766E-06 -3.669684962379E-03 -6.989338851362E-21 -1.372957954956E-20  5.731271375911E-20 -2.381229851452E-03
  1.280000000000E+02  1.300000000000E+02  1.627993237026E+01  9.016650580832E-14 -5.336743625119E-02  2.659924091415E+02  2.263649174140E-01  3.126363502924E-01 -1.846009324972E-01 -4.555856311163E-04 -8.690199378726E-01  2.210412884538E+00  8.636479393141E-03 -4.676969488720E-02  3.813321549407E-02 -3.724708794199E-02  6.805729652594E-04  4.000466229423E-06  1.882380027864E-06  1.896261428434E-06  1.693649820237E-01 -4.000466110066E-06 -3.598796604846E-03 -1.286567626056E-20 -4.266555400549E-21  6.613694922439E-20 -2.286235644650E-03
  1.320000000000E+02  1.340000000000E+02  1.632158515303E+01  8.454855742751E-14 -5.424472535157E-02  2.673463849582E+02  2.251382481890E-01  3.094497041603E-01 -1.835856166031E-01 -4.662073382775E-04 -8.851883026901E-01  2.181640310537E+00  8.359930672279E-03 -4.560401967978E-02  3.724408900758E-02 -3.591145356694E-02  6.897289854607E-04  2.232462667349E-06  1.935564547158E-06  5.906663669134E-08  1.644312860877E-01 -2.232462856557E-06 -4.076347232005E-03 -4.379683643838E-21 -2.392139322318E-20  6.786435697678E-20 -2.204653800996E-03
  1.360000000000E+02  1.380000000000E+02  1.636214645814E+01  8.118498372120E-14 -5.539633854891E-02  2.686678439228E+02  2.239438509835E-01  3.066138755150E-01 -1.825739137932E-01 -4.729967533921E-04 -9.057370653035E-01  2.152655316067E+00  8.062706672139E-03 -4.445933191904E-02  3.639662524687E-02 -3.461614567509E-02  8.333344132874E-04 -6.555915877450E-07  1.822678424275E-06 -6.691098145612E-07  1.596345616269E-01  6.555917400013E-07 -5.134528221679E-03 -2.648335552519E-20 -3.442208120550E-21  7.135237158548E-20 -2.118390267891E-03
  1.400000000000E+02  1.420000000000E+02  1.640138966018E+01  7.682483689284E-14 -5.680699108896E-02  2.699494537895E+02  2.227849840357E-01  3.037553043924E-01 -1.815696600137E-01 -4.954833011092E-04 -9.305306469348E-01  2.123000230802E+00  7.676877868478E-03 -4.331617917003E-02  3.563930130127E-02 -3.316367947305E-02  8.846767237588E-04  1.077500521896E-06  1.759117791197E-06 -1.066682125062E-06  1.542782878893E-01 -1.077500747000E-06 -5.688895047171E-03 -6.952731815505E-21 -7.447950244116E-21  5.858953612492E-20 -2.028492224295E-03
  1.440000000000E+02  1.460000000000E+02  1.643926869255E+01  7.235113228295E-14 -5.823174861967E-02  2.711888204491E+02  2.216463371095E-01  3.008455646381E-01 -1.805609564450E-01 -5.028113394608E-04 -9.557907550551E-01  2.094596895561E+00  7.374640351547E-03 -4.228017957409E-02  3.490553922239E-02 -3.179937830856E-02  8.742549218476E-04  1.601661139588E-06  1.811616383077E-06 -1.328884697225E-06  1.494389566286E-01 -1.601661129235E-06 -5.791272843838E-03 -1.776649202590E-20 -9.828723611885E-21  7.497286416331E-20 -1.952545298632E-03
  1.480000000000E+02  1.500000000000E+02  1.647610555421E+01  7.270377153321E-14 -5.969487709111E-02  2.723962477457E+02  2.205153461713E-01  2.978644186310E-01 -1.795484111189E-01 -5.176609685879E-04 -9.815719349787E-01  2.068015696968E+00  7.186751187660E-03 -4.134510138847E-02  3.415835020108E-02 -3.068152423741E-02  9.836705141427E-04  1.258066526909E-06  1.790748920138E-06 -3.285064963204E-07  1.451297368932E-01 -1.258066597402E-06 -6.171512026078E-03 -1.532613543644E-20 -8.351534576067E-21  7.134705004238E-20 -1.881493416503E-03
  1.520000000000E+02  1.540000000000E+02  1.651182517299E+01  7.176480124136E-14 -6.131545204410E-02  2.735695347735E+02  2.193934471575E-01  2.950700476861E-01 -1.785224581144E-01 -5.230631403661E-04 -1.010061097405E+00  2.041472665342E+00  6.919886114744E-03 -4.038368780388E-02  3.346380168930E-02 -2.950677662705E-02  1.038811831229E-03 -3.534940194822E-07  1.901164411488E-06  1.712972302707E-06  1.399350303007E-01  3.534939850506E-07 -6.321728715341E-03 -2.425995308925E-20 -9.814887755741E-21  5.833987128417E-20 -1.806239387945E-03
  1.560000000000E+02  1.580000000000E+02  1.654606358726E+01  6.953545797610E-14 -6.285519387166E-02  2.746961703770E+02  2.182889937641E-01  2.926954215713E-01 -1.775159886368E-01 -5.227261904588E-04 -1.037376479026E+00  2.016087626993E+00  6.701610324586E-03 -3.951505800498E-02  3.281344768031E-02 -2.826047826123E-02  9.585832479741E-04  1.522997540561E-06  2.161852282617E-06  1.038410270435E-06  1.348559716600E-01 -1.522997602797E-06 -5.982796449463E-03 -5.553816739832E-21  3.723944244670E-21  6.668541733121E-20 -1.736379470301E-03
  1.600000000000E+02  1.620000000000E+02  1.657926204889E+01  7.129111660095E-14 -6.430956869318E-02  2.757902755702E+02  2.172285534240E-01  2.905386135703E-01 -1.764562435330E-01 -5.255904720997E-04 -1.063310116521E+00  1.992918898833E+00  6.446213135042E-03 -3.869015434153E-02  3.224394120652E-02 -2.729970924814E-02  9.197518866475E-04  9.024615729652E-07  2.385405736719E-06  1.713174848834E-06  1.303727387340E-01 -9.024615527436E-07 -5.447393455647E-03 -1.064451395150E-20 -1.661932907472E-21  6.697830845187E-20 -1.673723227118E-03
  1.640000000000E+02  1.660000000000E+02  1.661125728735E+01  7.227646808596E-14 -6.558809334349E-02  2.768467478583E+02  2.162209964214E-01  2.884834684827E-01 -1.754282143549E-01 -5.350746806838E-04 -1.086431408889E+00  1.969676330430E+00  6.216185072844E-03 -3.788940784474E-02  3.167322277242E-02 -2.625332315644E-02  8.292106728805E-04  6.995089362877E-07  2.623182524092E-06  2.746994658090E-06  1.264893270784E-01 -6.995089525159E-07 -4.774739503469E-03 -5.545979398410E-21 -4.251132182202E-21  6.672650956371E-20 -1.613376363257E-03
  1.680000000000E+02  1.700000000000E+02  1.664250671648E+01  7.112879209237E-14 -6.671024387329E-02  2.778800296407E+02  2.152614271044E-01  2.863747065801E-01 -1.743684489585E-01 -5.324706469595E-04 -1.107191301682E+00  1.946751098660E+00  6.006817938932E-03 -3.703887042713E-02  3.103205248819E-02 -2.539100053428E-02  7.599397551889E-04  6.440660167413E-07  2.970140386166E-06  3.182640051906E-06  1.234010710951E-01 -6.440660226487E-07 -4.418903012648E-03 -1.843814880745E-20 -7.733321122040E-21  6.293711950711E-20 -1.559625405129E-03
  1.720000000000E+02  1.740000000000E+02  1.667296142964E+01  7.298794854818E-14 -6.781555339119E-02  2.788886058862E+02  2.143287220609E-01  2.843997121473E-01 -1.733396073457E-01 -5.438865018002E-04 -1.127792485784E+00  1.925611843386E+00  5.826602878476E-03 -3.626892513420E-02  3.044232225569E-02 -2.453700376864E-02  6.758212887616E-04 -3.134678179376E-07  3.044563867762E-06  3.498382776662E-06  1.200914476484E-01  3.134677862476E-07 -4.181505347390E-03 -1.920347219015E-20 -2.502720846277E-21  5.496225673040E-20 -1.506738416327E-03
  1.760000000000E+02  1.780000000000E+02  1.670255509617E+01  7.374010032509E-14 -6.881893517350E-02  2.798700904481E+02  2.133943696149E-01  2.824468838720E-01 -1.722799144322E-01 -5.526823083278E-04 -1.146732497980E+00  1.902723873113E+00  5.575639502133E-03 -3.550646379180E-02  2.993082428967E-02 -2.364615295222E-02  5.887372886206E-04 -1.339746718274E-07  2.733574709730E-06  3.746838225684E-06  1.164776650164E-01  1.339746671218E-07 -4.257029540890E-03 -1.233517543266E-20 -1.048146106692E-20  5.464352927457E-20 -1.448858505703E-03
  1.800000000000E+02  1.820000000000E+02  1.673119893240E+01  7.178389935421E-14 -6.995806260194E-02  2.808215647594E+02  2.124593763676E-01  2.807986043901E-01 -1.712530164753E-01 -5.680154808664E-04 -1.168072556099E+00  1.881235239752E+00  5.371352762672E-03 -3.481979881574E-02  2.944844605293E-02 -2.272006796707E-02  6.112762823081E-04  4.016828548038E-08  2.384342867190E-06  3.210696420361E-06  1.132632090136E-01 -4.016833635920E-08 -4.649188621449E-03 -1.869408138959E-20 -3.737501599556E-21  6.424021688182E-20 -1.397286782833E-03
  1.840000000000E+02  1.860000000000E+02  1.675918496677E+01  7.257718207526E-14 -7.115434017463E-02  2.817523875705E+02  2.115491252184E-01  2.792078882054E-01 -1.701701124028E-01 -5.991177364242E-04 -1.190566579925E+00  1.860737300935E+00  5.191964292757E-03 -3.418076438205E-02  2.898880008919E-02 -2.200395749944E-02  6.300009894532E-04  1.605407523796E-06  2.067844576506E-06  2.800362945654E-06  1.099645602031E-01 -1.605407549409E-06 -4.707136532960E-03 -1.875561927782E-20 -9.928037021478E-21  6.687372945111E-20 -1.349265706131E-03
  1.880000000000E+02  1.900000000000E+02  1.678618360578E+01  7.362904593025E-14 -7.231799395972E-02  2.826519013792E+02  2.106975811003E-01  2.777433985010E-01 -1.691426009873E-01 -6.035363742168E-04 -1.212828137895E+00  1.840958540503E+00  5.029274830597E-03 -3.354799434628E-02  2.851871951577E-02 -2.119935154035E-02  6.206763386922E-04  1.723417830095E-06  1.724593114278E-06  2.576424211428E-06  1.059673702253E-01 -1.723417885280E-06 -4.591218275684E-03 -2.762823270911E-20 -1.274366819829E-20  5.912210599575E-20 -1.300796582062E-03
  1.920000000000E+02  1.940000000000E+02  1.681217213610E+01  7.189260222296E-14 -7.344998359420E-02  2.835188013241E+02  2.099175462038E-01  2.761601183843E-01 -1.680378920901E-01 -6.231118729354E-04 -1.234471860802E+00  1.818067693786E+00  4.801874212844E-03 -3.274949637120E-02  2.794762215819E-02 -2.041099007655E-02  6.036985021742E-04  4.040161314560E-07  1.482565051860E-06  2.509790867157E-06  1.028546308966E-01 -4.040161026454E-07 -4.582764744758E-03 -1.297328310738E-20 -1.654772398980E-20  6.286080033429E-20 -1.255287115566E-03
  1.960000000000E+02  1.980000000000E+02  1.683761186071E+01  7.143200607118E-14 -7.460230995276E-02  2.843686245231E+02  2.091771742808E-01  2.747793746404E-01 -1.670111246265E-01 -6.343061429313E-04 -1.256486435874E+00  1.800078821779E+00  4.670968640911E-03 -3.207360566424E-02  2.740263702323E-02 -1.976268666747E-02  5.362066964810E-04  1.149670649590E-06  1.373512423801E-06  2.296283924113E-06  1.011937312784E-01 -1.149670665901E-06 -4.496440686142E-03 -1.340078565472E-20  5.541396482250E-22  5.716018774372E-20 -1.218424721146E-03
  2.000000000000E+02  2.020600000000E+02  1.686276989400E+01  7.144915388502E-14 -7.569067058388E-02  2.852097423750E+02  2.083750548308E-01  2.733582282411E-01 -1.658855835938E-01 -6.579558689447E-04 -1.277477763816E+00  1.786156324210E+00  4.369356991555E-03 -3.107955861873E-02  2.671020162726E-02 -1.931711790407E-02  5.956263565369E-04  6.731535058802E-07  1.228334106204E-06  8.133463932887E-07  9.816383421429E-02 -6.731534392656E-07 -3.857498717508E-03 -3.589095497425E-20 -6.616390877210E-21  6.128488432890E-20 -1.196686800571E-03
  2.041200000000E+02  2.062418000000E+02  1.688816539076E+01  6.808972978182E-14 -7.658649368015E-02  2.860601010211E+02  2.075339078837E-01  2.718502438473E-01 -1.647514502858E-01 -6.740124600533E-04 -1.295327093286E+00  1.773617007623E+00  3.993751172074E-03 -3.007549423552E-02  2.608174306338E-02 -1.897722703748E-02  4.567214066693E-04 -4.553535612449E-07  1.092372735552E-06 -6.486878012455E-07  9.545531818551E-02  4.553534083492E-07 -2.859569441166E-03 -2.736222284955E-20 -1.134099582341E-20  5.721481316687E-20 -1.170494048647E-03
  2.083636000000E+02  2.105490540000E+02  1.691339578771E+01  6.335602752786E-14 -7.720774338852E-02  2.869056759575E+02  2.066349665899E-01  2.701445855914E-01 -1.635742624935E-01 -6.917824473905E-04 -1.308397928775E+00  1.758197586725E+00  3.577257028080E-03 -2.895598120105E-02  2.537872417285E-02 -1.845862285666E-02  3.400959985070E-04 -1.772180724890E-06  9.936614149889E-07 -1.355937266889E-06  9.280102816868E-02  1.772180901098E-06 -2.205745275780E-03 -5.206556818140E-21 -1.302838823706E-20  6.642413923236E-20 -1.141272673094E-03
  2.127345080000E+02  2.149855256200E+02  1.693886071208E+01  5.853201108837E-14 -7.779145542238E-02  2.877598367340E+02  2.057001740118E-01  2.684032189014E-01 -1.623755504174E-01 -7.184705837381E-04 -1.320881182350E+00  1.742531757412E+00  3.227553200430E-03 -2.779728701768E-02  2.456973381710E-02 -1.809758112606E-02  2.810104740745E-04 -2.874236631042E-06  7.716455033184E-07 -1.310418000968E-06  9.037744201512E-02  2.874236416113E-06 -1.728348211678E-03 -1.271954667449E-20 -1.213794229298E-20  6.018620791689E-20 -1.118046524518E-03
  2.172365432400E+02  2.195550913886E+02  1.696424920336E+01  5.565944815143E-14 -7.817994849735E-02  2.886125049977E+02  2.047616941120E-01  2.666730340976E-01 -1.611167456702E-01 -7.445456923952E-04 -1.330053902421E+00  1.727029687696E+00  2.850137981546E-03 -2.659350457426E-02  2.374336659268E-02 -1.766013249653E-02  1.889717227878E-04 -1.314133323085E-06  5.341808875982E-07 -1.331738610167E-06  8.734325611630E-02  1.314133357545E-06 -1.109462671330E-03 -2.353117580044E-20 -1.859106712070E-20  5.916759141142E-20 -1.087814716211E-03
  2.218736395372E+02  2.242617441303E+02  1.698947867937E+01  5.409026225331E-14 -7.843352275648E-02  2.894612422011E+02  2.038205614364E-01  2.644861637092E-01 -1.598360455756E-01 -7.660146837185E-04 -1.337078846460E+00  1.711274193589E+00  2.471509884721E-03 -2.535757952818E-02  2.288606964340E-02 -1.716683487498E-02  1.196422294989E-04  1.116629173548E-06  3.627801621321E-07 -1.768976382179E-06  8.392491851953E-02 -1.116629251348E-06 -3.793947679087E-04 -1.056087227014E-20 -2.099414445955E-20  4.768704280651E-20 -1.056166783585E-03
  2.266498487233E+02  2.291095964542E+02  1.701435114776E+01  5.107695321381E-14 -7.840311809246E-02  2.902986978488E+02  2.028484321988E-01  2.622722030603E-01 -1.585064272723E-01 -7.883372472577E-04 -1.339384756933E+00  1.696775162831E+00  2.144868339756E-03 -2.418563560213E-02  2.204076726249E-02 -1.666819185033E-02  9.966738203578E-06  1.675987034789E-06  2.946423204750E-07 -1.677705183014E-06  8.094838057737E-02 -1.675986996855E-06  3.626677434027E-04 -2.341949930741E-20  5.064720367590E-21  4.378317156583E-20 -1.032118162821E-03
  2.315693441850E+02  2.341028843478E+02  1.703926123296E+01  4.824359858723E-14 -7.820816283265E-02  2.911385937045E+02  2.018289940147E-01  2.598187922228E-01 -1.571457037209E-01 -8.197796282574E-04 -1.339003692101E+00  1.683088414826E+00  1.678693363165E-03 -2.292140121382E-02  2.124270785078E-02 -1.633607628874E-02 -1.017170530780E-04  1.339239170784E-06  4.387565379605E-07 -1.616454859424E-06  7.870912150981E-02 -1.339239216662E-06  9.481406461693E-04 -5.263262377034E-21 -1.014448086856E-20  4.158468237515E-20 -1.009434179502E-03
  2.366364245106E+02  2.392459708782E+02  1.706421391484E+01  4.659553428862E-14 -7.780441695054E-02  2.919806218802E+02  2.007329097079E-01  2.576744479593E-01 -1.557281559345E-01 -8.495228004586E-04 -1.334920282262E+00  1.669301925273E+00  1.225114956542E-03 -2.167492818095E-02  2.044981322451E-02 -1.594069874968E-02 -1.402160293075E-04  1.702105327040E-06  5.997881686279E-07 -1.469289562753E-06  7.633141668914E-02 -1.702105374998E-06  2.040386215817E-03 -1.814557643884E-20 -6.637976491176E-21  4.535526233015E-20 -9.825751023356E-04
  2.418555172459E+02  2.445433500046E+02  1.708906897110E+01  4.637725941851E-14 -7.687882125074E-02  2.928203281028E+02  1.995830536744E-01  2.557257266204E-01 -1.542869232311E-01 -8.829794804952E-04 -1.321324817308E+00  1.657185886168E+00  8.802446151849E-04 -2.052590360816E-02  1.964565899297E-02 -1.551086960893E-02 -2.368290035237E-04  1.988123297590E-06  6.701268426184E-07 -2.002291116739E-06  7.358902474542E-02 -1.988123313011E-06  3.267172694131E-03 -2.350357765455E-20 -1.045136965709E-20  3.740038277162E-20 -9.586392510256E-04
  2.472311827633E+02  2.499996505047E+02  1.711367187912E+01  4.647142682242E-14 -7.560879290739E-02  2.936520789184E+02  1.984187712982E-01  2.537687478936E-01 -1.527945026842E-01 -9.269387136544E-04 -1.301444091541E+00  1.644705531378E+00  4.554319644636E-04 -1.929557028481E-02  1.884013832027E-02 -1.515259960413E-02 -3.830291854612E-04  1.203282324406E-06  6.222173260951E-07 -2.953690306791E-06  7.090430907829E-02 -1.203282302643E-06  4.305642124484E-03 -2.409861938677E-20 -8.360025656016E-21  3.399676056737E-20 -9.343779058890E-04
  2.527681182462E+02  2.556196400198E+02  1.713815025327E+01  4.536982920432E-14 -7.390090710940E-02  2.944804047836E+02  1.972403690610E-01  2.513682464837E-01 -1.512524836396E-01 -9.497167344278E-04 -1.273992413903E+00  1.633428665128E+00 -5.643225645542E-06 -1.806989387780E-02  1.807553710340E-02 -1.476907656579E-02 -4.920042345923E-04  9.084358469296E-07  2.519434952149E-07 -3.085704289823E-06  6.836599940321E-02 -9.084358744324E-07  5.256590092327E-03 -2.718691292731E-20 -3.072021518779E-21  4.237873421806E-20 -9.135037384084E-04
  2.584711617935E+02  2.614082292204E+02  1.716240482237E+01  4.350409312306E-14 -7.186721756206E-02  2.953013458459E+02  1.960023432226E-01  2.488038327476E-01 -1.496385371295E-01 -1.004705404863E-03 -1.240704254654E+00  1.623653796698E+00 -4.482046383603E-04 -1.689029874163E-02  1.733850337996E-02 -1.445278407934E-02 -6.153577338753E-04  6.465265240329E-07 -4.029687071884E-07 -3.383922106261E-06  6.605745494392E-02 -6.465265210124E-07  5.876465825719E-03 -2.778059327626E-20 -4.003501844667E-21  3.665756109954E-20 -8.928694101043E-04
  2.643452966473E+02  2.673704760971E+02  1.718664086523E+01  4.236536161670E-14 -6.959483427187E-02  2.961223992509E+02  1.946789455780E-01  2.463521685996E-01 -1.480064860089E-01 -1.036519404134E-03 -1.203508157612E+00  1.614089245120E+00 -8.682148896931E-04 -1.567588132578E-02  1.654409621554E-02 -1.414753126093E-02 -6.712499327188E-04  1.237523704531E-06 -8.992278497689E-07 -3.701318090515E-06  6.462530703059E-02 -1.237523722625E-06  6.180367112381E-03 -2.375993967759E-20 -1.863352685112E-21  2.876173306414E-20 -8.764065882059E-04
  2.703956555468E+02  2.735115903800E+02  1.721127185040E+01  4.322095181030E-14 -6.719402268612E-02  2.969576628671E+02  1.932707712375E-01  2.437667054971E-01 -1.462987774070E-01 -1.088931054153E-03 -1.163792280997E+00  1.604298266522E+00 -1.211143704080E-03 -1.447987943747E-02  1.569102314137E-02 -1.389714555485E-02 -6.744473333409E-04  1.692824771295E-06 -8.088547324078E-07 -3.745018143866E-06  6.273964733185E-02 -1.692824733610E-06  6.242538994833E-03 -2.095483547615E-20 -2.976530538482E-21  1.156450355040E-20 -8.588827446397E-04
  2.766275252132E+02  2.798369380914E+02  1.723550771417E+01  4.519960960780E-14 -6.472625994685E-02  2.977810097395E+02  1.918144880240E-01  2.411838459749E-01 -1.445879833695E-01 -1.110857236891E-03 -1.122718244758E+00  1.596869413741E+00 -1.523260234215E-03 -1.325040860285E-02  1.477366883703E-02 -1.363199433267E-02 -7.647683238478E-04  1.540150136716E-06 -5.517436100353E-07 -3.022333302343E-06  6.115695647259E-02 -1.540150111073E-06  6.157450837596E-03 -3.016844583859E-20 -8.128745930004E-21  1.397012120331E-20 -8.478609476031E-04
  2.830463509696E+02  2.863520462341E+02  1.726033025932E+01  4.599325846392E-14 -6.224941812369E-02  2.986243819579E+02  1.903242855190E-01  2.388426828889E-01 -1.427879774400E-01 -1.153518755967E-03 -1.081228980590E+00  1.589606702858E+00 -1.920397305052E-03 -1.199182736111E-02  1.391222466613E-02 -1.348485060863E-02 -6.825553441808E-04  8.270384160621E-07 -5.412767704942E-07 -4.442016776736E-07  6.016400774632E-02 -8.270384172182E-07  5.833309275097E-03 -3.399081289377E-20  1.850259110886E-21  1.779237217211E-20 -8.357615858117E-04
  2.896577414987E+02  2.930626076211E+02  1.728522529098E+01  4.549800542829E-14 -5.989876860604E-02  2.994710030214E+02  1.887696105388E-01  2.368552427960E-01 -1.409749128314E-01 -1.169288162926E-03 -1.041987966542E+00  1.585052556150E+00 -2.310548614453E-03 -1.077871042868E-02  1.308925904287E-02 -1.327867633138E-02 -5.847991128448E-04  1.133539889825E-06 -4.093869931690E-07  1.713678616125E-06  5.877879076492E-02 -1.133539895485E-06  6.208182839021E-03 -2.036636754369E-20 -7.587559888443E-22  1.581578470635E-20 -8.254110940555E-04
  2.964674737436E+02  2.999744858498E+02  1.731037923528E+01  4.477100931019E-14 -5.696301706397E-02  3.003279077518E+02  1.871655632358E-01  2.349322666605E-01 -1.390997364654E-01 -1.195001783800E-03 -9.923722467403E-01  1.581754381321E+00 -2.660526655704E-03 -9.582284311478E-03  1.224281096707E-02 -1.312700740111E-02 -7.155713033044E-04  3.620661608268E-07 -1.325638257970E-07  1.314924784577E-06  5.721337429086E-02 -3.620661508276E-07  6.950890835545E-03 -3.522139010105E-20 -2.096221393320E-21  1.349583614992E-20 -8.127460790434E-04
  3.034814979559E+02  3.070937204253E+02  1.733540617611E+01  4.454194491180E-14 -5.380887959161E-02  3.011807299554E+02  1.855671715501E-01  2.330255730490E-01 -1.371614970811E-01 -1.185719127799E-03 -9.390767316072E-01  1.579740785843E+00 -3.012910612297E-03 -8.424133215948E-03  1.143704382808E-02 -1.286847277538E-02 -8.463738521151E-04  9.953946203078E-08  2.443716737770E-07  9.091148618131E-07  5.588820104825E-02 -9.953947596486E-08  7.597679789173E-03 -1.812773434668E-20 -1.829286555188E-21  6.458076750193E-21 -8.004263542266E-04
  3.107059428946E+02  3.144265320380E+02  1.736085591642E+01  4.407656966912E-14 -5.010425647396E-02  3.020490451232E+02  1.840060666918E-01  2.312641759068E-01 -1.351886747119E-01 -1.203133944143E-03 -8.760999240682E-01  1.578068890322E+00 -3.375105226072E-03 -7.210926968034E-03  1.058603219408E-02 -1.275687847108E-02 -9.271642981552E-04 -4.661210958247E-07  7.582154824051E-07  6.388026570746E-07  5.471652750566E-02  4.661211208924E-07  7.692237523248E-03 -3.632086376041E-20 -1.876918118444E-21  1.209126891232E-20 -7.901505508128E-04
  3.181471211814E+02  3.219793279992E+02  1.738629916886E+01  4.368490076695E-14 -4.665950548138E-02  3.029184803419E+02  1.824085403217E-01  2.291484445326E-01 -1.331522239964E-01 -1.170656300288E-03 -8.173923978190E-01  1.579942162640E+00 -3.710127506626E-03 -6.024724835577E-03  9.734852342040E-03 -1.251975400439E-02 -8.731917976657E-04 -4.786871730133E-07  1.345092626261E-06  1.667597529026E-06  5.349020126598E-02  4.786871923830E-07  7.862750787911E-03 -2.441167862087E-20 -2.293803418014E-21  7.310798795686E-21 -7.823245629690E-04
  3.258115348169E+02  3.297587078391E+02  1.741209768366E+01  4.407941933190E-14 -4.258073382282E-02  3.038015563774E+02  1.807149306568E-01  2.269582466416E-01 -1.310466101838E-01 -1.181010006240E-03 -7.477300871953E-01  1.579822961108E+00 -4.005040513424E-03 -4.841651367385E-03  8.846691880886E-03 -1.249231396745E-02 -1.028068047069E-03 -5.154572156440E-07  1.788452561620E-06  2.138683523855E-06  5.196674424035E-02  5.154571925507E-07  8.298047804283E-03 -1.371720761494E-20 -3.032199705445E-21 -2.940013848597E-21 -7.724121571484E-04
  3.337058808614E+02  3.377714690743E+02  1.743757588089E+01  4.409853173815E-14 -3.847628132870E-02  3.046758919177E+02  1.789414993840E-01  2.248806218259E-01 -1.289638228848E-01 -1.162540046327E-03 -6.775435124760E-01  1.584776334696E+00 -4.248938973896E-03 -3.721426312842E-03  7.970365286647E-03 -1.228363521667E-02 -1.044525173047E-03 -1.404611931028E-06  1.878027737701E-06  2.298776333686E-06  5.093228069271E-02  1.404611935471E-06  7.854202698819E-03 -1.577623397308E-20 -1.341437675754E-21  4.545254121251E-22 -7.739396114853E-04
  3.418370572872E+02  3.460246131465E+02  1.746386367914E+01  4.346339246263E-14 -3.460067332979E-02  3.055783655048E+02  1.771667639710E-01  2.232737502283E-01 -1.267348815237E-01 -1.150702882504E-03 -6.114088021594E-01  1.590934553676E+00 -4.564381494546E-03 -2.620721706688E-03  7.185103201211E-03 -1.246481376363E-02 -1.031939920966E-03 -1.802084069222E-06  1.650259783355E-06  1.900131306659E-06  4.989574391995E-02  1.802084071502E-06  6.948769661632E-03 -2.875657825650E-20  3.020444446319E-21 -7.140727785484E-21 -7.706919605426E-04
  3.502121690058E+02  3.545253515409E+02  1.748980716589E+01  4.260754057876E-14 -3.120313810734E-02  3.064702342945E+02  1.753607036280E-01  2.229016206061E-01 -1.245590882339E-01 -1.128823099137E-03 -5.537689547607E-01  1.596596846149E+00 -4.896079394677E-03 -1.441808996051E-03  6.337888390693E-03 -1.218211327185E-02 -9.074124271284E-04 -1.484185710008E-06  1.490511340878E-06  8.487477387216E-07  4.855653562632E-02  1.484185706220E-06  6.912782753903E-03 -3.428047318961E-20  3.923713820626E-22 -9.464633206703E-22 -7.589170154401E-04
  3.588385340760E+02  3.632811120872E+02  1.751622053430E+01  4.160872675415E-14 -2.714399145615E-02  3.073804202832E+02  1.734412909544E-01  2.224225378557E-01 -1.222477570145E-01 -1.084783669900E-03 -4.845796454109E-01  1.605143132874E+00 -5.197912785435E-03 -3.611452297941E-04  5.559058015387E-03 -1.207096041277E-02 -1.112371979074E-03  2.191779782751E-07  1.616383472257E-06  1.245171879258E-06  4.750431136210E-02 -2.191779749965E-07  7.499696485261E-03 -9.155371685816E-21 -1.001487110294E-21 -1.760406308805E-20 -7.500043701548E-04
  3.677236900983E+02  3.722995454498E+02  1.754256828762E+01  4.067697629105E-14 -2.286806317821E-02  3.082899882482E+02  1.715113095825E-01  2.221030908419E-01 -1.199418703562E-01 -9.901394070378E-04 -4.108490658059E-01  1.616227664145E+00 -5.524647119283E-03  7.625637222945E-04  4.762083396975E-03 -1.196485649415E-02 -1.147095765322E-03 -3.002622914944E-07  1.824265999674E-06  9.280257853179E-07  4.617107341357E-02  3.002622761108E-07  8.182887022558E-03 -1.694293098661E-20 -4.667374209723E-21 -1.279231253195E-20 -7.480989605043E-04
  3.768754008012E+02  3.815885318133E+02  1.756903737833E+01  4.057272349397E-14 -1.778222053976E-02  3.092055161798E+02  1.695444605237E-01  2.211855654120E-01 -1.176019063422E-01 -9.460234098429E-04 -3.225498729770E-01  1.625460212299E+00 -5.695765913035E-03  1.831909092650E-03  3.863856820358E-03 -1.194692573861E-02 -1.391696703504E-03  6.090727517894E-07  2.038839602053E-06  2.734170820182E-07  4.549468405681E-02 -6.090727509371E-07  8.061962339129E-03 -1.350683567387E-20  1.211722682385E-21 -1.946662605043E-20 -7.433606724244E-04
  3.863016628253E+02  3.911561877677E+02  1.759616786349E+01  4.192686826338E-14 -1.338178710891E-02  3.101453347113E+02  1.675309560849E-01  2.203267169562E-01 -1.151817796436E-01 -8.177317816794E-04 -2.452455088685E-01  1.641031159666E+00 -5.979904040026E-03  2.825841223929E-03  3.154062815814E-03 -1.186481017480E-02 -1.196635015192E-03 -1.446843032109E-06  1.837664005843E-06 -1.239876453859E-06  4.488034292553E-02  1.446843042403E-06  7.928244801857E-03 -6.370042761162E-21 -2.047943759471E-22 -1.169771940449E-20 -7.390255928208E-04
  3.960107127100E+02  4.010108734007E+02  1.762349998296E+01  4.294557812847E-14 -8.171729460446E-03  3.110941751649E+02  1.654878996714E-01  2.192977562270E-01 -1.127362048779E-01 -7.848245616984E-04 -1.540037442926E-01  1.654820417042E+00 -6.251673367175E-03  3.879463033909E-03  2.372210333256E-03 -1.182726169845E-02 -1.363304016485E-03 -3.128751458378E-07  1.185471971541E-06 -1.337859346651E-06  4.501808222492E-02  3.128751570565E-07  7.629192387524E-03  2.120243005294E-21 -6.467769414785E-21 -2.791630343647E-20 -7.497569821814E-04
  4.060110340913E+02  4.111611996027E+02  1.765244362781E+01  4.190747125858E-14 -3.838856413483E-03  3.121007584281E+02  1.633328225758E-01  2.181199050999E-01 -1.101931402833E-01 -6.449872920668E-04 -7.734855693643E-02  1.672118338938E+00 -6.498377894927E-03  4.951304880523E-03  1.547073014313E-03 -1.215901554766E-02 -1.128365915204E-03  1.427796655690E-06  9.033186060628E-07  1.572887075653E-07  4.526241343888E-02 -1.427796672082E-06  6.965092109817E-03 -4.463958639029E-21 -1.156050590631E-21 -1.921917930663E-20 -7.615749275147E-04
  4.163113651141E+02  4.216160355908E+02  1.768177888703E+01  4.007283201388E-14  8.099879856695E-04  3.131237162410E+02  1.611013108046E-01  2.158159812783E-01 -1.076580543565E-01 -5.722661446122E-04  4.648586255599E-03  1.688515568733E+00 -6.649938395415E-03  5.808305821724E-03  8.416325736432E-04 -1.214301072353E-02 -1.148523117992E-03  9.952766208832E-07  9.228381551629E-07  3.164400537009E-06  4.436739190017E-02 -9.952766165395E-07  6.321088832522E-03 -1.100481493285E-20 -4.681192426051E-21 -2.472013354967E-20 -7.530093983447E-04
  4.269207060675E+02  4.323845166585E+02  1.771128661214E+01  3.818454028945E-14  4.551611419540E-03  3.141539953398E+02  1.588114621019E-01  2.130697667054E-01 -1.050118120769E-01 -4.286022327805E-04  7.177640186625E-02  1.710000383722E+00 -6.889537203520E-03  6.706090423045E-03  1.834467803602E-04 -1.194824802649E-02 -1.009283535123E-03  1.315192707270E-06  5.860699737695E-07  3.979362489660E-06  4.271545513730E-02 -1.315192738002E-06  5.716845240820E-03 -6.537147317855E-21 -4.341818145065E-22 -2.720167526214E-20 -7.404396123891E-04
  4.378483272495E+02  4.434760521583E+02  1.774012808107E+01  3.541117330642E-14  8.622121242936E-03  3.151629833557E+02  1.564933696017E-01  2.116332347271E-01 -1.023583528121E-01 -2.952396884270E-04  1.432124921129E-01  1.729466025426E+00 -7.170573862641E-03  7.666868803146E-03 -4.962949403995E-04 -1.172686965685E-02 -1.038908330781E-03 -1.488655805453E-07 -1.028146028907E-07  3.833917374092E-06  4.097097329587E-02  1.488655807091E-07  6.282461454036E-03 -4.595326789775E-21  5.893394057295E-21 -3.246313479131E-20 -7.265670378864E-04
  4.491037770670E+02  4.549003337230E+02  1.776892187030E+01  3.227496483685E-14  1.339279659145E-02  3.161718106126E+02  1.543695635019E-01  2.086587006467E-01 -9.958024119213E-02 -1.484913131807E-04  2.283773618804E-01  1.750478490700E+00 -7.387058600511E-03  8.509201163524E-03 -1.122142562893E-03 -1.152666677621E-02 -1.119566040119E-03 -2.575396862599E-06 -6.963600630685E-07  2.359819179445E-06  3.932423049214E-02  2.575396819805E-06  5.352584947586E-03 -1.351914394477E-20  4.931479407366E-21 -4.578355756786E-20 -7.108344622304E-04
  4.606968903790E+02  4.666673437347E+02  1.779711366803E+01  3.059708483394E-14  1.636953909215E-02  3.171603298481E+02  1.523716340315E-01  2.065584272589E-01 -9.680816851381E-02  5.713279682193E-05  2.805036964205E-01  1.774799083033E+00 -7.485871661634E-03  9.285636685662E-03 -1.799765023982E-03 -1.131447559446E-02 -7.505289501686E-04 -1.845418828397E-06 -8.521486012201E-07  1.101008049573E-06  3.961007368215E-02  1.845418810849E-06  4.406803204330E-03 -1.751449215517E-20 -1.162911863188E-21 -3.377695991219E-20 -7.193673519753E-04
  4.726377970904E+02  4.787873640468E+02  1.782805414009E+01  3.142387424489E-14  1.995945124863E-02  3.182470622494E+02  1.502506028248E-01  2.048800187078E-01 -9.386970892620E-02  1.880127260646E-04  3.445717853289E-01  1.799516893482E+00 -7.686607841537E-03  1.009667323057E-02 -2.410065388990E-03 -1.166726459837E-02 -7.500845460409E-04 -1.075654627030E-06 -1.025072990385E-06  1.659506428823E-06  3.933724627685E-02  1.075654643533E-06  4.493769645616E-03 -5.703837060906E-21 -4.273721864548E-21 -3.674364879322E-20 -7.210181393829E-04
  4.849369310031E+02  4.912709849682E+02  1.785759670510E+01  3.275168021987E-14  2.327815791225E-02  3.192854120187E+02  1.480417693334E-01  2.027308082921E-01 -9.101951874125E-02  4.703532472878E-04  4.034668024999E-01  1.828723608894E+00 -7.820421531589E-03  1.091043493160E-02 -3.090013400022E-03 -1.142585317098E-02 -7.251607653427E-04 -7.668664476575E-07 -1.051467776599E-06  1.904118888440E-06  3.824683637861E-02  7.668664298449E-07  3.872252760237E-03 -1.151856073242E-20 -3.840480957711E-21 -3.739023447763E-20 -7.172771435800E-04
  4.976050389332E+02  5.041291145172E+02  1.788861913739E+01  3.415286264878E-14  2.609743853873E-02  3.203794291401E+02  1.456963623360E-01  2.006690828783E-01 -8.787970880124E-02  6.008700397605E-04  4.543575957920E-01  1.863316789233E+00 -7.929931871221E-03  1.168233733958E-02 -3.752405468264E-03 -1.158216886867E-02 -6.206484822191E-04  1.522304087901E-06 -7.897245940779E-07  3.640064507467E-07  3.852926237702E-02 -1.522304056647E-06  3.508726021535E-03 -1.005372795922E-20  3.410665308704E-22 -5.309284818040E-20 -7.306004803143E-04
  5.106531901012E+02  5.173729879527E+02  1.792042883203E+01  3.516791657511E-14  2.900548962967E-02  3.215030215102E+02  1.430769109241E-01  1.978850951932E-01 -8.491854745456E-02  9.567248219868E-04  5.072941589261E-01  1.893916019708E+00 -8.035368240298E-03  1.225771287214E-02 -4.222344631727E-03 -1.173842981502E-02 -7.249225891292E-04  1.269843395792E-06 -2.413620078835E-07  2.763507298831E-07  3.852417255334E-02 -1.269843395003E-06  4.110327752441E-03 -9.229096797853E-22 -1.224752379382E-20 -2.970948766855E-20 -7.369235942430E-04
  5.240927858042E+02  5.310141775913E+02  1.795332952181E+01  3.360402664321E-14  3.299897076613E-02  3.226673569421E+02  1.400794405072E-01  1.938551035119E-01 -8.180660623751E-02  1.114695441180E-03  5.810063508059E-01  1.924477827160E+00 -8.142621280505E-03  1.298512357690E-02 -4.842502296390E-03 -1.193020303919E-02 -8.753001316632E-04  1.393378376927E-06  1.848271196179E-07  8.938864894849E-07  3.900591917003E-02 -1.393378392372E-06  4.463411691887E-03 -1.061778498994E-20  9.235871438360E-21 -4.471538134732E-20 -7.515542999998E-04
  5.379355693784E+02  5.450646029190E+02  1.798793170946E+01  3.125774386143E-14  3.673300347460E-02  3.238950090644E+02  1.368302544671E-01  1.907923318805E-01 -7.869504688177E-02  1.317099799835E-03  6.483103529505E-01  1.955152121545E+00 -8.133272092881E-03  1.355076862331E-02 -5.417496530376E-03 -1.204602645075E-02 -9.065656645460E-04  1.230683780299E-06  2.635107765179E-07  8.950480518241E-07  3.866109500544E-02 -1.230683788333E-06  2.662091696516E-03  1.554484254801E-21 -4.104830736939E-21 -4.548080140273E-20 -7.492808907881E-04
  5.521936364597E+02  5.595365410066E+02  1.802224617558E+01  3.116127892470E-14  3.775293708718E-02  3.251151058916E+02  1.333622611556E-01  1.868775606079E-01 -7.558620865159E-02  1.476049568400E-03  6.690906070030E-01  1.988999450299E+00 -8.245054204471E-03  1.406469236471E-02 -5.819638160354E-03 -1.202193770892E-02 -2.267987621983E-04  5.708846989023E-07  1.614704664173E-07  1.371687221945E-06  3.855309186304E-02 -5.708847013169E-07  9.652628664006E-04  3.047647337260E-21 -5.308955821546E-21 -3.645526002643E-20 -7.604073959901E-04
  5.668794455535E+02  5.743794455535E+02  1.805870339285E+01  3.204997465339E-14  3.849368054874E-02  3.264136796904E+02  1.300440596497E-01  1.830904519767E-01 -7.240654692650E-02  1.682811859876E-03  6.835502675261E-01  2.010462539953E+00 -8.175086385481E-03  1.426441398900E-02 -6.089327603572E-03 -1.219085991386E-02 -2.230381146730E-04 -6.625925102920E-07 -7.357809873653E-08  2.953197911350E-06  3.809110425945E-02  6.625925086322E-07  1.067798971217E-03  3.834849452737E-21 -2.075490947616E-21 -5.121957007207E-20 -7.580558530044E-04
  5.818794455535E+02  5.893794455535E+02  1.809365684302E+01  3.200678170128E-14  3.974576222503E-02  3.276621009204E+02  1.269389371244E-01  1.800728570743E-01 -6.934233418651E-02  1.797587412266E-03  7.072111834760E-01  1.987228311011E+00 -8.021004739625E-03  1.382604344875E-02 -5.805038709220E-03 -1.184408220837E-02 -2.151138282907E-04 -2.250752739095E-06 -4.006018752984E-07  3.080166147907E-06  3.860824650751E-02  2.250752735503E-06  8.774976763295E-04  6.919553828596E-21 -7.180617872468E-21 -4.654933399558E-20 -7.358897583937E-04
  5.968794455535E+02  6.043794455535E+02  1.813108842770E+01  3.169177420492E-14  4.015140511740E-02  3.290047442728E+02  1.237724443952E-01  1.768596735747E-01 -6.635642121425E-02  2.037619164759E-03  7.158602036370E-01  1.963533949270E+00 -7.822337877704E-03  1.343294753042E-02 -5.610609652666E-03 -1.183052263546E-02  1.732272103231E-05 -4.996136278038E-07 -8.135270949975E-07  9.035471465124E-07  3.928116232425E-02  4.996136289302E-07  1.831963559965E-04  2.456456503967E-20 -7.011264864524E-21 -3.845570772340E-20 -7.327007876769E-04
  6.118794455535E+02  6.193794455535E+02  1.816731360245E+01  3.177527475804E-14  4.009364155822E-02  3.303081476159E+02  1.204363413869E-01  1.735030971802E-01 -6.342819649722E-02  2.071079557496E-03  7.157573444277E-01  1.934811271143E+00 -7.620528873939E-03  1.317251339894E-02 -5.551984525157E-03 -1.156162633840E-02  9.381504373068E-05 -7.918718223983E-07 -1.092360610751E-06 -4.008713108788E-08  3.888334782322E-02  7.918718132468E-07  5.105041811083E-04  1.657145078897E-20 -6.133536407221E-21 -2.886239261204E-20 -7.189409332282E-04
  6.268794455535E+02  6.343794455535E+02  1.820400292338E+01  3.113724845090E-14  4.110227649072E-02  3.316314669165E+02  1.170031750681E-01  1.698670577627E-01 -6.064873616730E-02  2.263304992207E-03  7.344209665309E-01  1.904668185171E+00 -7.446675661107E-03  1.290946538397E-02 -5.462789722836E-03 -1.142301473252E-02 -1.174904500321E-04 -1.009117776435E-06 -8.245917336615E-07 -7.003536145545E-07  3.844809636693E-02  1.009117786431E-06  2.201552217456E-04  3.006616926150E-20 -7.535253669693E-21 -3.592343279750E-20 -7.004027394807E-04
  6.418794455535E+02  6.493794455535E+02  1.823940645481E+01  2.913695189346E-14  4.051098488785E-02  3.329101813404E+02  1.135733480371E-01  1.634723455142E-01 -5.789583558585E-02  2.306156755273E-03  7.259472179601E-01  1.868353610018E+00 -7.358996092509E-03  1.254589439257E-02 -5.186898300025E-03 -1.086071136937E-02  7.102633524464E-05 -1.075048855626E-07 -3.119984339246E-07 -8.545913327026E-07  3.720915595510E-02  1.075048594945E-07 -2.391252552103E-05  1.610324619457E-20 -2.850140661221E-21 -4.950789493722E-20 -6.528182298745E-04
  6.568794455535E+02  6.643794455535E+02  1.827376963744E+01  2.771554239005E-14  4.106046070109E-02  3.341559617432E+02  1.103536196488E-01  1.589600049680E-01 -5.522633086192E-02  2.411465691394E-03  7.386101147141E-01  1.828704228228E+00 -7.238644703507E-03  1.209313327310E-02 -4.854488569563E-03 -9.996533690924E-03 -2.376437174507E-05  4.605556372594E-07 -6.472938815543E-07  1.184558904273E-07  3.424226894558E-02 -4.605556300256E-07 -6.397124791262E-04  2.300362089453E-20 -9.142985266481E-21 -4.475065292547E-20 -5.910682885940E-04
  6.718794455535E+02  6.793794455535E+02  1.830361146938E+01  2.770160244132E-14  3.930607275409E-02  3.352392156621E+02  1.072405504871E-01  1.524228406109E-01 -5.255655723875E-02  2.439536550673E-03  7.098329772807E-01  1.791318423038E+00 -7.032980355279E-03  1.153760222645E-02 -4.504621871110E-03 -8.856927278607E-03  3.777781996271E-04  1.166366634975E-06 -1.321992856500E-06 -2.107204740963E-07  3.073992960456E-02 -1.166366656677E-06 -6.647494045149E-04  1.353570367034E-20 -7.728673296984E-21 -3.839784900325E-20 -5.250637833745E-04
  6.868794455535E+02  6.943794455535E+02  1.833140477977E+01  2.732659982266E-14  3.981494140267E-02  3.362507337595E+02  1.040143200491E-01  1.473785600502E-01 -4.998037985122E-02  2.492339069395E-03  7.220120954243E-01  1.758173492089E+00 -6.792887416117E-03  1.101158766358E-02 -4.218700247397E-03 -8.009568120445E-03  7.713715329440E-05  1.274936828611E-06 -1.433568392697E-06 -7.549341463562E-07  2.882079570654E-02 -1.274936829490E-06 -1.180088222539E-04  1.805970096410E-20 -8.180342798327E-21 -3.987252787852E-20 -4.810664853430E-04
  7.018794455535E+02  7.093794455535E+02  1.835764821287E+01  2.621089405993E-14  3.909474016327E-02  3.372076635252E+02  1.006085206609E-01  1.422458505542E-01 -4.741123318186E-02  2.540129054968E-03  7.111383680527E-01  1.730102700313E+00 -6.647866040779E-03  1.080720536190E-02 -4.159339321140E-03 -7.474825964076E-03  7.236795305140E-05  1.603275049325E-06 -1.153659571638E-06  4.393781591605E-09  2.733678305887E-02 -1.603275059263E-06 -1.026472263317E-03  2.220986985621E-20 -5.090935280737E-21 -4.083796301347E-20 -4.548647303330E-04
  7.168794455535E+02  7.243794455535E+02  1.838266028784E+01  2.616595966229E-14  3.789361932674E-02  3.381222507215E+02  9.708736868145E-02  1.373660129782E-01 -4.490934305520E-02  2.618530128331E-03  6.914017442567E-01  1.702655095902E+00 -6.404263704161E-03  1.038590929261E-02 -3.981645588482E-03 -7.072930860554E-03  1.410118184920E-04 -9.412161090692E-07 -7.330677080174E-07  3.602489692196E-07  2.671458305201E-02  9.412161178270E-07 -9.046653627026E-04  1.062849086298E-20 -1.122818235879E-20 -4.768690276734E-20 -4.348083964598E-04
  7.318794455535E+02  7.393794455535E+02  1.840773755303E+01  2.556075425104E-14  3.739551159408E-02  3.390412827762E+02  9.354718247718E-02  1.315035862672E-01 -4.245683163234E-02  2.563505814303E-03  6.837368403353E-01  1.679878673386E+00 -6.323780309317E-03  1.006966960607E-02 -3.745889296847E-03 -6.796157656701E-03  5.781244578870E-05 -5.866677585260E-07 -3.831864269992E-07 -2.111379151826E-07  2.516964428502E-02  5.866677510810E-07 -8.273348659541E-05  1.129760455688E-20 -9.923935601254E-21 -3.370173832856E-20 -4.068665478099E-04
  7.468794455535E+02  7.543794455535E+02  1.842985321507E+01  2.326870019003E-14  3.774134914365E-02  3.398508797423E+02  8.994764937414E-02  1.275753557434E-01 -3.999822860510E-02  2.585649524567E-03  6.917870997812E-01  1.661993527444E+00 -5.947888287835E-03  9.750399723398E-03 -3.802511435609E-03 -6.228148093014E-03 -3.702705976084E-05 -8.004015141290E-07 -1.472191773737E-07 -9.996297441169E-07  2.392310799069E-02  8.004015117844E-07  1.021713570211E-04  1.260737742261E-20 -1.063082404331E-20 -3.059210665709E-20 -3.887646262098E-04
  7.618794455535E+02  7.693794455535E+02  1.845259125004E+01  2.113069311541E-14  3.758637789849E-02  3.406838444220E+02  8.648772881902E-02  1.232290724481E-01 -3.759015304842E-02  2.515143978692E-03  6.908370308798E-01  1.641653656405E+00 -5.692367809466E-03  9.451025954109E-03 -3.758658144630E-03 -6.297217211230E-03  4.336409054605E-05 -3.139764419791E-07  5.322169443917E-07 -2.695756559381E-07  2.482058030303E-02  3.139764419581E-07 -3.355116365251E-04  1.251995074708E-20 -7.328968160480E-21 -2.887100301459E-20 -3.972672775946E-04
  7.768794455535E+02  7.843794455535E+02  1.847639082738E+01  1.880680022883E-14  3.711191764200E-02  3.415573229886E+02  8.340807272466E-02  1.182527492952E-01 -3.507892763541E-02  2.480879824669E-03  6.832230411459E-01  1.611924950224E+00 -5.322304654815E-03  8.854006136332E-03 -3.531701481544E-03 -6.335505984064E-03  7.815765446327E-06  5.574179838524E-08  1.239424266536E-06  3.829784902414E-07  2.436618485196E-02 -5.574181066756E-08 -3.980247950811E-04  1.937848843763E-20 -9.846067537107E-21 -3.426126890106E-20 -3.830997669240E-04
  7.918794455535E+02  7.993794455535E+02  1.849827721562E+01  1.645320027501E-14  3.684514751192E-02  3.423624257185E+02  8.043599792736E-02  1.150025065397E-01 -3.277841017072E-02  2.341198562847E-03  6.795259340471E-01  1.579837522898E+00 -4.990812376621E-03  8.323249595662E-03 -3.332437219192E-03 -5.865235926637E-03  4.979291833953E-05  7.687157269578E-07  1.227956853688E-06  1.786162798541E-06  2.292017385304E-02 -7.687157262928E-07 -2.126317514754E-04  1.206186385794E-20 -1.373286935337E-20 -2.507249271252E-20 -3.539382066218E-04
  8.068794455535E+02  8.143794455535E+02  1.851936540625E+01  1.444611943090E-14  3.671788411200E-02  3.431388575556E+02  7.737234679074E-02  1.117490327861E-01 -3.025091875555E-02  2.232526544263E-03  6.784470127955E-01  1.559966138022E+00 -4.765669859251E-03  8.046465646100E-03 -3.280795786792E-03 -5.513011968609E-03  1.695274524646E-04  3.004869291666E-07  6.416465559228E-07  1.532134562518E-06  2.128088150128E-02 -3.004869537401E-07 -9.135893550162E-04  7.343940882637E-21 -6.134571737843E-21 -3.194788118654E-20 -3.307082973552E-04
  8.218794455535E+02  8.293794455535E+02  1.853818113658E+01  1.184715100906E-14  3.513567260492E-02  3.438309647911E+02  7.433361256952E-02  1.088309146204E-01 -2.791760443362E-02  1.960032007692E-03  6.509939823252E-01  1.541240523389E+00 -4.456542283262E-03  7.660598476458E-03 -3.204056193242E-03 -4.996004440276E-03  3.516050282635E-04  1.573572724639E-06  4.173936164871E-07 -2.541047934198E-07  1.953230616618E-02 -1.573572729911E-06 -1.451469062957E-03  1.223428669651E-20 -8.120792736527E-21 -2.907037367395E-20 -2.998342736023E-04
  8.368794455535E+02  8.443794455535E+02  1.855599308789E+01  9.950291820239E-15  3.399562039565E-02  3.444855398284E+02  7.115840850729E-02  1.059386289244E-01 -2.550921414949E-02  1.816039197233E-03  6.316438410247E-01  1.516580537639E+00 -4.214160337143E-03  7.287309428752E-03 -3.073149091648E-03 -4.676185314104E-03  2.387593882330E-04 -2.535428793244E-07  2.404117655571E-07  4.960195817022E-07  1.917239414114E-02  2.535428607478E-07 -1.654365745229E-03  4.580580620835E-21 -8.879621295694E-21 -2.456044884829E-20 -2.880717123143E-04
  8.518794455535E+02  8.593794455535E+02  1.857413278220E+01  9.462935209731E-15  3.203143700824E-02  3.451539067926E+02  6.773642088235E-02  1.027993373613E-01 -2.314585869613E-02  1.649270070344E-03  5.961580035051E-01  1.494077320313E+00 -4.031719316105E-03  7.071032895210E-03 -3.039313579156E-03 -4.473563857866E-03  3.069810768726E-04  2.200471468556E-07 -4.393177028657E-07  6.034981960533E-07  1.726781482202E-02 -2.200471475414E-07 -1.350816946874E-03 -1.837170171502E-21 -9.262513086109E-21 -3.254103709382E-20 -2.636813441586E-04
  8.668794455535E+02  8.743794455535E+02  1.858836766404E+01  9.368538569342E-15  3.146792528642E-02  3.456768456166E+02  6.408183972960E-02  9.948143683359E-02 -2.077462387732E-02  1.449493634317E-03  5.868718015857E-01  1.480912521029E+00 -3.660175890470E-03  6.829528184222E-03 -3.169352293652E-03 -3.980490721448E-03  1.848804641436E-04  1.405952257366E-07 -1.262835672370E-06  5.978820409073E-07  1.605550713849E-02 -1.405952346147E-07 -1.153223893577E-03  7.339274196482E-21 -5.717767439539E-21 -2.929251642881E-20 -2.485603924707E-04
  8.818794455535E+02  8.893794455535E+02  1.860423319216E+01  8.543207591014E-15  2.987924901991E-02  3.462607755288E+02  6.013414194171E-02  9.749970335783E-02 -1.843983756859E-02  1.385146137366E-03  5.580672822086E-01  1.464979990752E+00 -3.396767280463E-03  6.532726715453E-03 -3.135959434879E-03 -3.974463707457E-03  2.439927067171E-04 -4.641223182185E-07 -1.544890876569E-06  1.380115718946E-06  1.589707573448E-02  4.641223171806E-07 -6.817832603321E-04  2.891320307819E-21 -3.789457726037E-21 -3.021953276419E-20 -2.362838863626E-04
  8.968794455535E+02  9.043794455535E+02  1.861817450817E+01  7.612300619135E-15  3.019266824706E-02  3.467753453861E+02  5.573694449361E-02  9.564441939569E-02 -1.598623641302E-02  1.103166545729E-03  5.654509413481E-01  1.446119054659E+00 -3.191538048982E-03  6.203810383997E-03 -3.012272335145E-03 -3.546077811976E-03  5.418827337348E-05 -1.171073896631E-06 -1.198414530156E-06  2.425077123136E-06  1.490224966066E-02  1.171073880144E-06 -7.247145543808E-04 -1.610387529217E-21 -6.381307478901E-21 -2.360601687613E-20 -2.115473365399E-04
  9.118794455535E+02  9.193794455535E+02  1.863217124929E+01  7.432045936428E-15  2.851671114909E-02  3.472935227408E+02  5.050381713434E-02  9.480845281728E-02 -1.369005682449E-02  9.977610111810E-04  5.348813613650E-01  1.423671457779E+00 -2.644246535120E-03  5.756044806956E-03 -3.111798271848E-03 -3.247729785967E-03  3.411839371255E-04 -2.063844358561E-07 -2.448421855251E-07  1.898737679003E-06  1.365073927267E-02  2.063844418282E-07 -2.178587284519E-03 -2.048432291316E-21 -7.111494677270E-21 -2.872270388559E-20 -1.889233261878E-04
  9.268794455535E+02  9.343794455535E+02  1.864376518641E+01  7.384817222432E-15  2.610923134732E-02  3.477225148315E+02  4.439884913585E-02  9.487275677235E-02 -1.117443046888E-02  7.188224818248E-04  4.902260892458E-01  1.412684803118E+00 -2.553831316524E-03  5.661328108762E-03 -3.107496792272E-03 -2.866637665164E-03  3.709441166242E-04 -6.884071386856E-08  8.934278661947E-07  1.606640423582E-06  1.405583669603E-02  6.884070058493E-08 -3.400451561607E-03 -5.137930419288E-21 -4.111382581660E-21 -3.136297010526E-20 -1.863531902084E-04
  9.418794455535E+02  9.493794455535E+02  1.865852773425E+01  6.787181999872E-15  2.214681857952E-02  3.482718401017E+02  3.727211857351E-02  9.504913285866E-02 -8.732968123160E-03  5.240680844557E-04  4.160619510142E-01  1.409583149972E+00 -2.205449563241E-03  5.375648768307E-03 -3.170199205106E-03 -3.121504593438E-03  6.437960026166E-04 -3.632034200475E-07  1.027012013160E-06  3.216642143978E-07  1.653736740788E-02  3.632034243083E-07 -4.567352549492E-03 -6.718188191400E-21 -5.910952965686E-21 -2.374351635424E-20 -2.006387236161E-04
  9.568794455535E+02  9.643794455535E+02  1.867477758117E+01  5.402619432555E-15  1.754614534210E-02  3.488789092842E+02  2.861654275846E-02  9.857530682186E-02 -6.247191491859E-03  3.335307249331E-04  3.299644374059E-01  1.421394336658E+00 -2.062001308322E-03  5.341998201679E-03 -3.279996893349E-03 -3.322146991619E-03  8.453504177119E-04 -5.413240908744E-07  5.848671673518E-07  1.357028856936E-06  1.819345215208E-02  5.413240639403E-07 -6.236369033581E-03 -5.671981236994E-21 -4.825079930510E-21 -2.586674819294E-20 -2.209921303622E-04
  9.718794455535E+02  9.793794455535E+02  1.869264072525E+01  3.191755616316E-15  1.045002154969E-02  3.495516529637E+02  1.877693843390E-02  1.056768272129E-01 -3.600189103162E-03  1.110875135304E-04  1.989683147278E-01  1.548252266347E+00 -4.140411800830E-03  7.019052334998E-03 -2.878640534115E-03 -3.811783478005E-03  1.086853730670E-03 -7.767329238068E-07  4.176840758250E-07 -7.599154986696E-07  2.064594121384E-02  7.767329263851E-07 -6.657369902294E-03 -9.811899125417E-22 -1.138524439638E-21 -2.824047966161E-20 -2.761494600450E-04
  9.868794455535E+02  9.943794455535E+02  1.871348800131E+01  9.099408871070E-16  5.059403704617E-03  3.503520254717E+02  4.604444496418E-03  1.280362286961E-01 -1.079447304012E-03  5.096591323382E-05  9.839274529757E-02  1.472975959368E+00 -2.950149739087E-03  4.847099564145E-03 -1.896949825134E-03 -4.282033372698E-03  6.855377174302E-04  1.021345459056E-06  2.398933812140E-07 -8.935480848188E-07  1.111797377139E-02 -1.021345478428E-06 -2.873814285427E-03 -1.021865949132E-20  1.450850441240E-21 -1.918918838547E-20 -1.162623906145E-04
