                   y                  ym                   U                   V                   W                 U^2                 V^2                 W^2                  UV                  VW                  UW                VISC               SFSxx               SFSyy               SFSzz               SFSxy               SFSyz                dUdX                dVdX                dWdX                dUdY                dVdY                dWdY                dUdZ                dVdZ                dWdZ              SFSxym
 -4.000000000000E+00 -2.000000000000E+00  0.000000000000E+00  0.000000000000E+00  0.000000000000E+00  0.000000000000E+00  0.000000000000E+00  0.000000000000E+00  0.000000000000E+00  0.000000000000E+00  0.000000000000E+00  0.000000000000E+00  0.000000000000E+00  0.000000000000E+00  0.000000000000E+00  0.000000000000E+00  0.000000000000E+00  0.000000000000E+00  0.000000000000E+00  0.000000000000E+00  0.000000000000E+00  0.000000000000E+00  0.000000000000E+00  0.000000000000E+00  0.000000000000E+00  0.000000000000E+00  0.000000000000E+00
  2.220446049250E-16  2.000000000000E+00  1.139677796858E+01  6.404927839545E-15 -3.575922515822E-02  1.321118536486E+02  4.477950684308E-02  6.132774286903E-01 -1.318592530795E-01 -9.026785227302E-04 -4.096211164205E-01  6.780478750456E-01 -9.588215994158E-04  3.605654824577E-03 -2.646833225159E-03 -3.937126962702E+00  1.079369570922E-02 -6.534566818429E-04 -5.941703697501E-05  1.780728874235E-05  4.796783580846E+01  6.534566819942E-04 -1.415797214209E-01  2.738995486292E-20  1.389664463955E-22  3.211878824518E-21 -5.804815597991E-03
  4.000000000000E+00  6.000000000000E+00  1.258728117934E+01  1.731058594355E-14 -3.503910833478E-02  1.604432887494E+02  1.784689115563E-01  5.630213988163E-01 -2.461174326286E-01 -1.328545897442E-03 -4.412214811268E-01  4.835664595444E+00  1.489647402452E-01 -1.895464025823E-01  4.058166233427E-02 -7.419816441411E-01 -7.580772346241E-02  1.821947204321E-04 -9.272774771903E-05  7.723887032233E-07  3.195439157970E+00 -1.821947202981E-04  6.970419304427E-03  3.207045481115E-20 -5.615558730793E-21 -1.374980149076E-20 -5.514247913807E-02
  8.000000000000E+00  1.000000000000E+01  1.299427969809E+01  2.341964632207E-14 -3.228403678611E-02  1.705575587250E+02  2.114075400440E-01  5.127037969957E-01 -2.404416406793E-01 -1.423926883585E-03 -4.194807827160E-01  5.051669938390E+00  9.321707376871E-02 -2.468413157657E-01  1.536242419981E-01 -4.689486459411E-01 -7.639099421742E-03  1.337358230467E-04 -5.076963669250E-05  3.296061799706E-06  1.571060783832E+00 -1.337358229253E-04  1.081122601288E-02 -6.904733867028E-21 -9.219325043389E-22  1.377812261172E-20 -2.834935478423E-02
  1.200000000000E+01  1.400000000000E+01  1.337282571744E+01  2.445805918543E-14 -2.962197692433E-02  1.804925293889E+02  2.280417373499E-01  4.978672631039E-01 -2.565354933055E-01 -1.437459107599E-03 -3.964612013817E-01  4.974145528165E+00  8.813459481750E-02 -2.284323878446E-01  1.402977930299E-01 -4.392533538577E-01  2.280216658088E-03  8.049998513954E-05 -2.730984303741E-05  5.846371158858E-06  1.306842776940E+00 -8.049998493010E-05  9.399158684417E-03  4.200923695014E-21  4.202394986993E-21  4.457195155364E-20 -2.410598396113E-02
  1.600000000000E+01  1.800000000000E+01  1.364773403469E+01  2.160708471049E-14 -2.756066598001E-02  1.878472097317E+02  2.415011911051E-01  4.861752714860E-01 -2.553821612051E-01 -1.544236718034E-03 -3.767510912111E-01  4.683849306278E+00  7.299357999446E-02 -2.023866987030E-01  1.293931187085E-01 -3.246589604404E-01  2.570623929594E-03  5.603463310770E-05 -1.558201039031E-05  2.673118194934E-06  1.034432953237E+00 -5.603463318333E-05  7.956929525543E-03  3.921688314634E-21 -5.423190695478E-21  5.286493458423E-20 -1.886971279316E-02
  2.000000000000E+01  2.200000000000E+01  1.389003913760E+01  1.731645573167E-14 -2.564797326917E-02  1.944854357950E+02  2.529950579395E-01  4.800339994917E-01 -2.599669968956E-01 -1.539595001560E-03 -3.571216616800E-01  4.485069668184E+00  6.495108654372E-02 -1.834482015475E-01  1.184971150044E-01 -2.827982883508E-01  7.222712510460E-04  4.974242763316E-05 -9.089641925448E-06  2.969652261824E-06  8.845632406660E-01 -4.974242727972E-05  8.008955539073E-03 -9.153838761451E-21  1.656406452358E-21  6.831682573558E-20 -1.614263846766E-02
  2.400000000000E+01  2.600000000000E+01  1.409000437504E+01  1.289406681831E-14 -2.355463657328E-02  2.000456524920E+02  2.626969887269E-01  4.751674000291E-01 -2.596911024678E-01 -1.623912365870E-03 -3.327856611739E-01  4.279298791058E+00  5.659905573543E-02 -1.669813493526E-01  1.103822936172E-01 -2.337080266088E-01  1.087976469183E-04  3.493001103990E-05 -4.815918020033E-06  2.198334667098E-06  7.593889245173E-01 -3.493001117121E-05  8.035576105960E-03 -9.908850580297E-21  6.641602725214E-21  7.471361963533E-20 -1.373716952281E-02
  2.800000000000E+01  3.000000000000E+01  1.426971175036E+01  7.542410417292E-15 -2.162667776758E-02  2.051210773922E+02  2.705911880617E-01  4.718310990342E-01 -2.609862425645E-01 -1.591517228727E-03 -3.096843230429E-01  4.119247079985E+00  5.073285091672E-02 -1.542766870717E-01  1.035438361546E-01 -2.073935161647E-01 -5.725742572892E-04  1.699970002906E-05 -1.390039143701E-06 -3.848245193150E-06  6.737834951066E-01 -1.699970008423E-05  8.033880271994E-03 -2.115743107716E-21  2.693033766732E-21  6.111788494607E-20 -1.213452295401E-02
  3.200000000000E+01  3.400000000000E+01  1.442690572154E+01  1.752557815668E-15 -1.952855211749E-02  2.096125148380E+02  2.768415602443E-01  4.686430126165E-01 -2.606290954948E-01 -1.673727295776E-03 -2.829218740815E-01  3.968197264397E+00  4.582629820275E-02 -1.435786026069E-01  9.775230440399E-02 -1.812035007159E-01 -9.505594582203E-04  1.921925640260E-05  6.920405875738E-07 -6.332669721818E-06  6.014163053748E-01 -1.921925650368E-05  7.863056678984E-03  1.872127071334E-20  4.686097734568E-21  7.951458612786E-20 -1.075519129164E-02
  3.600000000000E+01  3.800000000000E+01  1.457043700406E+01  5.710191411690E-17 -1.770034611720E-02  2.137608343249E+02  2.816596272489E-01  4.652545244390E-01 -2.607392007596E-01 -1.694968161690E-03 -2.589696053354E-01  3.836646190474E+00  4.166004626801E-02 -1.345189646417E-01  9.285891837348E-02 -1.635413629286E-01 -9.458463635056E-04  1.572741256849E-05  1.583749896858E-06 -3.846281217266E-06  5.473797335257E-01 -1.572741241379E-05  6.331404968256E-03  1.042849115359E-20 -5.518753149614E-21  7.527400298843E-20 -9.714632459821E-03
  4.000000000000E+01  4.200000000000E+01  1.470060353141E+01  3.059886708161E-15 -1.638976079074E-02  2.175585537628E+02  2.852725280140E-01  4.614872302187E-01 -2.601646001654E-01 -1.760504107140E-03 -2.422365515051E-01  3.716305470604E+00  3.809285938806E-02 -1.265412289366E-01  8.844836954906E-02 -1.476122451267E-01 -7.234524126201E-04  6.713153597342E-06  2.323149885511E-06 -2.415777861325E-06  5.018788423106E-01 -6.713153472801E-06  4.884551570461E-03  5.954569081892E-21 -5.695245087698E-21  6.405588373667E-20 -8.849922100349E-03
  4.400000000000E+01  4.600000000000E+01  1.482139250732E+01  7.779165603784E-15 -1.526794335544E-02  2.211148672305E+02  2.879226253069E-01  4.575355262504E-01 -2.597137879968E-01 -1.800904837023E-03 -2.281707571776E-01  3.608122246842E+00  3.525921105433E-02 -1.194770892971E-01  8.421787824300E-02 -1.358218075053E-01 -6.842117048834E-04  5.346234011832E-06  2.949631676418E-06  2.320768495100E-06  4.652874114336E-01 -5.346233861300E-06  4.264585212355E-03  1.000344052186E-20 -1.164716278143E-21  7.355830145390E-20 -8.152353000606E-03
  4.800000000000E+01  5.000000000000E+01  1.493325273551E+01  7.760210190011E-15 -1.424109746190E-02  2.244335541954E+02  2.897086514960E-01  4.539903705824E-01 -2.589224574229E-01 -1.877932231498E-03 -2.148540865571E-01  3.509238655126E+00  3.276890576224E-02 -1.133845084125E-01  8.061560264988E-02 -1.251784447357E-01 -7.165422598525E-04 -9.771074436775E-08  3.259903315833E-06  2.755956852680E-06  4.339787613588E-01  9.771074986833E-08  4.264893327652E-03  1.003258138542E-20 -1.110335926146E-21  6.283459697709E-20 -7.551274275025E-03
  5.200000000000E+01  5.400000000000E+01  1.503837518385E+01 -9.633570886905E-16 -1.312000282528E-02  2.275755637229E+02  2.907578137145E-01  4.506519794974E-01 -2.582036993916E-01 -1.909164331023E-03 -1.998622683626E-01  3.422869015797E+00  3.073502389057E-02 -1.081862946699E-01  7.745127077991E-02 -1.166179320047E-01 -8.356928143625E-04  4.526326268294E-06  3.417520302796E-06  3.518210457041E-07  4.080702579719E-01 -4.526326258112E-06  5.084735709241E-03  1.729084521642E-20 -1.731334061806E-21  5.091093691930E-20 -7.048180024881E-03
  5.600000000000E+01  5.800000000000E+01  1.513728876630E+01 -8.993942942111E-15 -1.169150267588E-02  2.305529633843E+02  2.913118857106E-01  4.469839168454E-01 -2.573330790712E-01 -1.964648397317E-03 -1.803177935485E-01  3.341175167480E+00  2.869378601072E-02 -1.033814849833E-01  7.468769897227E-02 -1.088607059571E-01 -1.079145810488E-03  6.613326408597E-06  3.088339882022E-06  1.963897059473E-06  3.847291963551E-01 -6.613326313468E-06  5.656410206499E-03  2.075016675938E-21  1.952871998757E-21  7.384044092988E-20 -6.588596834558E-03
  6.000000000000E+01  6.200000000000E+01  1.523073497667E+01 -1.827765235893E-14 -1.028626934414E-02  2.333835418296E+02  2.915704333306E-01  4.433384872916E-01 -2.564629465963E-01 -2.018097416177E-03 -1.611233312307E-01  3.263240484866E+00  2.691602638950E-02 -9.888500908813E-02  7.196898269766E-02 -1.019220609740E-01 -9.783817302167E-04  1.946141175732E-06  2.824032057411E-06  3.626969581346E-06  3.641207335936E-01 -1.946141516241E-06  5.879035414203E-03 -1.025070501954E-20 -9.406880232269E-22  7.539038971445E-20 -6.170209784373E-03
  6.400000000000E+01  6.600000000000E+01  1.531933723999E+01 -2.938575251188E-14 -8.740928495148E-03  2.360833088357E+02  2.915732217768E-01  4.395928764639E-01 -2.554808495308E-01 -2.069991708231E-03 -1.394802930985E-01  3.190567023468E+00  2.523881790896E-02 -9.474862906490E-02  6.950981115595E-02 -9.564025989499E-02 -1.046294376257E-03  2.243930766628E-06  3.140466325135E-06  8.476445813810E-07  3.461648869831E-01 -2.243930260456E-06  5.835975210705E-03  2.816265037072E-20  7.295199069943E-22  5.817135049039E-20 -5.803751885133E-03
  6.800000000000E+01  7.000000000000E+01  1.540383008080E+01 -4.179572837276E-14 -7.352173692999E-03  2.386725655054E+02  2.913255724720E-01  4.356264918472E-01 -2.545652910298E-01 -2.139622407454E-03 -1.200878314888E-01  3.124454244915E+00  2.383081680865E-02 -9.101555005879E-02  6.718473325018E-02 -9.015833128489E-02 -9.439342614217E-04  5.408841601906E-06  2.941832816093E-06 -3.293723409608E-06  3.295976602776E-01 -5.408842281230E-06  5.066815094498E-03 -1.160953240914E-21 -1.231976938010E-20  4.950759063072E-20 -5.474173080387E-03
  7.200000000000E+01  7.400000000000E+01  1.548414960393E+01 -4.964191221719E-14 -6.201655730357E-03  2.411470816791E+02  2.908805398611E-01  4.316882862255E-01 -2.535749920955E-01 -2.188594282967E-03 -1.040531363659E-01  3.061142643444E+00  2.239932881751E-02 -8.757924317028E-02  6.517991435252E-02 -8.498437969139E-02 -7.852910265062E-04  4.010593693888E-07  2.046126499647E-06 -4.196914228054E-06  3.130786082789E-01 -4.010592035922E-07  4.403559298817E-03  9.421773999545E-21 -9.470261766946E-21  5.731624112956E-20 -5.160839230625E-03
  7.600000000000E+01  7.800000000000E+01  1.556036883377E+01 -4.889449489818E-14 -5.153854548435E-03  2.435073412373E+02  2.903214157331E-01  4.275924932380E-01 -2.525626581488E-01 -2.239652020154E-03 -8.925155562986E-02  2.999271566017E+00  2.093906424006E-02 -8.427736301270E-02  6.333829877281E-02 -8.011507749205E-02 -7.462155405349E-04  7.823360856123E-07  1.091548055435E-06 -2.738390586942E-06  2.980859352523E-01 -7.823362033847E-07  4.125633440275E-03  1.073149403525E-20  1.494298492531E-21  5.837351686492E-20 -4.869479934108E-03
  8.000000000000E+01  8.200000000000E+01  1.563319210048E+01 -4.713156875775E-14 -4.144903127632E-03  2.457725354767E+02  2.896868426398E-01  4.233836966005E-01 -2.515383623349E-01 -2.299246226536E-03 -7.448063412317E-02  2.940582304873E+00  1.971627939723E-02 -8.116028371172E-02  6.144400431415E-02 -7.574679868458E-02 -7.428725790508E-04  2.929711655393E-06  4.627886784746E-07 -2.258906449071E-06  2.849541014133E-01 -2.929711676511E-06  3.993590035920E-03  1.520937991816E-21 -2.919478816264E-21  5.987538092831E-20 -4.613808243038E-03
  8.400000000000E+01  8.600000000000E+01  1.570284755837E+01 -4.731046142955E-14 -3.165369459087E-03  2.479491856401E+02  2.889729376712E-01  4.189295819061E-01 -2.505075808982E-01 -2.373139837328E-03 -5.998964375986E-02  2.883183215353E+00  1.873708342016E-02 -7.820117034796E-02  5.946408692804E-02 -7.193850909806E-02 -7.116572884327E-04  4.512784934650E-06  3.138709048704E-07 -3.738933750071E-06  2.731273114482E-01 -4.512784888713E-06  3.347742944460E-03  1.475656855259E-20 -1.137953649341E-21  6.053213391206E-20 -4.383066036162E-03
  8.800000000000E+01  9.000000000000E+01  1.576976417228E+01 -5.229724834611E-14 -2.480978517956E-03  2.500488253662E+02  2.881621507816E-01  4.146186274721E-01 -2.494649105626E-01 -2.441954813486E-03 -5.028025088734E-02  2.828931941010E+00  1.778690466503E-02 -7.544794611183E-02  5.766104144703E-02 -6.836736749827E-02 -5.838544060285E-04  7.261216452106E-07  4.127872509612E-07 -3.645655659477E-06  2.620596918785E-01 -7.261216184972E-07  2.302638501441E-03  1.237707842004E-20 -5.365518883148E-21  5.195473913287E-20 -4.166349094579E-03
  9.200000000000E+01  9.400000000000E+01  1.583389369878E+01 -5.551820374955E-14 -2.019593405606E-03  2.520692335299E+02  2.872338049406E-01  4.105173069304E-01 -2.484059142968E-01 -2.512602569519E-03 -4.433965859891E-02  2.775885840026E+00  1.678194845573E-02 -7.281929790373E-02  5.603734944770E-02 -6.494395586697E-02 -3.276885151947E-04  1.138754748540E-06  3.345528270050E-07  4.286517534989E-07  2.506183446794E-01 -1.138754830377E-06  1.813257420517E-03  1.982448817488E-20 -4.647572973663E-21  6.244468525307E-20 -3.948613734060E-03
  9.600000000000E+01  9.800000000000E+01  1.589507520089E+01 -5.983649383270E-14 -1.573580869871E-03  2.540043688681E+02  2.862022247043E-01  4.066952662339E-01 -2.473808609997E-01 -2.581940543036E-03 -3.871876903755E-02  2.725872806997E+00  1.586974986439E-02 -7.039265838594E-02  5.452290852124E-02 -6.138177296045E-02 -2.596994766013E-04  4.310742750501E-07  4.055496572454E-07  1.372911041465E-06  2.397199834775E-01 -4.310743415333E-07  1.530752907574E-03  2.951265920194E-20 -3.550218653032E-22  4.614213603383E-20 -3.738124832131E-03
  1.000000000000E+02  1.020000000000E+02  1.595374565751E+01 -7.142767338246E-14 -1.255949020123E-03  2.558665080378E+02  2.851091565279E-01  4.032594799876E-01 -2.463141554428E-01 -2.650626307298E-03 -3.485267541121E-02  2.678407060097E+00  1.512325443929E-02 -6.827458151893E-02  5.315132707965E-02 -5.828386332058E-02 -1.306270857980E-04  4.450715767527E-06  9.508497268851E-07 -1.891590501241E-07  2.292803551224E-01 -4.450715779306E-06  1.389192827398E-03  3.315620933915E-20  9.092548250973E-22  5.799171822702E-20 -3.547188138872E-03
  1.040000000000E+02  1.060000000000E+02  1.600973017741E+01 -7.784562863390E-14 -8.842386551135E-04  2.576494982825E+02  2.839850407539E-01  3.997873463862E-01 -2.452904547939E-01 -2.707948545029E-03 -3.009358785508E-02  2.632282823846E+00  1.440307746740E-02 -6.622667962242E-02  5.182360215488E-02 -5.517576145858E-02 -5.574058605894E-05  3.482954180856E-06  1.274625538099E-06 -2.414807067120E-07  2.190764433539E-01 -3.482954346221E-06  1.999775457659E-03  3.311702030556E-20 -3.304753760574E-21  6.688523519810E-20 -3.359208046270E-03
  1.080000000000E+02  1.100000000000E+02  1.606330286659E+01 -7.576518008176E-14 -2.606318502053E-04  2.593601075835E+02  2.828511529332E-01  3.962903986571E-01 -2.442042534922E-01 -2.781166502263E-03 -2.122282763746E-02  2.588308021494E+00  1.379982434682E-02 -6.416920483649E-02  5.036938048945E-02 -5.241558255069E-02 -1.075917699144E-04 -1.758651829772E-06  1.270488331843E-06 -4.665464101202E-07  2.100140724512E-01  1.758651785913E-06  2.478613537065E-03  3.188870319300E-20  3.161348733467E-21  6.039945424053E-20 -3.200174890427E-03
  1.120000000000E+02  1.140000000000E+02  1.611473856150E+01 -7.596469792902E-14  3.541631660727E-04  2.610077207139E+02  2.817197279631E-01  3.927430030446E-01 -2.431391531237E-01 -2.834622069699E-03 -1.235879385527E-02  2.544288524720E+00  1.314504637164E-02 -6.218673922932E-02  4.904169285788E-02 -4.991667046651E-02 -1.249465792117E-04  2.386015923683E-06  1.132397435279E-06 -1.380885143360E-06  2.017536010607E-01 -2.386015991306E-06  2.254361114259E-03  3.193814844611E-20 -5.609553473797E-21  6.544624463234E-20 -3.041896184537E-03
  1.160000000000E+02  1.180000000000E+02  1.616417845085E+01 -7.527548553382E-14  8.716458180605E-04  2.625966130390E+02  2.805738676352E-01  3.892895406822E-01 -2.420593892391E-01 -2.900846885378E-03 -5.075340716975E-03  2.501876981587E+00  1.256979075716E-02 -6.030287086170E-02  4.773308010415E-02 -4.745770511035E-02 -1.556291840549E-04  3.010500057626E-06  7.676584142569E-07 -1.743714924647E-06  1.939449275298E-01 -3.010500083561E-06  1.184480516725E-03  4.197445719492E-20 -1.609583676314E-20  6.821692708691E-20 -2.897123790462E-03
  1.200000000000E+02  1.220000000000E+02  1.621171449906E+01 -7.299894882728E-14  9.522616853634E-04  2.641283736892E+02  2.793820524574E-01  3.861496986867E-01 -2.409783318721E-01 -2.973579703053E-03 -4.862034894933E-03  2.462010670749E+00  1.194340891916E-02 -5.853288505744E-02  4.658947613825E-02 -4.527679553231E-02 -4.296042444050E-05 -4.356676278327E-07  2.994401457744E-07 -2.640862876274E-07  1.861516788490E-01  4.356676524243E-07 -1.878512920913E-04  2.251168676750E-20 -3.312431477349E-21  4.878304305464E-20 -2.759114688937E-03
  1.240000000000E+02  1.260000000000E+02  1.625723720678E+01 -7.317311354639E-14  7.820664156513E-04  2.656002199884E+02  2.781402634717E-01  3.829744616943E-01 -2.399283519035E-01 -3.028512356591E-03 -8.592127504322E-03  2.424135456966E+00  1.145024696374E-02 -5.690790870907E-02  4.545766174553E-02 -4.304312194928E-02  7.327629006751E-05 -1.438712162884E-06  1.632469165589E-07 -8.327542054206E-07  1.788048338967E-01  1.438712212281E-06 -7.376154706753E-04  4.659151887881E-20 -1.234368101348E-20  6.646568034318E-20 -2.630365973062E-03
  1.280000000000E+02  1.300000000000E+02  1.630109476949E+01 -6.828522440781E-14  5.854858872467E-04  2.670215209163E+02  2.768754115384E-01  3.796108600311E-01 -2.388306224897E-01 -3.087914608428E-03 -1.248036633276E-02  2.387348061641E+00  1.097050038693E-02 -5.535465177338E-02  4.438415138679E-02 -4.111635532871E-02  1.304889374104E-04  2.182134897214E-06  4.709492107660E-07 -1.898844493767E-06  1.715785627707E-01 -2.182134731466E-06 -6.907911272866E-04  3.336183497544E-20 -1.639849499130E-21  5.025165663380E-20 -2.507542121387E-03
  1.320000000000E+02  1.340000000000E+02  1.634303883534E+01 -6.266847363672E-14  4.363356173324E-04  2.683843061684E+02  2.755875811514E-01  3.761419204546E-01 -2.377845742129E-01 -3.145672304749E-03 -1.522222364793E-02  2.351289781530E+00  1.049626749479E-02 -5.392891412503E-02  4.343264663057E-02 -3.910258476079E-02  1.862676492158E-04  1.490045314943E-06  3.450774507952E-07 -1.622656997961E-06  1.646619656634E-01 -1.490045477527E-06 -5.837164708973E-04  1.370397500812E-20 -1.271749544131E-20  6.676695355052E-20 -2.387228518861E-03
  1.360000000000E+02  1.380000000000E+02  1.638343071408E+01 -7.173286400639E-14  2.944271318175E-04  2.696992132826E+02  2.743148705254E-01  3.728431452711E-01 -2.367037523926E-01 -3.215305448217E-03 -1.760204811378E-02  2.316927741850E+00  9.982398720536E-03 -5.250966447549E-02  4.252726575541E-02 -3.728012026440E-02  2.088555354533E-04 -1.407735231910E-06 -2.110486756751E-07 -1.892397157119E-06  1.587592205473E-01  1.407735330003E-06 -8.470987517866E-04  3.254944428581E-20 -3.710299378906E-21  8.297397251001E-20 -2.277506951773E-03
  1.400000000000E+02  1.420000000000E+02  1.642239884640E+01 -8.653079251394E-14  1.363492035178E-05  2.709712219223E+02  2.730918709942E-01  3.694415311433E-01 -2.356448927934E-01 -3.271505508186E-03 -2.191916910072E-02  2.285614406718E+00  9.584018622643E-03 -5.126415016037E-02  4.168013153752E-02 -3.563590951536E-02  2.782032994190E-04  1.284671625309E-06 -4.388010391178E-07 -3.979694477359E-06  1.523320231097E-01 -1.284671926377E-06 -1.234535640954E-03  2.906676431205E-20  1.843802473829E-22  6.480073257917E-20 -2.172846296627E-03
  1.440000000000E+02  1.460000000000E+02  1.645958887860E+01 -9.231695023588E-14 -3.255718829685E-04  2.721878845965E+02  2.719228439357E-01  3.662495954299E-01 -2.345757591460E-01 -3.351407868512E-03 -2.717392756794E-02  2.254563841986E+00  9.233852169999E-03 -5.009191300938E-02  4.085806083891E-02 -3.389714503185E-02  3.531079227925E-04  1.161829214882E-06 -4.677291140065E-07 -3.557372446414E-06  1.460330114219E-01 -1.161829219367E-06 -1.552735793788E-03  4.786306831963E-20 -1.154087075706E-20  6.595299229825E-20 -2.073699963194E-03
  1.480000000000E+02  1.500000000000E+02  1.649541985266E+01 -9.558205803807E-14 -7.655517376145E-04  2.733619174206E+02  2.708253022658E-01  3.632979193492E-01 -2.335013570904E-01 -3.417147119230E-03 -3.398954560176E-02  2.225876501226E+00  8.935078940486E-03 -4.889198138038E-02  3.995690244013E-02 -3.245080782791E-02  4.513794505737E-04  2.049359306289E-06 -8.177891533178E-07 -3.689013991520E-07  1.413206268237E-01 -2.049359369189E-06 -2.051814873341E-03  3.632384299191E-20 -7.805373182902E-21  6.998386722560E-20 -1.984986302498E-03
  1.520000000000E+02  1.540000000000E+02  1.653024680934E+01 -9.679542916618E-14 -1.348882803084E-03  2.745058566854E+02  2.697917555073E-01  3.602498940986E-01 -2.324315699098E-01 -3.487757810489E-03 -4.295215172744E-02  2.197971733077E+00  8.653108108268E-03 -4.779368935411E-02  3.914058124544E-02 -3.108729935897E-02  5.201158939738E-04  2.512476161440E-06 -1.261425841415E-06 -7.661952833328E-07  1.366732411479E-01 -2.512476128158E-06 -2.742729094204E-03  3.023386432756E-20 -3.776066668063E-21  6.774668694334E-20 -1.902345751452E-03
  1.560000000000E+02  1.580000000000E+02  1.656375037584E+01 -9.315577458007E-14 -2.130588486174E-03  2.756081570184E+02  2.688163414907E-01  3.573022391319E-01 -2.313609657327E-01 -3.544657640904E-03 -5.526320109797E-02  2.172940221274E+00  8.342931679910E-03 -4.677838787852E-02  3.843545619868E-02 -2.980550725066E-02  5.182482593704E-04  2.130470869553E-06 -1.467896810798E-06 -2.084509335383E-06  1.315236205217E-01 -2.130470749096E-06 -3.133600977193E-03  6.062839643097E-20 -5.420264005923E-21  6.495829205140E-20 -1.828257212736E-03
  1.600000000000E+02  1.620000000000E+02  1.659601289649E+01 -9.053447907447E-14 -2.906924108515E-03  2.766716744577E+02  2.679127370006E-01  3.543683709852E-01 -2.302998844205E-01 -3.628642470406E-03 -6.732258089162E-02  2.147077439170E+00  8.018256105158E-03 -4.572955937034E-02  3.771130326509E-02 -2.867134970998E-02  5.506360477714E-04  6.649128422913E-07 -1.688735054352E-06 -2.746790473846E-06  1.266097926276E-01 -6.649128330116E-07 -3.183275318470E-03  3.707651531005E-20 -1.688679675703E-20  6.440661340857E-20 -1.754833533424E-03
  1.640000000000E+02  1.660000000000E+02  1.662706018854E+01 -8.440265435346E-14 -3.720528890224E-03  2.776973100477E+02  2.670818730366E-01  3.515286422346E-01 -2.292354018080E-01 -3.687173654720E-03 -7.983083449374E-02  2.120940441953E+00  7.640311985641E-03 -4.464083931793E-02  3.700052733224E-02 -2.746795728277E-02  5.391620034515E-04  9.352118847342E-07 -1.927119160318E-06 -2.425659403607E-06  1.217168021563E-01 -9.352118202317E-07 -3.260428893767E-03  3.473087802743E-20 -8.908234633429E-21  5.650446663000E-20 -1.681487509078E-03
  1.680000000000E+02  1.700000000000E+02  1.665686547727E+01 -7.440200871488E-14 -4.548880928324E-03  2.786835226352E+02  2.662944877443E-01  3.488380538374E-01 -2.281594507329E-01 -3.760682682643E-03 -9.264060050337E-02  2.095879061592E+00  7.374354051751E-03 -4.365303465218E-02  3.627868060063E-02 -2.634994739829E-02  5.563403139919E-04 -1.154987916577E-06 -1.991774357156E-06 -2.330954712123E-06  1.172907315951E-01  1.154988030412E-06 -3.292689455488E-03  6.165008417947E-20 -4.957853804117E-21  6.283426193504E-20 -1.614204078672E-03
  1.720000000000E+02  1.740000000000E+02  1.668569463181E+01 -6.848893269647E-14 -5.381192279980E-03  2.796391633481E+02  2.655292445844E-01  3.462644250731E-01 -2.270931429946E-01 -3.828207061459E-03 -1.056160066541E-01  2.072170749565E+00  7.181507375736E-03 -4.277901996025E-02  3.559751258435E-02 -2.533742979558E-02  5.082478585101E-04  1.354536098723E-06 -1.861446008526E-06 -2.739912818838E-06  1.130685957607E-01 -1.354535938600E-06 -3.079687980980E-03  3.346792285367E-20 -1.051370361033E-20  5.634402748573E-20 -1.553090576024E-03
  1.760000000000E+02  1.780000000000E+02  1.671339867879E+01 -6.240673631798E-14 -6.101281504024E-03  2.805591489606E+02  2.648116868670E-01  3.439407263615E-01 -2.260172473464E-01 -3.893584674247E-03 -1.166770331056E-01  2.049261524604E+00  6.967839200144E-03 -4.190526144520E-02  3.493742224491E-02 -2.436081918371E-02  4.601376346675E-04  2.901435991339E-06 -1.862290229350E-06 -9.551589989378E-07  1.093030385253E-01 -2.901435786289E-06 -2.878335033500E-03  5.796015750570E-20 -3.199940223759E-21  6.234791804846E-20 -1.494577750388E-03
  1.800000000000E+02  1.820000000000E+02  1.674034624549E+01 -5.198282458420E-14 -6.829123174641E-03  2.814553053931E+02  2.641613784725E-01  3.417683215965E-01 -2.249482812141E-01 -3.956998652494E-03 -1.278283597778E-01  2.027915025131E+00  6.705695804027E-03 -4.106473543299E-02  3.435903962911E-02 -2.346469596605E-02  4.316242167640E-04  1.427839212207E-07 -2.043645371000E-06 -9.252361597051E-08  1.064678456394E-01 -1.427838216384E-07 -2.842449825281E-03  4.935895515907E-20 -3.760563212774E-21  5.768758898308E-20 -1.441444184432E-03
  1.840000000000E+02  1.860000000000E+02  1.676662929584E+01 -4.144002307103E-14 -7.524365582155E-03  2.823304870735E+02  2.635943706286E-01  3.397091040058E-01 -2.238594213182E-01 -4.022335986374E-03 -1.385091584498E-01  2.007166575294E+00  6.486814427111E-03 -4.024903286296E-02  3.376221843577E-02 -2.267976323592E-02  4.074130378706E-04 -3.060425100701E-09 -2.129521991465E-06  6.956607568221E-07  1.037285510109E-01  3.060584570367E-09 -2.645597116071E-03  4.680998716107E-20 -1.398942874381E-20  5.751404920479E-20 -1.391705045989E-03
  1.880000000000E+02  1.900000000000E+02  1.679221357456E+01 -3.149333456058E-14 -8.149011964722E-03  2.831834064777E+02  2.630909196402E-01  3.377464358263E-01 -2.228014423614E-01 -4.081478269737E-03 -1.479024000923E-01  1.986017951349E+00  6.280988557046E-03 -3.945913928611E-02  3.317815072891E-02 -2.187412278582E-02  4.289631807958E-04  1.419064663216E-06 -2.187642129665E-06  1.416759167520E-06  1.010155141455E-01 -1.419064573751E-06 -2.204517854737E-03  2.593197861091E-20 -9.771681174478E-21  5.101228728065E-20 -1.345952231748E-03
  1.920000000000E+02  1.940000000000E+02  1.681714338958E+01 -2.196833737781E-14 -8.625196023774E-03  2.840150312421E+02  2.626170197486E-01  3.356022858219E-01 -2.216731845413E-01 -4.144749927430E-03 -1.547426229228E-01  1.963255772654E+00  6.065543590418E-03 -3.865308683798E-02  3.258754324753E-02 -2.116128524507E-02  3.448447141295E-04  2.497562809937E-06 -2.158705922789E-06  8.690691878033E-07  9.751448533770E-02 -2.497562834183E-06 -1.288011432725E-03  6.299040219823E-20 -1.957693079862E-20  7.327791194522E-20 -1.293039405429E-03
  1.960000000000E+02  1.980000000000E+02  1.684097990533E+01 -1.674913195695E-14 -8.795662025417E-03  2.848115075991E+02  2.621829331137E-01  3.340745973976E-01 -2.206611661313E-01 -4.203625964180E-03 -1.565360527254E-01  1.944698144104E+00  5.956404383412E-03 -3.800962161120E-02  3.205321722750E-02 -2.021804796195E-02  1.374368465968E-04  4.302132330820E-06 -1.978725386473E-06  3.098461644470E-06  9.465476273969E-02 -4.302132241314E-06 -2.031183223736E-04  5.159726454947E-20 -6.308279590163E-21  5.177887570869E-20 -1.242418523389E-03
  2.000000000000E+02  2.020600000000E+02  1.686448478874E+01 -1.212844740727E-14 -8.722014233241E-03  2.855970386692E+02  2.617013255078E-01  3.322268535009E-01 -2.195141085792E-01 -4.265964880322E-03 -1.542590186210E-01  1.927736510153E+00  5.472654842085E-03 -3.676061860204E-02  3.128796376003E-02 -1.965062575082E-02  1.532020583771E-04  2.728589581965E-06 -1.971742944911E-06  3.735444605943E-06  9.112760984971E-02 -2.728589513984E-06  5.647700143110E-04  7.461546978373E-20 -1.408139609714E-20  6.141595966169E-20 -1.213200229098E-03
  2.041200000000E+02  2.062418000000E+02  1.688792129338E+01 -2.933497267437E-15 -8.499536086684E-03  2.863817433598E+02  2.612299731459E-01  3.303403729321E-01 -2.183991047217E-01 -4.331763751894E-03 -1.497326419810E-01  1.913015367002E+00  4.995175438087E-03 -3.549657595374E-02  3.050140051556E-02 -1.912657432639E-02  8.791403303229E-05  1.940859197619E-06 -2.212556144713E-06  2.284951863211E-06  8.797364469382E-02 -1.940858926474E-06  8.880876739772E-04  6.629967886231E-20 -4.340374115774E-21  6.540812159685E-20 -1.177568978908E-03
  2.083636000000E+02  2.105490540000E+02  1.691115460916E+01  8.478857300871E-15 -8.252405627461E-03  2.871603800564E+02  2.607509855947E-01  3.283462704556E-01 -2.172222086572E-01 -4.411286208878E-03 -1.447291793152E-01  1.896779683990E+00  4.537050996462E-03 -3.416765131149E-02  2.963060031501E-02 -1.854973996897E-02  1.809063892786E-04  2.685181931728E-06 -2.470821556692E-06  2.760899346920E-06  8.493640044160E-02 -2.685181854015E-06  6.691702025663E-04  6.535215795231E-20 -3.883255703808E-21  4.862377406454E-20 -1.139644847580E-03
  2.127345080000E+02  2.149855256200E+02  1.693433138638E+01  2.440397966896E-14 -8.130800899268E-03  2.879380785000E+02  2.602718529545E-01  3.263998508045E-01 -2.160338966730E-01 -4.471397166368E-03 -1.418529292163E-01  1.880595556962E+00  4.033393261307E-03 -3.281532947249E-02  2.878193621094E-02 -1.791515855091E-02  2.417996769246E-04  1.711250269844E-06 -2.518497437682E-06  3.287796712739E-06  8.176417093037E-02 -1.711250028222E-06 -2.882752300325E-05  2.281878908532E-20 -2.804127635225E-20  5.019636588531E-20 -1.100285024591E-03
  2.172365432400E+02  2.195550913886E+02  1.695716573464E+01  3.897715523457E-14 -8.262278391009E-03  2.887045449675E+02  2.597832315649E-01  3.246125664789E-01 -2.147810154963E-01 -4.541938375232E-03 -1.432664693575E-01  1.865478219041E+00  3.533457130920E-03 -3.150718161551E-02  2.797372448454E-02 -1.729993374418E-02  2.566995630512E-04 -2.169767741890E-07 -2.319262030049E-06  4.133868668073E-06  7.909295385355E-02  2.169768223132E-07 -1.206459256145E-03  5.292736446829E-20  1.068565442656E-21  5.556181637738E-20 -1.070626826149E-03
  2.218736395372E+02  2.242617441303E+02  1.698016846257E+01  4.439838064254E-14 -8.830342737803E-03  2.894772028496E+02  2.593060050204E-01  3.228819731172E-01 -2.134980764170E-01 -4.617044416788E-03 -1.517981409222E-01  1.851968618419E+00  3.089821903027E-03 -3.018082893165E-02  2.709100702879E-02 -1.697139975928E-02  4.428633557178E-04 -1.276922697991E-06 -1.912348686842E-06  5.453020199293E-06  7.640090087444E-02  1.276922632137E-06 -2.113147022583E-03  5.177418385133E-20 -5.122011013924E-21  6.707647752460E-20 -1.043752511523E-03
  2.266498487233E+02  2.291095964542E+02  1.700277468233E+01  4.694490990965E-14 -9.530822239566E-03  2.902364625621E+02  2.588310652662E-01  3.210821527094E-01 -2.121946576509E-01 -4.682504492649E-03 -1.627557491569E-01  1.836681395377E+00  2.619178056002E-03 -2.878416314157E-02  2.616498508558E-02 -1.644400924786E-02  5.219641518463E-04  2.646665769215E-07 -1.325288157698E-06  6.171240434476E-06  7.306410176749E-02 -2.646665138982E-07 -2.620623032463E-03  8.123864694066E-20 -8.481146085970E-21  5.228208926468E-20 -1.008279936684E-03
  2.315693441850E+02  2.341028843478E+02  1.702510000354E+01  4.956401042988E-14 -1.044428164794E-02  2.909864304287E+02  2.583420429211E-01  3.193217430833E-01 -2.108692970434E-01 -4.765962316650E-03 -1.774454657515E-01  1.822723655289E+00  2.109949014878E-03 -2.740548722268E-02  2.529553820765E-02 -1.582825233401E-02  6.454911506379E-04 -6.556390349844E-07 -1.007618276543E-06  6.254322133077E-06  7.090427828567E-02  6.556390037487E-07 -2.707782273686E-03  5.012788249592E-20 -1.474084807376E-20  4.543756856481E-20 -9.782379163183E-04
  2.366364245106E+02  2.392459708782E+02  1.704768178613E+01  4.873805404760E-14 -1.123484488666E-02  2.917449200540E+02  2.578252462746E-01  3.173128137502E-01 -2.094648215733E-01 -4.826808224285E-03 -1.904686684051E-01  1.809863437459E+00  1.551808439974E-03 -2.598677316819E-02  2.443496472834E-02 -1.551653964340E-02  6.464231946620E-04 -2.557231259452E-06 -9.599873416461E-07  5.445949070387E-06  6.960029888638E-02  2.557231345558E-06 -2.555024961186E-03  7.574463473074E-20 -9.935813697135E-21  4.089910339205E-20 -9.608514286873E-04
  2.418555172459E+02  2.445433500046E+02  1.707049548960E+01  4.302502912322E-14 -1.209580284737E-02  2.925123642371E+02  2.572508131211E-01  3.150364270766E-01 -2.080262481667E-01 -4.889544773380E-03 -2.044326941765E-01  1.798147076689E+00  1.021130176566E-03 -2.460317312610E-02  2.358204294948E-02 -1.522372678458E-02  6.305011348022E-04  5.461248171443E-08 -8.889782283781E-07  4.200427688755E-06  6.752632750515E-02 -5.461259167805E-08 -2.416272720407E-03  5.956789122663E-20 -1.261245238521E-20  3.876148277690E-20 -9.367185791438E-04
  2.472311827633E+02  2.499996505047E+02  1.709304943718E+01  3.516009176154E-14 -1.285282394721E-02  2.932721482806E+02  2.565864167902E-01  3.125709974885E-01 -2.065467763001E-01 -4.939807261531E-03 -2.169029824420E-01  1.787124315526E+00  5.333758240504E-04 -2.318651301731E-02  2.265313719308E-02 -1.473997483207E-02  5.802907189523E-04 -2.362362463963E-07 -9.265816885044E-07  3.842030628466E-06  6.531674554767E-02  2.362361729113E-07 -2.665703354632E-03  6.749386393578E-20 -2.002216404198E-20  3.882266797319E-20 -9.106438044646E-04
  2.527681182462E+02  2.556196400198E+02  1.711569869175E+01  3.009248509015E-14 -1.393940846005E-02  2.940353140455E+02  2.558228360510E-01  3.100960412709E-01 -2.050208449885E-01 -4.992961145734E-03 -2.346800980743E-01  1.776850016567E+00  7.291184242859E-05 -2.181140205537E-02  2.173849021298E-02 -1.442634916669E-02  6.070789316721E-04 -1.417054753008E-06 -1.129485039519E-06  3.094047572972E-06  6.289567674943E-02  1.417054686718E-06 -3.007236387257E-03  6.067811729383E-20 -1.518023659460E-20  3.239846976054E-20 -8.894885457200E-04
  2.584711617935E+02  2.614082292204E+02  1.713788188528E+01  2.957207355872E-14 -1.499230448877E-02  2.947829764282E+02  2.550255474118E-01  3.074431820047E-01 -2.034299052071E-01 -5.060712574779E-03 -2.516966929607E-01  1.767120188871E+00 -3.333009499228E-04 -2.041517312941E-02  2.074847407937E-02 -1.401635298764E-02  6.514904599920E-04 -1.868970187873E-06 -1.492273392231E-06  1.807232965057E-06  5.980952684411E-02  1.868970189431E-06 -2.990693121605E-03  5.439680509041E-20 -2.164268351390E-20  3.863204864416E-20 -8.615300149174E-04
  2.643452966473E+02  2.673704760971E+02  1.715961636426E+01  3.078304061307E-14 -1.613477092742E-02  2.955156624193E+02  2.542602369983E-01  3.049913052037E-01 -2.017989486305E-01 -5.111464282337E-03 -2.703592961979E-01  1.758038722496E+00 -7.051496975024E-04 -1.902222897479E-02  1.972737867223E-02 -1.356943917353E-02  6.656396367493E-04 -2.155751090993E-06 -1.758579194090E-06  1.569313880140E-06  5.675916787984E-02  2.155751035862E-06 -3.029660121015E-03  7.136819645392E-20 -1.259781369556E-20  3.522671894954E-20 -8.330114808784E-04
  2.703956555468E+02  2.735115903800E+02  1.718081584552E+01  3.019555679353E-14 -1.728548610512E-02  2.962295406539E+02  2.535275820024E-01  3.028965500966E-01 -2.000971033437E-01 -5.158901632753E-03 -2.890994510166E-01  1.751781204492E+00 -1.162656178229E-03 -1.764733456739E-02  1.880999074549E-02 -1.310674543335E-02  6.298895700337E-04 -2.910808952408E-06 -1.802204889394E-06  1.277657346301E-06  5.365444451265E-02  2.910808860201E-06 -2.959562239960E-03  8.248813496845E-20 -1.285380442899E-20  2.435175249422E-20 -8.057853660401E-04
  2.766275252132E+02  2.798369380914E+02  1.720141516360E+01  2.856912135248E-14 -1.844125741109E-02  2.969239474922E+02  2.527794469952E-01  3.011290528958E-01 -1.983550512996E-01 -5.211710633609E-03 -3.081728825851E-01  1.745115057821E+00 -1.621001022766E-03 -1.621048128279E-02  1.783148230555E-02 -1.267004285595E-02  6.625232282434E-04 -2.775346875061E-06 -1.494743766740E-06  1.104944219896E-06  5.120358324985E-02  2.775346788147E-06 -2.595936744546E-03  7.355360830512E-20 -1.240174395178E-20  2.888986616174E-20 -7.863863945269E-04
  2.830463509696E+02  2.863520462341E+02  1.722190557629E+01  3.245785722081E-14 -1.937068665199E-02  2.976137585999E+02  2.519205395587E-01  2.990314064892E-01 -1.964985979169E-01 -5.252479136221E-03 -3.234344638248E-01  1.740148106886E+00 -2.041392577834E-03 -1.487421421072E-02  1.691560678884E-02 -1.246922993164E-02  5.904301258032E-04 -1.287004487510E-06 -8.533678293639E-07  2.135640852588E-06  4.895829361590E-02  1.287004540390E-06 -2.271424361570E-03  7.470223326399E-20 -1.582887056379E-20  3.065267023738E-20 -7.674139216050E-04
  2.896577414987E+02  2.930626076211E+02  1.724188782100E+01  4.135096974035E-14 -2.032419820964E-02  2.982872173725E+02  2.509799563617E-01  2.969165518643E-01 -1.946374979268E-01 -5.309801041103E-03 -3.394203915422E-01  1.737658080383E+00 -2.474036443320E-03 -1.343163723709E-02  1.590567368048E-02 -1.214324173468E-02  5.877051908865E-04 -1.050414088601E-06 -4.516087222284E-07  2.244865261677E-06  4.761546933378E-02  1.050414178037E-06 -2.475450591154E-03  6.770847477418E-20 -1.505170942704E-20  5.549975824493E-21 -7.574125245741E-04
  2.964674737436E+02  2.999744858498E+02  1.726243397076E+01  4.540930121071E-14 -2.149008231190E-02  2.989802664075E+02  2.499858964005E-01  2.947897749802E-01 -1.926469787414E-01 -5.328499341672E-03 -3.589935750718E-01  1.737323913036E+00 -2.973984309046E-03 -1.196178778391E-02  1.493577209283E-02 -1.208156333086E-02  6.302992716537E-04 -3.377764675344E-06 -2.038697043640E-07  1.458175229512E-06  4.668334996134E-02  3.377764795005E-06 -3.102865135733E-03  4.692068992846E-20 -2.245008667607E-20  2.161692309474E-20 -7.488180191195E-04
  3.034814979559E+02  3.070937204253E+02  1.728280079193E+01  4.192876991785E-14 -2.306093958563E-02  2.996668356239E+02  2.489310296845E-01  2.929644244050E-01 -1.906294654266E-01 -5.350116604767E-03 -3.863273062548E-01  1.740475049301E+00 -3.428052281924E-03 -1.053330655785E-02  1.396135883975E-02 -1.193366221430E-02  7.585993255852E-04 -2.949622649598E-06  9.683102895809E-08  9.395357685789E-07  4.557884389292E-02  2.949622641688E-06 -2.874280354884E-03  5.976539471895E-20 -1.456517129984E-20  1.605841489995E-20 -7.491882094283E-04
  3.107059428946E+02  3.144265320380E+02  1.730358169821E+01  3.310472920821E-14 -2.410292801810E-02  3.003679985544E+02  2.478122560637E-01  2.908049433950E-01 -1.884889216867E-01 -5.361281039859E-03 -4.051148924545E-01  1.743813762695E+00 -3.822392528776E-03 -9.148184787467E-03  1.297057731640E-02 -1.201412989409E-02  6.962783006077E-04 -1.083213146374E-06  1.278531708753E-07  6.449353528653E-07  4.489161681810E-02  1.083213099181E-06 -2.299881851891E-03  7.503773248552E-20 -1.792125629027E-20  1.143740650148E-20 -7.476694735621E-04
  3.181471211814E+02  3.219793279992E+02  1.732454727416E+01  1.958545742398E-14 -2.521136355449E-02  3.010769897891E+02  2.466663173213E-01  2.889224490754E-01 -1.863700518113E-01 -5.371225665779E-03 -4.257346944696E-01  1.748076514837E+00 -4.277293249862E-03 -7.736320329494E-03  1.201361357929E-02 -1.192659551021E-02  7.049769504485E-04  7.227267765864E-07 -7.061344008419E-08  8.604291721856E-07  4.344488073364E-02 -7.227268871765E-07 -2.534161653094E-03  5.961369196171E-20 -9.917829311644E-21  8.331580628531E-21 -7.408350601218E-04
  3.258115348169E+02  3.297587078391E+02  1.734520411904E+01  9.967638910438E-15 -2.653437198956E-02  3.017749506270E+02  2.454769375898E-01  2.870031540943E-01 -1.840984274978E-01 -5.354998233818E-03 -4.493803010829E-01  1.752766669831E+00 -4.690079671542E-03 -6.348691900483E-03  1.103877157193E-02 -1.174925069175E-02  6.903252371865E-04  1.893233057631E-06 -2.666934897561E-07  5.885314311956E-07  4.209560018754E-02 -1.893232980172E-06 -3.291128723324E-03  6.414494584531E-20 -1.645624316757E-20  8.194625596983E-22 -7.279422568233E-04
  3.337058808614E+02  3.377714690743E+02  1.736610185559E+01  2.324394799899E-15 -2.846061634301E-02  3.024814335957E+02  2.441973910732E-01  2.852765609480E-01 -1.818040750460E-01 -5.355644553442E-03 -4.837620108572E-01  1.762854939181E+00 -5.099261268771E-03 -5.000445790388E-03  1.009970705898E-02 -1.161611282176E-02  7.773199847576E-04  2.084289141086E-06 -9.992745396978E-07  3.264350391369E-07  4.185032964915E-02 -2.084289211934E-06 -4.164781850090E-03  7.076237100545E-20 -9.160169736397E-21 -6.490459133753E-21 -7.299652328804E-04
  3.418370572872E+02  3.460246131465E+02  1.738775345280E+01 -9.248669466273E-15 -3.077055228659E-02  3.032133974973E+02  2.427763739038E-01  2.832394722598E-01 -1.793813773861E-01 -5.252867832567E-03 -5.254155093000E-01  1.771740030901E+00 -5.502462619948E-03 -3.594036814183E-03  9.096499434389E-03 -1.170875523090E-02  8.864907496682E-04  1.429839262673E-06 -2.087716165107E-06  2.006898788427E-06  4.179854701188E-02 -1.429839260645E-06 -4.676151476925E-03  5.217732012426E-20 -1.669089161745E-20 -3.301349425570E-21 -7.293265603336E-04
  3.502121690058E+02  3.545253515409E+02  1.740986458640E+01 -1.919368418542E-14 -3.335975942601E-02  3.039628013710E+02  2.411233052196E-01  2.812833502004E-01 -1.769604583259E-01 -5.235664077680E-03 -5.719246268215E-01  1.782906300806E+00 -5.900602166431E-03 -2.203649371010E-03  8.104251537429E-03 -1.166313095930E-02  1.026068902648E-03  6.205329339312E-07 -2.864594107564E-06  3.837771742348E-06  4.105987282333E-02 -6.205329954290E-07 -4.856784124377E-03  6.534407533889E-20 -1.433667548310E-20 -1.464372901048E-20 -7.310748913929E-04
  3.588385340760E+02  3.632811120872E+02  1.743203217776E+01 -2.507814536185E-14 -3.601142273864E-02  3.047146056514E+02  2.391845492415E-01  2.793723461594E-01 -1.743085931836E-01 -5.082249791322E-03 -6.193127504966E-01  1.795979086944E+00 -6.303757437986E-03 -7.773340556381E-04  7.081091493404E-03 -1.169681052992E-02  1.033740184946E-03  6.060539273518E-07 -3.360011562185E-06  4.874367934519E-06  4.105927128459E-02 -6.060538576433E-07 -5.272235956872E-03  5.530794895906E-20 -1.463693988594E-20 -1.474412718302E-20 -7.358005726290E-04
  3.677236900983E+02  3.722995454498E+02  1.745546318011E+01 -2.789272480520E-14 -3.922476236983E-02  3.055122771799E+02  2.369377940582E-01  2.780620366310E-01 -1.717272462884E-01 -4.981530010634E-03 -6.767535037497E-01  1.812327687700E+00 -6.698513511143E-03  6.498406311712E-04  6.048672879789E-03 -1.193692660967E-02  1.157473468606E-03  1.137027663839E-07 -3.645580291528E-06  4.721102816880E-06  4.219644759708E-02 -1.137027827782E-07 -4.929167187411E-03  5.063193677261E-20 -1.543260053302E-20 -1.583115773834E-20 -7.618038482211E-04
  3.768754008012E+02  3.815885318133E+02  1.748029119948E+01 -3.110563036891E-14 -4.165262859478E-02  3.063597830638E+02  2.344042972486E-01  2.768887515286E-01 -1.688954854116E-01 -4.838152495003E-03 -7.205312570503E-01  1.824873162370E+00 -7.060663162944E-03  2.093985150001E-03  4.966678012790E-03 -1.239206952610E-02  9.916632920180E-04  1.091151927220E-07 -3.732787258815E-06  4.140049868070E-06  4.263203917273E-02 -1.091151515753E-07 -4.532751450841E-03  4.626242626662E-20 -9.233083938584E-21 -2.396274549921E-20 -7.837347169548E-04
  3.863016628253E+02  3.911561877677E+02  1.750568773060E+01 -3.460791686503E-14 -4.455210961747E-02  3.072294462134E+02  2.316127692012E-01  2.753061606592E-01 -1.661697711099E-01 -4.721739819166E-03 -7.732139833776E-01  1.843960024659E+00 -7.390458267435E-03  3.424297324209E-03  3.966160943112E-03 -1.268290042001E-02  1.044341561362E-03 -6.698180058791E-07 -3.664083713139E-06  2.135942389479E-06  4.285216810962E-02  6.698180222933E-07 -3.924392390598E-03  7.371426420600E-20 -1.386084751011E-20 -2.415002541974E-20 -8.022944846776E-04
  3.960107127100E+02  4.010108734007E+02  1.753229106462E+01 -3.706217862991E-14 -4.639620581884E-02  3.081430111727E+02  2.285984692464E-01  2.738574940254E-01 -1.631562204653E-01 -4.520394802006E-03 -8.079053379052E-01  1.866368427886E+00 -7.641045878639E-03  4.712521528113E-03  2.928524350584E-03 -1.307414073793E-02  6.767070075557E-04 -1.826642546743E-06 -3.696091143834E-06  1.026895732967E-06  4.395092315447E-02  1.826642603869E-06 -2.988021462176E-03  3.505820673732E-20 -1.592691551990E-20 -2.576017020342E-20 -8.294213201813E-04
  4.060110340913E+02  4.111611996027E+02  1.756062940811E+01 -4.176642950764E-14 -4.827979723845E-02  3.091208196594E+02  2.253653448378E-01  2.727711633303E-01 -1.602213014574E-01 -4.355347642035E-03 -8.431112095188E-01  1.884952485814E+00 -7.913740320139E-03  5.920366933055E-03  1.993373386913E-03 -1.336725463897E-02  7.265220252025E-04 -1.550533934748E-06 -3.535880990511E-06 -6.344715144841E-08  4.385452717940E-02  1.550533866841E-06 -2.476923019808E-03  3.109693083190E-20 -1.497905791410E-20 -3.195957309584E-20 -8.336061035607E-04
  4.163113651141E+02  4.216160355908E+02  1.758877147157E+01 -4.795834685686E-14 -4.959602884137E-02  3.100917466683E+02  2.219620495256E-01  2.714694937552E-01 -1.571118881856E-01 -4.155430647652E-03 -8.676464345179E-01  1.905827530166E+00 -8.286254093436E-03  7.220489520470E-03  1.065764572954E-03 -1.327693278588E-02  5.928125662285E-04 -3.197139163519E-07 -3.450711370367E-06 -3.678393113831E-08  4.327940415639E-02  3.197138359938E-07 -7.626463935434E-04  4.479045868577E-20 -8.596571530165E-21 -2.681303041714E-20 -8.328355296162E-04
  4.269207060675E+02  4.323845166585E+02  1.761801843996E+01 -4.972652592067E-14 -4.930817021311E-02  3.111027554593E+02  2.183660023210E-01  2.706378348478E-01 -1.538934648653E-01 -3.934014475309E-03 -8.647755069155E-01  1.934361781474E+00 -8.625007263255E-03  8.552347035008E-03  7.266022836107E-05 -1.347596987512E-02  2.273257522666E-04  4.478366341984E-07 -3.637188361542E-06  1.140356588357E-06  4.365743446724E-02 -4.478366249190E-07  1.272644445528E-03  3.331365919285E-20 -1.556702520530E-20 -2.578504386371E-20 -8.547494057594E-04
  4.378483272495E+02  4.434760521583E+02  1.764837590102E+01 -4.867679241453E-14 -4.786727275651E-02  3.121547463525E+02  2.147099722650E-01  2.697585008814E-01 -1.505439279819E-01 -3.805812072921E-03 -8.409299372529E-01  1.963604131598E+00 -8.918998975599E-03  9.711932919524E-03 -7.929339440258E-04 -1.383800412546E-02 -1.218934294835E-04  4.007817261692E-09 -3.392933992445E-06  2.968974836975E-06  4.439524549749E-02 -4.007768891055E-09  2.238560350777E-03  3.755471213116E-20 -7.318731349782E-21 -2.866180725925E-20 -8.743237629531E-04
  4.491037770670E+02  4.549003337230E+02  1.768047591527E+01 -5.126507356644E-14 -4.615064351772E-02  3.132682841918E+02  2.109182215429E-01  2.689433757481E-01 -1.471360225907E-01 -3.580592725533E-03 -8.127922954717E-01  1.993508159445E+00 -9.296040555783E-03  1.091141011761E-02 -1.615369561846E-03 -1.414546736753E-02 -1.892374098731E-04 -5.201794854976E-07 -2.715409432279E-06  3.507425648090E-06  4.536688954696E-02  5.201794618922E-07  1.794521448467E-03  2.621498201328E-20 -1.438703321621E-20 -2.995326376063E-20 -8.953453597419E-04
  4.606968903790E+02  4.666673437347E+02  1.771414478091E+01 -5.398304524749E-14 -4.524705558237E-02  3.144396284868E+02  2.067987344134E-01  2.682603328429E-01 -1.435349199669E-01 -3.535433722383E-03 -7.995467028488E-01  2.028810061176E+00 -9.534416683730E-03  1.212018980685E-02 -2.585773122909E-03 -1.461157364308E-02 -1.729651814240E-05 -9.833024693696E-07 -2.401281830727E-06  1.780250119243E-06  4.594612453522E-02  9.833024927948E-07  7.439422047239E-04  4.332654112839E-20 -1.845091670214E-20 -4.029700564312E-20 -9.289840367694E-04
  4.726377970904E+02  4.787873640468E+02  1.774907739653E+01 -5.576522511992E-14 -4.502370717262E-02  3.156580089394E+02  2.023474079460E-01  2.662480285383E-01 -1.399263333187E-01 -3.266702579746E-03 -7.990866691288E-01  2.067108712307E+00 -9.743903244433E-03  1.328136157819E-02 -3.537458333808E-03 -1.506845808997E-02 -1.722536604873E-05 -8.901018299665E-07 -2.114547854387E-06  3.491504788355E-07  4.675616230723E-02  8.901017748521E-07  6.285133468559E-04  2.586899157615E-20 -5.338196405741E-21 -3.853738742159E-20 -9.592542501086E-04
  4.849369310031E+02  4.912709849682E+02  1.778601726618E+01 -5.255558314932E-14 -4.427868245033E-02  3.169483792084E+02  1.976701123950E-01  2.634533021133E-01 -1.362448878032E-01 -3.242797485804E-03 -7.883167989245E-01  2.112985380776E+00 -1.018668169083E-02  1.465282565641E-02 -4.466143965381E-03 -1.565549129307E-02 -6.464217388946E-05  1.206976385571E-07 -1.226201419014E-06 -1.060009893783E-07  4.703861562038E-02 -1.206974472580E-07  9.783443335602E-04  3.752191481367E-20 -1.422923339824E-20 -4.383230510194E-20 -9.893040481278E-04
  4.976050389332E+02  5.041291145172E+02  1.782353875824E+01 -4.148660408265E-14 -4.348608739702E-02  3.182616566566E+02  1.931582350183E-01  2.603572083298E-01 -1.323585606481E-01 -2.987521043298E-03 -7.782706941717E-01  2.148602290583E+00 -1.038477524559E-02  1.569409582171E-02 -5.309320575964E-03 -1.597934459306E-02 -7.210356593953E-05 -9.781795207748E-07 -6.050440507945E-07 -3.882738020551E-07  4.747487369368E-02  9.781794281134E-07 -2.592662181891E-04  2.185413002850E-20 -1.936950534143E-20 -4.833339358891E-20 -1.013804012713E-03
  5.106531901012E+02  5.173729879527E+02  1.786344247057E+01 -3.404130775007E-14 -4.471985746086E-02  3.196631169514E+02  1.889413539989E-01  2.577040384127E-01 -1.284995275808E-01 -3.004836200992E-03 -8.031187112317E-01  2.190513225126E+00 -1.055718781315E-02  1.661705845016E-02 -6.059870636985E-03 -1.648263259841E-02  3.706959007178E-04  3.513694747621E-07 -6.005317716402E-07 -2.675751374608E-07  4.769027701233E-02 -3.513693770251E-07 -4.396755636632E-04  2.048417332335E-20 -8.345388429494E-21 -4.312527400027E-20 -1.028310092224E-03
  5.240927858042E+02  5.310141775913E+02  1.790366467709E+01 -2.852399848437E-14 -4.423178961018E-02  3.210799425916E+02  1.849357624759E-01  2.533194920788E-01 -1.244113342622E-01 -2.748805089063E-03 -7.992230975440E-01  2.236628897753E+00 -1.072482548546E-02  1.744734786321E-02 -6.722522377744E-03 -1.651973596587E-02  5.026359361065E-05  1.479434115913E-06 -1.017283745649E-06 -9.619355299137E-07  4.741388731628E-02 -1.479434030501E-06  2.228064114509E-04  2.803816437930E-20 -1.090059027346E-20 -3.680972516446E-20 -1.051694020632E-03
  5.379355693784E+02  5.450646029190E+02  1.794549304441E+01 -1.956085655142E-14 -4.432064061630E-02  3.225529163191E+02  1.809970410626E-01  2.498730112515E-01 -1.202792709668E-01 -2.681426452727E-03 -8.035506010813E-01  2.284661864835E+00 -1.092714711322E-02  1.841446908625E-02 -7.487321973023E-03 -1.718464270675E-02  8.599503938147E-05 -3.021896267384E-07 -1.621012133200E-06 -2.558947989270E-06  4.876497645104E-02  3.021897238536E-07  4.274124950253E-04  2.633354552191E-20 -1.385316277814E-20 -5.044409168614E-20 -1.095142384008E-03
  5.521936364597E+02  5.595365410066E+02  1.799057509019E+01 -1.312954118256E-14 -4.346293568579E-02  3.241499902402E+02  1.770561366907E-01  2.442737024898E-01 -1.160590216526E-01 -2.362884410032E-03 -7.937798799639E-01  2.336496287636E+00 -1.121086523554E-02  1.945433023257E-02 -8.243464996951E-03 -1.796013271836E-02 -2.502495416167E-04  1.120751018737E-06 -2.113937585145E-06 -2.265505802087E-06  4.974387317271E-02 -1.120751031664E-06  1.501686373041E-03  1.425116728882E-20 -7.595242656795E-21 -3.794227597806E-20 -1.142561213690E-03
  5.668794455535E+02  5.743794455535E+02  1.803680263120E+01 -1.032795051738E-14 -4.157103747392E-02  3.257907782693E+02  1.734939141292E-01  2.384954967398E-01 -1.116509769644E-01 -2.307629953537E-03 -7.637576457031E-01  2.361583289427E+00 -1.130394220299E-02  1.995353013187E-02 -8.649587928744E-03 -1.831652985190E-02 -4.274931392897E-04  5.187559385312E-07 -2.285237022650E-06 -4.511830195125E-07  4.838139391724E-02 -5.187558261154E-07  2.198978867776E-03  3.261266309624E-20 -8.976755410797E-21 -4.737497966326E-20 -1.135307052517E-03
  5.818794455535E+02  5.893794455535E+02  1.808129210715E+01 -9.329275055027E-15 -3.933707260384E-02  3.273757632734E+02  1.704179068414E-01  2.343637055668E-01 -1.074018715428E-01 -1.960453495349E-03 -7.274721380745E-01  2.330040103633E+00 -1.101072778664E-02  1.923053842876E-02 -8.219810642138E-03 -1.769407854812E-02 -8.371473082988E-04  1.522236376706E-07 -1.740646248631E-06  1.179769252943E-07  4.758809271260E-02 -1.522236353509E-07  3.753121099342E-03  2.111535044646E-20 -8.209672532850E-21 -4.476394503852E-20 -1.087125326830E-03
  5.968794455535E+02  6.043794455535E+02  1.812604142672E+01 -1.304484188132E-14 -3.452312834895E-02  3.289742456831E+02  1.671499484943E-01  2.304504039516E-01 -1.031508565525E-01 -1.760280895060E-03 -6.421501290267E-01  2.298320961083E+00 -1.071622881833E-02  1.879405477207E-02 -8.077825953724E-03 -1.710419059719E-02 -1.209973850213E-03 -4.023456200231E-07 -6.344697882244E-07 -4.546795933003E-07  4.715252393050E-02  4.023456834258E-07  5.127077861313E-03  2.227349988688E-20 -1.556219350937E-21 -3.315035956303E-20 -1.047206269342E-03
  6.118794455535E+02  6.193794455535E+02  1.816970552446E+01 -1.545169867707E-14 -2.971680199684E-02  3.305405734445E+02  1.635890684925E-01  2.268193124900E-01 -9.900154923261E-02 -1.632847262520E-03 -5.562156396788E-01  2.270416909213E+00 -1.050698481955E-02  1.835411062924E-02 -7.847125809659E-03 -1.641081876964E-02 -1.396754849379E-03  7.203598034524E-07  2.675516791324E-07 -2.051740764501E-06  4.683492349453E-02 -7.203598473655E-07  4.857630232103E-03  3.487509255217E-20 -1.153501854909E-20 -4.593456727142E-20 -1.016935371238E-03
  6.268794455535E+02  6.343794455535E+02  1.821385725513E+01 -1.443714404391E-14 -2.541113184106E-02  3.321281208685E+02  1.600960926047E-01  2.214974940741E-01 -9.478843652990E-02 -1.451246355756E-03 -4.778634065149E-01  2.236636844246E+00 -1.024696980703E-02  1.783710952278E-02 -7.590139715869E-03 -1.606862079802E-02 -1.265690842995E-03 -2.917152323891E-07  1.165160374579E-07 -4.215771069645E-08  4.589063217984E-02  2.917151789147E-07  4.569155856606E-03  2.505311788679E-20 -8.796818714819E-21 -4.253961347611E-20 -9.806760312857E-04
  6.418794455535E+02  6.493794455535E+02  1.825576056269E+01 -1.319082249390E-14 -2.114419992571E-02  3.336393041376E+02  1.567432409739E-01  2.150500221416E-01 -9.080448888147E-02 -1.298940588947E-03 -3.986511330041E-01  2.200981128692E+00 -1.009531556935E-02  1.748466693727E-02 -7.389351368043E-03 -1.518294173218E-02 -9.586744943892E-04 -3.010267903134E-07 -8.609816490374E-07 -1.867642046160E-07  4.377997950949E-02  3.010268066697E-07  4.477496790398E-03  2.957999232660E-20  7.881163102097E-22 -4.448380799668E-20 -9.216507698725E-04
  6.568794455535E+02  6.643794455535E+02  1.829595194738E+01 -1.063092490558E-14 -1.700894183353E-02  3.350898984987E+02  1.533661470878E-01  2.073575501107E-01 -8.670172525798E-02 -1.139170879319E-03 -3.225584309825E-01  2.174430207295E+00 -9.985552532567E-03  1.712144270768E-02 -7.135890174872E-03 -1.453663861821E-02 -9.065088984585E-04  5.135738916569E-07 -1.926158389085E-06  1.878016300449E-06  4.201338413110E-02 -5.135738688439E-07  4.486977773160E-03  2.195398694054E-20 -3.875196637369E-21 -3.927223975613E-20 -8.887693914015E-04
  6.718794455535E+02  6.793794455535E+02  1.833453593023E+01 -8.085316198387E-15 -1.273636930395E-02  3.364870744801E+02  1.498418458470E-01  2.007297479245E-01 -8.269581813904E-02 -1.176497669407E-03 -2.432114496074E-01  2.139421317643E+00 -9.741646921108E-03  1.646526110028E-02 -6.723614179087E-03 -1.376887562034E-02 -9.629588188937E-04  6.838132138593E-07 -2.585362923285E-06  2.080776463974E-06  4.075419771927E-02 -6.838131498471E-07  5.087299389155E-03  2.165918753453E-20 -3.964797080489E-21 -4.206910901450E-20 -8.393121676228E-04
  6.868794455535E+02  6.943794455535E+02  1.837236515026E+01 -8.066454206702E-15 -7.481553271263E-03  3.378611783712E+02  1.457858334159E-01  1.949834795491E-01 -7.871504642541E-02 -1.036165147747E-03 -1.456523009794E-01  2.112775510586E+00 -9.507491815020E-03  1.615753076160E-02 -6.650038946695E-03 -1.321612402414E-02 -1.135489670025E-03  2.908667301651E-07 -2.614377745190E-06 -3.584719665251E-07  4.035504680225E-02 -2.908667340083E-07  5.537721039484E-03  3.462359029542E-20 -1.345396789120E-21 -3.743622286020E-20 -8.201781608164E-04
  7.018794455535E+02  7.093794455535E+02  1.841019497478E+01 -1.364166960817E-14 -2.357425069504E-03  3.392387717274E+02  1.414114907460E-01  1.896555221645E-01 -7.474949593209E-02 -1.092212527001E-03 -5.032612315226E-02  2.086161385690E+00 -9.277111296561E-03  1.573135018444E-02 -6.454238887836E-03 -1.300157605425E-02 -1.165342342431E-03  6.522749580536E-07 -2.329629419348E-06 -7.089334770490E-07  4.013622428347E-02 -6.522750590476E-07  3.897146028652E-03  2.695191941901E-20 -6.550255411146E-21 -3.952069354993E-20 -8.014444631447E-04
  7.168794455535E+02  7.243794455535E+02  1.844761235343E+01 -2.116689415612E-14 -1.775169556137E-04  3.406059576889E+02  1.367588919705E-01  1.838749789616E-01 -7.088366137643E-02 -9.616075077205E-04 -8.991530338178E-03  2.046026842216E+00 -9.099378872350E-03  1.520636704390E-02 -6.106988171348E-03 -1.258852170285E-02 -6.223293074690E-04  2.284387344935E-06 -2.145731430207E-06 -1.423866678503E-06  3.956553363934E-02 -2.284387370172E-06  2.057118175375E-03  1.639507710805E-20  2.686503956056E-21 -3.467331542657E-20 -7.713900400575E-04
  7.318794455535E+02  7.393794455535E+02  1.848438639522E+01 -2.539402464711E-14  1.504209570757E-03  3.419529045619E+02  1.317672286299E-01  1.771967673171E-01 -6.709712539961E-02 -1.015294746734E-03  2.383132174532E-02  2.005555550485E+00 -8.690540265789E-03  1.454212325364E-02 -5.851582987837E-03 -1.196152970770E-02 -4.598262384189E-04  2.622026030824E-06 -2.009986495609E-06 -9.384588376328E-07  3.803903917585E-02 -2.622025994952E-06  4.291336270478E-04  1.119033865082E-20 -6.551430021676E-21 -4.060764247499E-20 -7.192650559791E-04
  7.468794455535E+02  7.543794455535E+02  1.851894562372E+01 -2.610252901050E-14  6.388508412796E-04  3.432214013873E+02  1.266076894066E-01  1.704392236273E-01 -6.333232821114E-02 -9.026105491900E-04  1.002946753566E-02  1.957853001643E+00 -8.389513332911E-03  1.382702628250E-02 -5.437512949594E-03 -1.100134425484E-02  9.256291766842E-05  9.746910997133E-07 -1.902305813356E-06 -1.376974021777E-06  3.517510840632E-02 -9.746910941579E-07 -1.421747713373E-03  1.283097483044E-20 -7.452082428309E-21 -3.261518495615E-20 -6.485895894418E-04
  7.618794455535E+02  7.693794455535E+02  1.855033229139E+01 -2.248650858615E-14 -1.158594160825E-03  3.443754851116E+02  1.213020954223E-01  1.649075119218E-01 -5.963188270571E-02 -9.032861109880E-04 -2.172357875836E-02  1.908405548047E+00 -8.171628796671E-03  1.332853026286E-02 -5.156901466187E-03 -9.780678043662E-03  2.875358736318E-04  7.182996978404E-07 -1.460215061264E-06 -1.179736055734E-06  3.157426999359E-02 -7.182997319343E-07 -2.004198909169E-03 -1.837877651999E-21 -6.962127289101E-21 -3.897498388819E-20 -5.788097936401E-04
  7.768794455535E+02  7.843794455535E+02  1.857813777778E+01 -1.499788131867E-14 -3.117576458766E-03  3.453991855375E+02  1.159920209454E-01  1.580279808043E-01 -5.582279169595E-02 -8.534012680803E-04 -5.594934977966E-02  1.867490457402E+00 -7.878222135250E-03  1.277024925265E-02 -4.892027117371E-03 -8.727165023566E-03  3.876644562021E-04  1.403581380617E-06 -8.220610624593E-07 -1.474757441768E-06  2.937484947720E-02 -1.403581354558E-06 -2.461699510568E-03  8.088479899985E-21 -1.008041382456E-20 -4.038449067820E-20 -5.251667955548E-04
  7.918794455535E+02  7.993794455535E+02  1.860541156573E+01 -4.626633567003E-15 -5.769782926700E-03  3.464050087294E+02  1.108583023634E-01  1.524115464769E-01 -5.202392441242E-02 -8.965823571056E-04 -1.041061855899E-01  1.829781326378E+00 -7.640164549451E-03  1.238838052909E-02 -4.748215979672E-03 -8.143367282940E-03  3.360720744622E-04 -9.712180697687E-08 -6.688524003082E-07 -3.461253273005E-07  2.740000861159E-02  9.712192416189E-08 -3.002219477816E-03  1.361315841615E-20 -6.809613103111E-21 -3.454417165057E-20 -4.834990537352E-04
  8.068794455535E+02  8.143794455535E+02  1.862951206242E+01  4.820058143850E-15 -8.752102255346E-03  3.472946336985E+02  1.060051885284E-01  1.452891275240E-01 -4.827387383960E-02 -8.017598986308E-04 -1.600298381965E-01  1.789699077102E+00 -7.264835760721E-03  1.176999785305E-02 -4.505162092343E-03 -7.335968725873E-03  4.456002017382E-04 -9.428309689083E-07 -4.044186873259E-07 -3.360710002564E-07  2.516236865234E-02  9.428310456956E-07 -2.454134792813E-03  1.283727533979E-20 -9.724418253237E-21 -2.818455932423E-20 -4.396373236957E-04
  8.218794455535E+02  8.293794455535E+02  1.865259080666E+01  9.402762061438E-15 -1.037780109618E-02  3.481485442619E+02  1.011989078794E-01  1.397595569453E-01 -4.445671842681E-02 -7.849541023303E-04 -1.906774049815E-01  1.757210540950E+00 -7.099468506931E-03  1.140436777823E-02 -4.304899271201E-03 -6.760246285848E-03  2.530694208894E-04 -1.137555854590E-06  1.219001850373E-07  2.641220022670E-08  2.336571888764E-02  1.137555887061E-06 -1.626773103074E-03  1.592052500735E-20 -8.909279077542E-21 -3.955290954034E-20 -4.078778481493E-04
  8.368794455535E+02  8.443794455535E+02  1.867332106600E+01  1.433762872244E-14 -1.180049577657E-02  3.489145256913E+02  9.626548150496E-02  1.344071701582E-01 -4.060439249656E-02 -6.132122698166E-04 -2.180516943726E-01  1.728804543528E+00 -6.960531055039E-03  1.106991502901E-02 -4.109383973968E-03 -6.216724976512E-03  3.297547895799E-04 -9.559861680528E-07  5.829739434060E-07  2.946724072220E-08  2.134327735710E-02  9.559862093494E-07 -6.345418337722E-04  1.711353990762E-20 -5.287076764412E-21 -3.860624177248E-20 -3.729797100927E-04
  8.518794455535E+02  8.593794455535E+02  1.869260635385E+01  2.166851236201E-14 -1.156242524273E-02  3.496287673836E+02  9.113758207137E-02  1.305826360119E-01 -3.669849812469E-02 -6.670201723940E-04 -2.138374935557E-01  1.701723454386E+00 -6.777187883593E-03  1.075459470281E-02 -3.977406819104E-03 -5.765764363818E-03  7.166252677890E-05 -3.439383776651E-07  8.655236951601E-07  1.082254468119E-07  2.078193549255E-02  3.439384070939E-07 -7.342275551496E-04  7.027961601446E-21 -6.993911173192E-21 -4.203338210288E-20 -3.539787466609E-04
  8.668794455535E+02  8.743794455535E+02  1.871229384337E+01  2.467615494535E-14 -1.316947250379E-02  3.503582460801E+02  8.584237187278E-02  1.275612395929E-01 -3.287371217320E-02 -4.977561905148E-04 -2.438627533375E-01  1.670973744401E+00 -6.521478236499E-03  1.032739128952E-02 -3.805913053006E-03 -5.547754009570E-03  2.364903276096E-04  2.813902649914E-07  8.368839675965E-07  4.128809936661E-07  1.942603469532E-02 -2.813903706381E-07 -1.562036849632E-03  1.644667480405E-20 -1.255947210586E-21 -2.655289997505E-20 -3.307176971078E-04
  8.818794455535E+02  8.893794455535E+02  1.872903415019E+01  2.231984651897E-14 -1.449106981333E-02  3.509792776734E+02  8.007466810078E-02  1.248836352742E-01 -2.896110916433E-02 -5.170243324368E-04 -2.682169978274E-01  1.647269400570E+00 -6.272708694427E-03  9.962718852487E-03 -3.690010158094E-03 -5.024365480312E-03  3.567681606779E-04 -4.071883275988E-07  6.945629286744E-07  1.438958967863E-06  1.783065945086E-02  4.071883444152E-07 -2.412850815523E-03  1.643771253521E-20 -7.141672651582E-21 -2.584601677010E-20 -3.043305072354E-04
  8.968794455535E+02  9.043794455535E+02  1.874572096341E+01  1.586818664748E-14 -1.769927821127E-02  3.515984466280E+02  7.373942624118E-02  1.225108500372E-01 -2.511475472813E-02 -4.016820894299E-04 -3.277540016607E-01  1.618795093159E+00 -6.053474191211E-03  9.606295647291E-03 -3.552821456083E-03 -4.636879974039E-03  6.447051608254E-04 -1.024837734098E-06  5.845312334916E-07  2.337839489497E-06  1.619693783237E-02  1.024837674099E-06 -3.595520141358E-03  2.263933213024E-21 -5.735765995648E-21 -2.285106197528E-20 -2.697058282801E-04
  9.118794455535E+02  9.193794455535E+02  1.875940488886E+01  8.431507246582E-15 -2.123191792947E-02  3.521070051228E+02  6.679257855858E-02  1.220648842718E-01 -2.115261974308E-02 -3.916740734867E-04 -3.936216766788E-01  1.595374960155E+00 -5.636080329534E-03  9.252568531847E-03 -3.616488202257E-03 -4.082383921004E-03  7.747037211807E-04 -2.746289108565E-07  2.998676188554E-07 -9.606395905464E-08  1.584065940506E-02  2.746288745007E-07 -4.035979781076E-03  5.552146167613E-21 -5.683285588622E-22 -2.911399546721E-20 -2.560322954902E-04
  9.268794455535E+02  9.343794455535E+02  1.877542215519E+01  7.069947600448E-15 -2.526688449081E-02  3.527057011816E+02  5.878375062697E-02  1.224036938742E-01 -1.728262974996E-02 -2.763340625484E-04 -4.688479215034E-01  1.573119459781E+00 -5.365713273233E-03  8.851452685360E-03 -3.485739412061E-03 -4.108392705890E-03  6.397399762215E-04 -7.442272007748E-07 -5.146202692776E-08 -1.594539992224E-06  1.546902767582E-02  7.442272810225E-07 -3.363062906742E-03 -3.647075230020E-21 -4.640610008307E-21 -3.256305146812E-20 -2.411938893086E-04
  9.418794455535E+02  9.493794455535E+02  1.878840161585E+01  6.752751876912E-15 -2.754490035980E-02  3.531910091722E+02  4.926984007318E-02  1.238270590404E-01 -1.326342795976E-02 -2.811789316494E-04 -5.122084799867E-01  1.560007777283E+00 -5.191394411199E-03  8.498704533201E-03 -3.307310122027E-03 -3.562441416712E-03  3.925678268943E-04 -5.536483841416E-07 -1.598784136203E-07 -7.510714156301E-07  1.580319452916E-02  5.536484014700E-07 -3.231424357305E-03  4.155050359229E-21 -1.486813279292E-21 -2.629841739266E-20 -2.281623874391E-04
  9.568794455535E+02  9.643794455535E+02  1.880505086548E+01  1.648619317506E-15 -3.132950265072E-02  3.538161523832E+02  3.759493247112E-02  1.277060754827E-01 -9.482995368887E-03 -1.900474200383E-04 -5.839347969307E-01  1.573022319609E+00 -5.105698188177E-03  8.428072486768E-03 -3.322374298574E-03 -3.831241606169E-03  4.704601235153E-04 -7.596124917207E-07 -2.299885442011E-07 -1.817725603348E-06  1.857003340338E-02  7.596124968451E-07 -3.969129772654E-03 -9.275849779365E-21  4.202828858296E-22 -2.357585964109E-20 -2.500132135717E-04
  9.718794455535E+02  9.793794455535E+02  1.882322057605E+01 -2.839919702261E-15 -3.498257875228E-02  3.545044718574E+02  2.358102377391E-02  1.362259484112E-01 -5.369321710259E-03 -7.941922023136E-05 -6.532968825180E-01  1.720287946424E+00 -6.408841290798E-03  1.020783270553E-02 -3.798991414632E-03 -4.403940434129E-03  3.450348660035E-04 -1.025716198607E-06 -2.144528343917E-07 -1.456002556186E-06  2.392761249397E-02  1.025716202872E-06 -5.694015622543E-03 -3.325921900353E-21  3.394606149072E-21 -2.095168550739E-20 -3.568967783571E-04
  9.868794455535E+02  9.943794455535E+02  1.884991564770E+01 -1.898195779987E-15 -4.200787757665E-02  3.555305985534E+02  5.126183783074E-03  1.594496495366E-01 -1.629024216921E-03 -1.156380191895E-04 -7.856198070662E-01  1.682092987112E+00 -5.861799099556E-03  8.769126501906E-03 -2.907327402115E-03 -6.132325390308E-03  1.104036761338E-03  5.989217496723E-07 -5.180674583297E-08 -2.301898084373E-06  1.423659341240E-02 -5.989217188985E-07 -3.744052334554E-03 -2.979541367766E-21 -2.216700383535E-22 -1.777933792871E-21 -1.746985984427E-04
