                   y                  ym                   U                   V                   W                 U^2                 V^2                 W^2                  UV                  VW                  UW                VISC               SFSxx               SFSyy               SFSzz               SFSxy               SFSyz                dUdX                dVdX                dWdX                dUdY                dVdY                dWdY                dUdZ                dVdZ                dWdZ              SFSxym
 -4.000000000000E+00 -2.000000000000E+00  0.000000000000E+00  0.000000000000E+00  0.000000000000E+00  0.000000000000E+00  0.000000000000E+00  0.000000000000E+00  0.000000000000E+00  0.000000000000E+00  0.000000000000E+00  0.000000000000E+00  0.000000000000E+00  0.000000000000E+00  0.000000000000E+00  0.000000000000E+00  0.000000000000E+00  0.000000000000E+00  0.000000000000E+00  0.000000000000E+00  0.000000000000E+00  0.000000000000E+00  0.000000000000E+00  0.000000000000E+00  0.000000000000E+00  0.000000000000E+00  0.000000000000E+00
  2.220446049250E-16  2.000000000000E+00  8.818138437243E+00 -4.560209993186E-16 -1.265827594734E-01  8.043495427237E+01  6.210248750754E-02  8.545884679623E-01 -1.872098306922E-01 -2.413725940407E-03 -1.116940974388E+00  1.345291254254E+00 -2.522748259017E-03  1.199289678883E-02 -9.470148530313E-03 -6.149532876087E+00  5.901947324614E-02 -1.492533690691E-03 -1.346911512241E-04  1.821074483154E-05  3.912984853356E+01  1.492533690684E-03 -5.272711966380E-01  7.385985521384E-21  2.599074014151E-21  1.891152643158E-20 -1.904059935166E-02
  4.000000000000E+00  6.000000000000E+00  1.074704216936E+01 -1.056919598138E-15 -1.371067278364E-01  1.187462619095E+02  2.490393877415E-01  8.924596596675E-01 -3.974795342718E-01 -2.163062349576E-03 -1.485098304813E+00  6.321932224603E+00  3.467808339393E-01 -3.162867695587E-01 -3.049406437247E-02 -1.728554299928E+00 -8.510677821191E-02  3.239522062973E-04 -2.127259815846E-04  4.303653916331E-05  5.011275451813E+00 -3.239522063312E-04 -1.444946541633E-02 -9.234983058953E-22 -6.588008402718E-21  5.254415038120E-21 -1.161950049952E-01
  8.000000000000E+00  1.000000000000E+01  1.132333381890E+01 -1.522600332852E-15 -1.337920798000E-01  1.309545685564E+02  3.121091065434E-01  8.406822160365E-01 -3.813093525096E-01 -2.626158164769E-03 -1.528199542782E+00  6.626566722134E+00  1.741196013314E-01 -4.139850560797E-01  2.398654547510E-01 -8.595606572680E-01 -2.893257186249E-02  3.722154550321E-04 -1.211987175725E-04  7.801902456779E-06  2.251642010821E+00 -3.722154550101E-04  1.341553571955E-02 -1.639926707404E-21  2.068564305729E-22  3.076192938082E-20 -5.227145542168E-02
  1.200000000000E+01  1.400000000000E+01  1.187293765089E+01 -2.249355432818E-15 -1.303600038440E-01  1.436848131581E+02  3.477308938404E-01  8.254018186951E-01 -4.150951473199E-01 -2.518778662535E-03 -1.560522723525E+00  6.530540969668E+00  1.671549765433E-01 -3.811022586369E-01  2.139472820968E-01 -8.317536584894E-01 -1.452322941706E-03  1.836824493836E-04 -6.752105629030E-05  5.958853611309E-06  1.869451103258E+00 -1.836824494613E-04  1.418024513122E-02  2.095763285022E-20  6.532618992715E-21  4.136519719371E-20 -4.486152010441E-02
  1.600000000000E+01  1.800000000000E+01  1.225801525489E+01 -1.667163586003E-15 -1.267172704248E-01  1.528596015727E+02  3.751793559015E-01  8.136604882031E-01 -4.135575362684E-01 -2.746611049607E-03 -1.566096618806E+00  6.153607041083E+00  1.376544518359E-01 -3.416348657161E-01  2.039804138789E-01 -5.900316401984E-01 -5.905746492143E-04  1.099108888963E-04 -3.947333222914E-05  1.764992138163E-05  1.446778947167E+00 -1.099108888672E-04  1.309822083192E-02  3.808511351632E-20 -2.556193326104E-21  5.153077527425E-20 -3.411395206032E-02
  2.000000000000E+01  2.200000000000E+01  1.259632281099E+01  5.978251747807E-16 -1.238585931946E-01  1.612269992323E+02  3.976330992624E-01  8.091775002892E-01 -4.231365136195E-01 -2.756255425324E-03 -1.573019688210E+00  5.908013446626E+00  1.235851923587E-01 -3.124405114981E-01  1.888553191394E-01 -5.100156630619E-01 -1.833569109280E-03  1.105892207767E-04 -2.540534224257E-05  1.604286009328E-05  1.226056957259E+00 -1.105892208073E-04  1.134111321061E-02  4.521546349213E-20  6.008670943666E-21  7.322125194556E-20 -2.888230247812E-02
  2.400000000000E+01  2.600000000000E+01  1.287107364270E+01  2.940080759869E-15 -1.210886244716E-01  1.681727917875E+02  4.160707961038E-01  8.046117924582E-01 -4.235859712955E-01 -2.900270196417E-03 -1.571153681547E+00  5.638303785632E+00  1.076759826688E-01 -2.858235692040E-01  1.781475865370E-01 -4.141251063135E-01 -1.829589666017E-03  7.087477699247E-05 -1.722657169640E-05  1.521994455602E-05  1.036209045682E+00 -7.087477694560E-05  9.704735971146E-03 -3.842164210677E-21  8.966289337290E-22  8.332412674020E-20 -2.417337003902E-02
  2.800000000000E+01  3.000000000000E+01  1.311443224185E+01  5.460732343740E-15 -1.189367896994E-01  1.744686519811E+02  4.310765703433E-01  8.007251653460E-01 -4.266866455895E-01 -2.985177412810E-03 -1.572288030581E+00  5.421662612570E+00  9.625274983085E-02 -2.639767062030E-01  1.677239563745E-01 -3.623280170354E-01 -1.965851453306E-03  7.451627410249E-05 -1.000309956711E-05  4.096854340386E-06  9.093482779185E-01 -7.451627416624E-05  7.999738412109E-03  1.270576759335E-20  2.349042304954E-21  1.229229842836E-19 -2.110580286373E-02
  3.200000000000E+01  3.400000000000E+01  1.332578193289E+01  8.714436579756E-15 -1.170335560912E-01  1.800304977005E+02  4.430790994845E-01  7.953381971920E-01 -4.267695237314E-01 -3.101173734157E-03 -1.572049895597E+00  5.214294339570E+00  8.648050624715E-02 -2.447348857193E-01  1.582543794720E-01 -3.137889390500E-01 -1.889521239702E-03  4.352816805782E-05 -4.571422365434E-06  6.689847593179E-06  8.054353276770E-01 -4.352816794776E-05  7.407103582624E-03  3.293483965498E-20 -1.054844502953E-20  1.056310248128E-19 -1.856568745475E-02
  3.600000000000E+01  3.800000000000E+01  1.351723298613E+01  1.236155278978E-14 -1.152394351851E-01  1.851527216007E+02  4.525038484828E-01  7.899051171600E-01 -4.276699501160E-01 -3.174762816183E-03 -1.570543996524E+00  5.034689389969E+00  7.903862976370E-02 -2.287024956023E-01  1.496638658372E-01 -2.812752219907E-01 -1.940156860802E-03  2.639511038635E-05 -2.550542914955E-06 -2.321926374447E-06  7.273697022209E-01 -2.639511040948E-05  5.843947336237E-03  4.153650644749E-20 -1.361128131045E-20  1.207184360621E-19 -1.664136139132E-02
  4.000000000000E+01  4.200000000000E+01  1.368948807033E+01  1.535743671266E-14 -1.140918393026E-01  1.898246579843E+02  4.598023216032E-01  7.838572621861E-01 -4.273365067562E-01 -3.283730231881E-03 -1.574337833276E+00  4.871688264047E+00  7.207626570173E-02 -2.145246063414E-01  1.424483406395E-01 -2.516055275396E-01 -1.515664813777E-03  2.385214279342E-05 -1.063000968232E-06 -7.215802305857E-06  6.622906447545E-01 -2.385214267766E-05  3.891974768312E-03  1.310334609159E-20 -1.686242542438E-20  1.143479273731E-19 -1.502663519106E-02
  4.400000000000E+01  4.600000000000E+01  1.384834472368E+01  1.683658319822E-14 -1.132733306852E-01  1.941873316740E+02  4.654263192660E-01  7.778960121576E-01 -4.271985385552E-01 -3.363772487704E-03 -1.580660726995E+00  4.725157879794E+00  6.603941337691E-02 -2.023353587638E-01  1.362959453879E-01 -2.295790376312E-01 -1.314862573823E-03  2.035460326473E-05  8.045833881533E-07  3.662536308167E-06  6.088729307263E-01 -2.035460326356E-05  2.120119558553E-03  4.676649351259E-20  7.081185249413E-21  1.156654239786E-19 -1.369770597743E-02
  4.800000000000E+01  5.000000000000E+01  1.399395305032E+01  1.808525766572E-14 -1.130316786177E-01  1.982310623738E+02  4.697393395961E-01  7.720281638148E-01 -4.265129554949E-01 -3.457411923886E-03 -1.594138571636E+00  4.586048473695E+00  6.086185902518E-02 -1.912811879349E-01  1.304193289106E-01 -2.090747809824E-01 -7.891214801535E-04  2.101825763276E-05  1.181681498434E-06  2.472751650482E-07  5.620756805364E-01 -2.101825763480E-05  1.520017611709E-03  4.762184071243E-22  6.159587460369E-22  1.173594912408E-19 -1.254626280128E-02
  5.200000000000E+01  5.400000000000E+01  1.412942615773E+01  1.997756417216E-14 -1.125519778184E-01  2.020331235996E+02  4.729548789856E-01  7.661009790078E-01 -4.258656807945E-01 -3.507558763052E-03 -1.603105247748E+00  4.461948423559E+00  5.652707939777E-02 -1.814331908992E-01  1.249061115025E-01 -1.927416637981E-01 -1.093009912360E-03  2.495302475779E-05  3.514573655627E-07 -1.994521483233E-06  5.246398230472E-01 -2.495302463387E-05  2.469583411540E-03  4.673733267997E-20  5.538342268289E-21  1.208511060551E-19 -1.160200050348E-02
  5.600000000000E+01  5.800000000000E+01  1.425625785030E+01  2.133669172695E-14 -1.118077502441E-01  2.056269113474E+02  4.752166694335E-01  7.599915784330E-01 -4.249917261879E-01 -3.577745067813E-03 -1.606914960853E+00  4.348097477072E+00  5.254439206639E-02 -1.725735063480E-01  1.200291142817E-01 -1.786619450300E-01 -1.257381568922E-03  2.300684509017E-05  2.736888532182E-07  6.416648158995E-06  4.922044542881E-01 -2.300684513340E-05  3.102426151678E-03  2.738522520022E-20  1.302347777111E-21  1.188993982670E-19 -1.078223309845E-02
  6.000000000000E+01  6.200000000000E+01  1.437553888041E+01  2.068600271545E-14 -1.109497241949E-01  2.090363799861E+02  4.767444241979E-01  7.539923543925E-01 -4.240617485556E-01 -3.612769405363E-03 -1.608371483430E+00  4.240900260870E+00  4.902668486869E-02 -1.645313456346E-01  1.155046607662E-01 -1.665287019406E-01 -1.258279905522E-03  2.404267584387E-07 -4.097565780091E-08 -2.259847354488E-06  4.634583517902E-01 -2.404269129818E-07  4.095111254387E-03  3.286408270222E-20  2.636691028177E-21  1.314601713771E-19 -1.005518752028E-02
  6.400000000000E+01  6.600000000000E+01  1.448802080847E+01  1.949645624342E-14 -1.097775622438E-01  2.122775519739E+02  4.776653149126E-01  7.477381056281E-01 -4.229698438399E-01 -3.627358001175E-03 -1.603947761091E+00  4.143191760886E+00  4.569756125873E-02 -1.572606921739E-01  1.115631309164E-01 -1.554634918482E-01 -1.780255161423E-03  8.261130780156E-06 -1.384428885347E-06 -5.222307936501E-06  4.376983707206E-01 -8.261130824305E-06  5.495881451438E-03  2.040903788114E-20 -6.338379431881E-21  1.156031588668E-19 -9.397639991868E-03
  6.800000000000E+01  7.000000000000E+01  1.459439373769E+01  1.899268539026E-14 -1.082389718800E-01  2.153668628326E+02  4.780738415460E-01  7.416329867472E-01 -4.218975927863E-01 -3.712564910053E-03 -1.592278465123E+00  4.051853849387E+00  4.279323212267E-02 -1.506078436322E-01  1.078146115087E-01 -1.454053678341E-01 -1.980985694766E-03  4.858967204849E-06 -2.455861110045E-06 -9.439266440548E-06  4.149863744670E-01 -4.858967207379E-06  6.099336394433E-03  4.671242725111E-20 -6.399659302309E-21  1.073917778492E-19 -8.816101522509E-03
  7.200000000000E+01  7.400000000000E+01  1.469550933999E+01  2.071989350204E-14 -1.067245808588E-01  2.183234825166E+02  4.780845754482E-01  7.359394083192E-01 -4.207048427086E-01 -3.753874165053E-03 -1.579781536586E+00  3.965117432348E+00  4.040982247462E-02 -1.446132098677E-01  1.042033873933E-01 -1.368568910490E-01 -1.865756956772E-03  3.247444919785E-07 -2.729094528718E-06 -1.001670673070E-05  3.945313399052E-01 -3.247444881739E-07  6.961165428283E-03  7.516188812845E-21  8.895552511110E-21  1.128903844622E-19 -8.298338133065E-03
  7.600000000000E+01  7.800000000000E+01  1.479166619398E+01  2.536657601393E-14 -1.047683918160E-01  2.211535126816E+02  4.778055506281E-01  7.299940341332E-01 -4.195171020015E-01 -3.857712306052E-03 -1.559596536525E+00  3.883050892203E+00  3.835189406133E-02 -1.392653782116E-01  1.009134841506E-01 -1.287711864405E-01 -2.044130329892E-03  8.966390743473E-06 -2.811725668347E-06  3.078831412892E-06  3.749101510058E-01 -8.966390641352E-06  7.201160729663E-03  2.430901113200E-20  1.076525154148E-20  1.105489363182E-19 -7.813143426485E-03
  8.000000000000E+01  8.200000000000E+01  1.488296083962E+01  2.812194962937E-14 -1.031267075990E-01  2.238555033700E+02  4.773154921701E-01  7.240986137779E-01 -4.182491518859E-01 -3.933369972104E-03 -1.543467021575E+00  3.802432952461E+00  3.612503684324E-02 -1.340943540718E-01  9.796931722888E-02 -1.212365814763E-01 -1.714611571041E-03  4.974939447168E-06 -2.483225036088E-06  2.329248970633E-06  3.561227317556E-01 -4.974939543574E-06  6.041271085329E-03  8.058860683719E-21  2.150856700669E-21  1.220916222634E-19 -7.356367921153E-03
  8.400000000000E+01  8.600000000000E+01  1.496974405039E+01  3.107397089750E-14 -1.017380209605E-01  2.264388510862E+02  4.767071398990E-01  7.178990426780E-01 -4.169482265039E-01 -4.022212518066E-03 -1.530667996148E+00  3.728291723813E+00  3.410762591711E-02 -1.293522431243E-01  9.524461720672E-02 -1.140930993523E-01 -1.502867803468E-03  1.050905805977E-05 -2.192512899311E-06 -1.587148894112E-05  3.383741292847E-01 -1.050905798793E-05  4.876507149043E-03  2.416982955756E-20 -7.223009527117E-21  1.062360028111E-19 -6.927642970435E-03
  8.800000000000E+01  9.000000000000E+01  1.505220105929E+01  3.748900600399E-14 -1.006866583429E-01  2.289066916322E+02  4.760803650598E-01  7.110906618517E-01 -4.156436945733E-01 -4.113735801898E-03 -1.522314740785E+00  3.656097572928E+00  3.230810240107E-02 -1.247807417060E-01  9.247263930502E-02 -1.076130375904E-01 -1.121649654878E-03 -2.787095675224E-06 -3.683451107641E-06 -1.117831619379E-05  3.213258720709E-01  2.787095669431E-06  3.939798152523E-03  2.006363828770E-20 -2.551772506796E-21  1.117081296537E-19 -6.536254525839E-03
  9.200000000000E+01  9.400000000000E+01  1.513036290784E+01  4.115911228740E-14 -9.976230428685E-02  2.312585240670E+02  4.754495851010E-01  7.044266130782E-01 -4.142704108057E-01 -4.190491581368E-03 -1.515433184431E+00  3.586515444159E+00  3.069098194125E-02 -1.203331232009E-01  8.964214125964E-02 -1.016029543183E-01 -9.985659778180E-04 -1.050246889282E-05 -4.096442675310E-06 -2.456671763136E-06  3.055584872985E-01  1.050246895080E-05  3.660561853384E-03  4.848929651472E-20 -5.758476152693E-21  1.109738374547E-19 -6.168773860563E-03
  9.600000000000E+01  9.800000000000E+01  1.520490683533E+01  4.243516555219E-14 -9.885122287150E-02  2.335120104653E+02  4.747442388354E-01  6.980655082385E-01 -4.129170348616E-01 -4.290588460163E-03 -1.508235249081E+00  3.520828680450E+00  2.887925294773E-02 -1.160735018276E-01  8.719424887888E-02 -9.595414987592E-02 -9.753819173236E-04  8.547464086294E-06 -2.465332221137E-06 -4.010050113471E-06  2.919285901644E-01 -8.547464115188E-06  4.113467820577E-03  5.617893083564E-20 -5.803455992313E-21  1.192100047975E-19 -5.843792180042E-03
  1.000000000000E+02  1.020000000000E+02  1.527635751677E+01  4.647859137494E-14 -9.770396018490E-02  2.356820701680E+02  4.739078374673E-01  6.921897303420E-01 -4.114724311637E-01 -4.345995608496E-03 -1.497800856635E+00  3.461329862162E+00  2.746137087273E-02 -1.124237533657E-01  8.496238249361E-02 -9.107845443461E-02 -1.092034963426E-03  8.800080946336E-06 -2.525324292181E-06 -4.109931065100E-06  2.799130794135E-01 -8.800080887377E-06  4.582619075357E-03  5.426376970912E-20  1.487143141156E-21  1.032997513933E-19 -5.556311929575E-03
  1.040000000000E+02  1.060000000000E+02  1.534488987950E+01  4.813202888916E-14 -9.653506223535E-02  2.377724094426E+02  4.729704698537E-01  6.869531717726E-01 -4.100566898626E-01 -4.437119160105E-03 -1.486543097010E+00  3.404990945083E+00  2.622773174130E-02 -1.091467915335E-01  8.291905979204E-02 -8.676967723754E-02 -1.266415953934E-03 -3.775712427836E-06 -4.131397779415E-06  7.708893926202E-07  2.683295103467E-01  3.775712361336E-06  4.667649494105E-03  3.122382955029E-20 -1.517925917598E-20  1.037285670281E-19 -5.288272016698E-03
  1.080000000000E+02  1.100000000000E+02  1.541050277636E+01  4.673491686239E-14 -9.533859675075E-02  2.397812545216E+02  4.719895325032E-01  6.823176785168E-01 -4.085845725469E-01 -4.528605363767E-03 -1.474153127582E+00  3.351560623712E+00  2.496410261339E-02 -1.060915347194E-01  8.112743210708E-02 -8.235067108959E-02 -1.199855766446E-03 -1.009655457445E-05 -5.437079403651E-06  1.154668387330E-06  2.571423323702E-01  1.009655460537E-05  4.325988699628E-03  6.889119990401E-20 -1.206786537511E-20  9.277681890136E-20 -5.021581025507E-03
  1.120000000000E+02  1.140000000000E+02  1.547342156225E+01  4.789280155908E-14 -9.437183725473E-02  2.417144253751E+02  4.710069574194E-01  6.782308736957E-01 -4.071085655094E-01 -4.645830144232E-03 -1.464991746941E+00  3.301587422978E+00  2.386568527108E-02 -1.031567499372E-01  7.929106466682E-02 -7.844526189588E-02 -9.943448176241E-04 -7.170620157315E-06 -5.378894377513E-06 -8.772709619682E-06  2.472208028004E-01  7.170620099061E-06  3.427311381262E-03  5.900891347508E-20 -2.559264628596E-21  1.098724675941E-19 -4.792031051178E-03
  1.160000000000E+02  1.180000000000E+02  1.553408502815E+01  4.856498926967E-14 -9.364942496688E-02  2.435841409382E+02  4.700363415288E-01  6.741841958767E-01 -4.056215254009E-01 -4.758131095820E-03 -1.459230028531E+00  3.251848865221E+00  2.278672577551E-02 -1.002801166048E-01  7.749339082963E-02 -7.492637145060E-02 -8.964061164655E-04 -2.359528424015E-07 -4.354249165797E-06 -3.666330783344E-06  2.373469366131E-01  2.359529060764E-07  2.745573627854E-03  3.817038596179E-20 -1.411357660684E-21  9.522898285182E-20 -4.573777352929E-03
  1.200000000000E+02  1.220000000000E+02  1.559210355190E+01  4.792565086106E-14 -9.300042943460E-02  2.453776318654E+02  4.690624485354E-01  6.700010848386E-01 -4.041116377155E-01 -4.887102062535E-03 -1.454315704312E+00  3.203223533636E+00  2.174064682510E-02 -9.752611195903E-02  7.578546513351E-02 -7.139858359939E-02 -8.052197990580E-04 -1.887227572266E-06 -3.596824075985E-06  1.239369519305E-06  2.271069291451E-01  1.887227577314E-06  2.680170928884E-03  6.189987795945E-20 -6.022844286820E-21  9.396875938089E-20 -4.355122227896E-03
  1.240000000000E+02  1.260000000000E+02  1.564765647342E+01  4.944106481280E-14 -9.228607016689E-02  2.470995494082E+02  4.680999513977E-01  6.654347453040E-01 -4.026099327434E-01 -4.976300929955E-03 -1.448442619409E+00  3.156512119785E+00  2.067666287485E-02 -9.499959100613E-02  7.432292813173E-02 -6.811258878964E-02 -9.040475280359E-04 -1.450289871938E-06 -3.511363689553E-06 -3.757391671507E-06  2.178531745987E-01  1.450289942306E-06  3.076013887641E-03  5.177417936165E-20 -8.811228438560E-21  1.155611745265E-19 -4.160518545378E-03
  1.280000000000E+02  1.300000000000E+02  1.570103378363E+01  5.047603047342E-14 -9.145168667322E-02  2.487592085589E+02  4.671703103067E-01  6.608993499889E-01 -4.010813096402E-01 -5.095307268859E-03 -1.440018366990E+00  3.113886826169E+00  1.967180936101E-02 -9.264573599839E-02  7.297392663777E-02 -6.507471373805E-02 -1.062798975334E-03 -2.655178525313E-06 -3.905978590991E-06 -4.157372811910E-06  2.093053995331E-01  2.655178432063E-06  3.909623678127E-03  3.308662287748E-20 -1.360885399275E-20  7.855529706718E-20 -3.978073646772E-03
  1.320000000000E+02  1.340000000000E+02  1.575231097684E+01  5.005539920634E-14 -9.033359328242E-02  2.503583562988E+02  4.662991161925E-01  6.565669676767E-01 -3.995615832972E-01 -5.187002219120E-03 -1.426942498191E+00  3.072460221656E+00  1.891330703509E-02 -9.048361136206E-02  7.157030432695E-02 -6.220055450377E-02 -1.137817959472E-03  1.206217269909E-06 -4.636516138858E-06 -8.217782725947E-06  2.011318595659E-01 -1.206217171408E-06  4.574916771276E-03  3.935444226511E-20  1.553214355666E-21  9.892466050604E-20 -3.801961588011E-03
  1.360000000000E+02  1.380000000000E+02  1.580159321918E+01  5.436660453426E-14 -8.918425204835E-02  2.518989548100E+02  4.654779333180E-01  6.523335516143E-01 -3.980268359349E-01 -5.302419037049E-03 -1.412978459075E+00  3.031498160924E+00  1.793880676657E-02 -8.822970980889E-02  7.029090304252E-02 -5.935767874843E-02 -1.101783600977E-03  1.583079713924E-06 -5.105890814987E-06 -7.413965677827E-06  1.937076965706E-01 -1.583079799205E-06  4.735067121167E-03  6.075420463397E-20 -3.749417609088E-21  1.002986861205E-19 -3.625917765491E-03
  1.400000000000E+02  1.420000000000E+02  1.584912778932E+01  5.997084758768E-14 -8.798788224148E-02  2.533886892350E+02  4.646724379659E-01  6.479298492367E-01 -3.964762217177E-01 -5.419619734733E-03 -1.397639346573E+00  2.991793313919E+00  1.713060242436E-02 -8.598440854387E-02  6.885380611960E-02 -5.673564165824E-02 -1.083969609750E-03  3.805120646607E-06 -3.983519968303E-06 -1.189472030427E-06  1.860316085819E-01 -3.805120472640E-06  4.949424015360E-03  3.646855093324E-20  5.892625890635E-22  9.941034157540E-20 -3.461790623194E-03
  1.440000000000E+02  1.460000000000E+02  1.589460642098E+01  6.116411457174E-14 -8.669131557488E-02  2.548177018080E+02  4.638796568062E-01  6.434991429709E-01 -3.949209651935E-01 -5.515585836400E-03 -1.380701494949E+00  2.955104713057E+00  1.656596652979E-02 -8.414316403331E-02  6.757719750322E-02 -5.399933649435E-02 -1.070630787765E-03  9.388131653156E-06 -2.205940805752E-06  1.810085959996E-06  1.782927754495E-01 -9.388131655205E-06  5.019347597115E-03  5.180812421205E-20 -1.458694596787E-20  1.038532712609E-19 -3.299014528431E-03
  1.480000000000E+02  1.500000000000E+02  1.593830726391E+01  6.233335664759E-14 -8.544755400517E-02  2.561943517501E+02  4.630896651213E-01  6.394761194681E-01 -3.933702512828E-01 -5.631816937027E-03 -1.364312718317E+00  2.921647589076E+00  1.591306690799E-02 -8.240466938410E-02  6.649160247576E-02 -5.161831941814E-02 -1.079846769847E-03  5.607773674712E-06 -1.400317218408E-06 -8.546804200751E-07  1.719296029841E-01 -5.607773601122E-06  4.675468125304E-03  5.342339164417E-20  6.660090073675E-22  8.138123165581E-20 -3.161949708240E-03
  1.520000000000E+02  1.540000000000E+02  1.598058969798E+01  6.333529245043E-14 -8.435142117718E-02  2.575285492576E+02  4.623252790174E-01  6.355217553417E-01 -3.917840695491E-01 -5.741043326217E-03 -1.350146921010E+00  2.888260553027E+00  1.516189952261E-02 -8.063597436960E-02  6.547407484690E-02 -4.950564631313E-02 -1.004711628062E-03 -1.515424529551E-07 -1.437867150708E-06 -3.711937689470E-06  1.659208800339E-01  1.515424430426E-07  4.323368227729E-03  3.500455898610E-20 -6.421501087349E-21  6.897787665504E-20 -3.028807635640E-03
  1.560000000000E+02  1.580000000000E+02  1.602127613707E+01  6.262655700741E-14 -8.328282533331E-02  2.588154196132E+02  4.616142168305E-01  6.314496544974E-01 -3.902214802227E-01 -5.845138896122E-03 -1.336363589757E+00  2.855544846500E+00  1.461432046377E-02 -7.893003671307E-02  6.431571624886E-02 -4.747050589996E-02 -9.836271543911E-04 -3.885466837168E-06 -1.582910452297E-06 -7.167383678201E-06  1.601712640483E-01  3.885466890951E-06  4.138809912022E-03  2.421253678618E-20 -6.023797655672E-21  9.029000734006E-20 -2.910269521589E-03
  1.600000000000E+02  1.620000000000E+02  1.606065260998E+01  6.242158005765E-14 -8.227702456003E-02  2.600626147556E+02  4.609437405285E-01  6.270723139441E-01 -3.886102198545E-01 -5.947007941925E-03 -1.323430732568E+00  2.825057117876E+00  1.410086922976E-02 -7.737431328607E-02  6.327344405592E-02 -4.574937981166E-02 -9.276772954913E-04 -1.583769802482E-06 -7.077062217178E-07 -1.058822594798E-05  1.543945682433E-01  1.583769771300E-06  4.427794400400E-03  3.561150675354E-20 -9.431312941188E-21  9.748186306232E-20 -2.799552581292E-03
  1.640000000000E+02  1.660000000000E+02  1.609844681136E+01  6.136335883866E-14 -8.109153859899E-02  2.612624508506E+02  4.603430726700E-01  6.225226963534E-01 -3.870518701701E-01 -6.045719366144E-03 -1.307430582362E+00  2.796597274345E+00  1.366985216310E-02 -7.598314150720E-02  6.231328934393E-02 -4.384502046139E-02 -1.025983689869E-03  4.511619626436E-06  8.566655907434E-07 -4.438094697594E-06  1.486198142351E-01 -4.511619626601E-06  5.196941719438E-03  4.623071372255E-20 -2.963256991417E-20  8.731165819132E-20 -2.692695207563E-03
  1.680000000000E+02  1.700000000000E+02  1.613496758475E+01  5.910751864809E-14 -7.968825643471E-02  2.624238639518E+02  4.598973402182E-01  6.180132610543E-01 -3.854148762222E-01 -6.143510985455E-03 -1.287368705671E+00  2.768452944132E+00  1.310696696010E-02 -7.451339480324E-02  6.140642784322E-02 -4.222374057566E-02 -1.127607090674E-03  6.293064344159E-06  1.859572276710E-06  3.991891350071E-06  1.430441515708E-01 -6.293064367922E-06  5.289347999486E-03  5.017395791589E-20 -2.243061500143E-20  8.449525690243E-20 -2.587546154402E-03
  1.720000000000E+02  1.740000000000E+02  1.616998140441E+01  5.892196077116E-14 -7.842179711774E-02  2.635396887690E+02  4.596034519632E-01  6.135985615330E-01 -3.838528923456E-01 -6.243259404241E-03 -1.269037189470E+00  2.741310119750E+00  1.268197538263E-02 -7.307720682729E-02  6.039523144460E-02 -4.055239306357E-02 -1.027403484678E-03  1.188568741659E-05  2.451295711892E-06 -3.396385074403E-06  1.384001466389E-01 -1.188568739530E-05  4.862929483950E-03  5.080400172851E-20 -5.768677159236E-21  7.206923142741E-20 -2.493765320076E-03
  1.760000000000E+02  1.780000000000E+02  1.620418611776E+01  5.869974948822E-14 -7.724912371901E-02  2.646315097514E+02  4.594377029771E-01  6.094033981607E-01 -3.821845443101E-01 -6.337820527077E-03 -1.252123047783E+00  2.715699878668E+00  1.229852963418E-02 -7.177071347356E-02  5.947218383863E-02 -3.919591988079E-02 -9.178808736867E-04  2.517924713979E-06  2.487344034268E-06 -8.899415816658E-06  1.339746284834E-01 -2.517924722534E-06  4.158466262676E-03  2.202396251139E-20 -1.051633883231E-20  7.063519914874E-20 -2.400466735793E-03
  1.800000000000E+02  1.820000000000E+02  1.623695900645E+01  5.664137503932E-14 -7.637202202476E-02  2.656798714495E+02  4.593912431295E-01  6.057340338918E-01 -3.806426267018E-01 -6.436104852896E-03 -1.239658929576E+00  2.691611230560E+00  1.183913084577E-02 -7.055501470510E-02  5.871588385954E-02 -3.767355080743E-02 -8.123406038256E-04 -1.155245851302E-05  2.771251791896E-06 -8.325598249110E-06  1.296665710585E-01  1.155245854262E-05  3.108542239149E-03  4.750523631291E-20 -7.165829186122E-21  7.043975467550E-20 -2.312486065556E-03
  1.840000000000E+02  1.860000000000E+02  1.626899499825E+01  5.573416265540E-14 -7.572792568070E-02  2.667055572323E+02  4.594476123811E-01  6.023039699501E-01 -3.789362707163E-01 -6.535749726449E-03 -1.231281618751E+00  2.667027714784E+00  1.138652052519E-02 -6.929547942706E-02  5.790895890170E-02 -3.639063976109E-02 -6.062394315833E-04  7.209751872613E-06  3.854905169461E-06 -4.388569560029E-06  1.257078215544E-01 -7.209751871561E-06  2.553613169593E-03  3.081565605098E-20 -1.279359004942E-20  6.803206157581E-20 -2.230472551584E-03
  1.880000000000E+02  1.900000000000E+02  1.629983121337E+01  5.541618625209E-14 -7.510947803785E-02  2.676951108495E+02  4.595654801267E-01  5.990878989249E-01 -3.774042706132E-01 -6.617588285096E-03 -1.223135551716E+00  2.643401318864E+00  1.103844171700E-02 -6.808474153725E-02  5.704629982064E-02 -3.497392512558E-02 -4.872064221151E-04  1.188745353787E-05  4.241661251030E-06 -5.171164761567E-07  1.217120827422E-01 -1.188745352476E-05  2.236587649059E-03 -6.359923273127E-21 -2.314970203777E-20  7.708029517898E-20 -2.155472670200E-03
  1.920000000000E+02  1.940000000000E+02  1.632987337629E+01  5.379261446004E-14 -7.461224691858E-02  2.686592753484E+02  4.597037723668E-01  5.957812885895E-01 -3.756663445302E-01 -6.695844531620E-03 -1.216993163773E+00  2.618343502502E+00  1.064903080986E-02 -6.685317336207E-02  5.620414255216E-02 -3.392976735136E-02 -4.479218318230E-04 -2.707459644447E-06  3.663087393893E-06 -4.359088032057E-06  1.176869773839E-01  2.707459631166E-06  2.372690719729E-03  1.556742220442E-20 -1.465675224457E-20  8.661259144532E-20 -2.074025104248E-03
  1.960000000000E+02  1.980000000000E+02  1.635867585955E+01  5.194984662356E-14 -7.393699928330E-02  2.695859697838E+02  4.599212567155E-01  5.932160584914E-01 -3.741683286383E-01 -6.781312824150E-03 -1.208078629109E+00  2.596989204842E+00  1.033054306761E-02 -6.581092386896E-02  5.548038080137E-02 -3.246001173787E-02 -6.865298739329E-04 -2.294661667618E-06  2.690063652876E-06 -7.466580380182E-06  1.146675650657E-01  2.294661636491E-06  3.147157237932E-03  2.955993092268E-20 -6.876744042382E-21  8.516039173253E-20 -1.999438261963E-03
  2.000000000000E+02  2.020600000000E+02  1.638719751031E+01  5.018356794932E-14 -7.305826066351E-02  2.705040624537E+02  4.601241661268E-01  5.905729455408E-01 -3.723891703297E-01 -6.840829486576E-03 -1.195876222191E+00  2.578185689323E+00  9.464557851371E-03 -6.381622492281E-02  5.435166707177E-02 -3.165914931106E-02 -5.398703245947E-04 -4.697431356493E-08  1.724628229468E-06 -2.415496716383E-06  1.112954565999E-01  4.697428472025E-08  3.777338162084E-03  1.597122007256E-20 -1.019829121761E-20  7.897669345555E-20 -1.959403010527E-03
  2.041200000000E+02  2.062418000000E+02  1.641597495860E+01  4.828010040370E-14 -7.199357418216E-02  2.714326224710E+02  4.603877984255E-01  5.888922952250E-01 -3.707126201858E-01 -6.928326045943E-03 -1.180322404397E+00  2.560936355878E+00  8.676562093395E-03 -6.171472325590E-02  5.303816116251E-02 -3.107221320771E-02 -7.078189403732E-04  5.330206340575E-07  1.011429470714E-06 -3.161170640094E-06  1.081296529626E-01 -5.330205662054E-07  4.216736044481E-03  2.804158789414E-20 -1.425901290061E-20  6.077004679233E-20 -1.918732748412E-03
  2.083636000000E+02  2.105490540000E+02  1.644453872693E+01  4.736476084029E-14 -7.082484873969E-02  2.723550530204E+02  4.606578923731E-01  5.871229388572E-01 -3.688562236238E-01 -7.000016741354E-03 -1.162642950157E+00  2.542733890711E+00  7.956914430775E-03 -5.954547750524E-02  5.158856307444E-02 -3.037468776244E-02 -6.501597780481E-04 -4.798176892922E-06  4.645942640911E-07 -3.267880186448E-06  1.047899062562E-01  4.798176712227E-06  4.139802570353E-03  1.966984136590E-20 -2.811712501436E-21  7.631415942298E-20 -1.878166472400E-03
  2.127345080000E+02  2.149855256200E+02  1.647321644640E+01  4.676764762494E-14 -6.973760743200E-02  2.732833359401E+02  4.609691472644E-01  5.858740755898E-01 -3.670445072507E-01 -7.087358894606E-03 -1.146387108998E+00  2.526951429196E+00  7.272695694649E-03 -5.748787473166E-02  5.021517903649E-02 -2.975701579975E-02 -5.542146109526E-04 -3.504324143306E-06 -8.483612738465E-08 -9.270384778888E-07  1.017201007497E-01  3.504324249612E-06  3.802693349854E-03  2.792404011215E-20 -7.159903376332E-21  5.903084778931E-20 -1.836125314594E-03
  2.172365432400E+02  2.195550913886E+02  1.650178185072E+01  4.536960101590E-14 -6.867443839320E-02  2.742085029194E+02  4.613435450040E-01  5.845398338782E-01 -3.650957434018E-01 -7.172551418854E-03 -1.130257618444E+00  2.510184153937E+00  6.385212343737E-03 -5.519836994315E-02  4.881315759946E-02 -2.898105670386E-02 -5.137394528990E-04  2.609003133549E-06 -8.936502726235E-07  2.273258824270E-06  9.900224536586E-02 -2.609003190168E-06  3.490198429354E-03  4.051923799177E-20 -2.255223221872E-20  5.149616508877E-20 -1.796057991911E-03
  2.218736395372E+02  2.242617441303E+02  1.653061966409E+01  4.469775490128E-14 -6.769854920235E-02  2.751446550630E+02  4.617441467747E-01  5.834908254168E-01 -3.631267038720E-01 -7.272107792891E-03 -1.115200663792E+00  2.496848929080E+00  5.607071022963E-03 -5.304748021412E-02  4.744040919123E-02 -2.847867301230E-02 -4.577016555025E-04 -3.840810930905E-08 -2.193942251577E-06  3.724481894932E-06  9.638682436819E-02  3.840817542018E-08  2.829131825506E-03  2.443342707823E-20 -1.792234630170E-20  6.707645232874E-20 -1.761027134217E-03
  2.266498487233E+02  2.291095964542E+02  1.655933187476E+01  4.555828341894E-14 -6.697627869861E-02  2.760773735371E+02  4.621820368406E-01  5.826466749591E-01 -3.610415009006E-01 -7.363460284702E-03 -1.104149316619E+00  2.486273729917E+00  4.764980179441E-03 -5.088378030384E-02  4.611880012431E-02 -2.797258198917E-02 -2.830265061029E-04 -5.720183671558E-06 -3.172425312600E-06  2.538134702792E-06  9.387296514545E-02  5.720183627356E-06  1.905522702033E-03  1.424190254353E-20 -1.441980308517E-20  6.727660240520E-20 -1.734034178624E-03
  2.315693441850E+02  2.341028843478E+02  1.658832881280E+01  4.682143012423E-14 -6.652308867555E-02  2.770204257816E+02  4.627196577277E-01  5.822409198991E-01 -3.589088772800E-01 -7.456331725836E-03 -1.097604224304E+00  2.476415109397E+00  3.877296736948E-03 -4.866097332897E-02  4.478367659198E-02 -2.757882783881E-02 -1.702150311380E-04  1.639361646655E-06 -3.236845046023E-06  1.963816859667E-06  9.208647843238E-02 -1.639361619014E-06  1.424969614289E-03  9.555730750322E-21 -3.269997375244E-21  4.272581289585E-20 -1.709800823691E-03
  2.366364245106E+02  2.392459708782E+02  1.661765743608E+01  4.737514923183E-14 -6.606179183083E-02  2.779754508728E+02  4.633821039673E-01  5.818343141376E-01 -3.566926446843E-01 -7.522753972451E-03 -1.090614459489E+00  2.467765012510E+00  2.979022203796E-03 -4.633591814248E-02  4.335689593892E-02 -2.721784025723E-02 -7.495541682043E-05  4.208785782904E-06 -3.575274308699E-06  4.322899623175E-06  9.071195399465E-02 -4.208785745454E-06  1.550557382258E-03  3.063211240231E-20 -2.581524505795E-20  6.550906284122E-20 -1.697251534600E-03
  2.418555172459E+02  2.445433500046E+02  1.664750987127E+01  4.713817357282E-14 -6.549479077480E-02  2.789478506997E+02  4.641526429446E-01  5.813155220700E-01 -3.544019521443E-01 -7.574738124230E-03 -1.081867329411E+00  2.457529605938E+00  2.032119531973E-03 -4.393187627721E-02  4.189975674504E-02 -2.706579951951E-02 -3.679980752148E-05  9.573751690310E-07 -4.057913824612E-06 -4.667278757894E-07  8.907423177900E-02 -9.573751509233E-07  1.341383663740E-03  1.466899014836E-20 -6.707407845940E-21  4.798084537805E-20 -1.684261162618E-03
  2.472311827633E+02  2.499996505047E+02  1.667750448854E+01  4.713994038869E-14 -6.516140604731E-02  2.799263191884E+02  4.649658310180E-01  5.808809088112E-01 -3.520425019444E-01 -7.673947764404E-03 -1.077023068056E+00  2.447839778760E+00  1.104748886028E-03 -4.161766915843E-02  4.051292027231E-02 -2.680428132666E-02  6.369214809112E-05  1.611948988175E-06 -4.086487232321E-06 -2.639166810234E-06  8.708001109690E-02 -1.611949011943E-06  1.074577495906E-03  1.004540567182E-20 -2.220858384328E-20  5.651441091931E-20 -1.662785563138E-03
  2.527681182462E+02  2.556196400198E+02  1.670777463438E+01  4.812977158023E-14 -6.475763304020E-02  2.809164909657E+02  4.657874095324E-01  5.810788288088E-01 -3.496034738603E-01 -7.713896446479E-03 -1.070763196329E+00  2.440209610875E+00  6.210460418756E-05 -3.917976019920E-02  3.911765559541E-02 -2.642519755831E-02  4.696785042017E-05  1.450345965783E-06 -4.026229965128E-06  8.990165782178E-07  8.626738120364E-02 -1.450345918561E-06  9.768807704762E-04 -1.503517908167E-20 -7.274453239579E-21  3.786561956102E-20 -1.652181226081E-03
  2.584711617935E+02  2.614082292204E+02  1.673899717938E+01  4.936228942959E-14 -6.445659872721E-02  2.819397028447E+02  4.665339277366E-01  5.810178735817E-01 -3.470654619241E-01 -7.772542816607E-03 -1.066375182025E+00  2.433418257103E+00 -7.236735221517E-04 -3.668192198781E-02  3.740559551017E-02 -2.645054880019E-02  1.268039572825E-04  1.303719413954E-06 -3.622356973823E-06  1.880122132314E-06  8.521837190731E-02 -1.303719428699E-06  3.507601124276E-04  3.625553843256E-21 -1.432608711229E-20  4.089941802356E-20 -1.644881432248E-03
  2.643452966473E+02  2.673704760971E+02  1.677034065952E+01  4.965892902326E-14 -6.448395730351E-02  2.829690687926E+02  4.670628505525E-01  5.807697541969E-01 -3.444577302000E-01 -7.824132452281E-03 -1.067464088873E+00  2.430802763177E+00 -1.519690573830E-03 -3.417553456842E-02  3.569522514251E-02 -2.622897284545E-02  2.970814523422E-04  1.571071843905E-06 -2.959731737118E-06 -1.207957195254E-06  8.351370832435E-02 -1.571071842446E-06 -9.368418177902E-04  2.644120961169E-20 -1.634634667938E-20  2.642445815390E-20 -1.637992984096E-03
  2.703956555468E+02  2.735115903800E+02  1.680215319154E+01  4.829695194122E-14 -6.515832607024E-02  2.840147751856E+02  4.673899794460E-01  5.812558541946E-01 -3.416915403190E-01 -7.897002971770E-03 -1.079186277976E+00  2.431736710482E+00 -2.359375450983E-03 -3.169679816623E-02  3.405617361729E-02 -2.624877437761E-02  6.119074727047E-04 -1.400160009684E-07 -2.511321757859E-06 -2.285516348613E-06  8.278935223593E-02  1.400159670909E-07 -2.197364036760E-03  8.812181129543E-21 -1.171916402878E-20  4.422420333855E-20 -1.644777369210E-03
  2.766275252132E+02  2.798369380914E+02  1.683483501939E+01  4.630411028564E-14 -6.619711743328E-02  2.850915182510E+02  4.675273956165E-01  5.822415112922E-01 -3.388458897917E-01 -7.948895343174E-03 -1.096683072401E+00  2.433279074054E+00 -3.168777409184E-03 -2.932179663997E-02  3.249057404933E-02 -2.644249017649E-02  8.062791863376E-04  4.935174116614E-07 -2.201476413072E-06 -2.651956854026E-06  8.271114475165E-02 -4.935174512712E-07 -2.909466495942E-03  3.762990548955E-21 -1.948340573008E-20  4.226869742828E-20 -1.659570618284E-03
  2.830463509696E+02  2.863520462341E+02  1.686852889517E+01  4.546753251677E-14 -6.750067962486E-02  2.862052078452E+02  4.673921182225E-01  5.835327701707E-01 -3.358885124667E-01 -8.015807683828E-03 -1.118884755015E+00  2.437966890791E+00 -4.082252303974E-03 -2.684529851546E-02  3.092755081957E-02 -2.666284106601E-02  9.376338333269E-04 -1.592549843320E-06 -1.845633774061E-06 -5.413459238545E-06  8.294620896252E-02  1.592549855229E-06 -3.169657881528E-03  4.612616777822E-21 -1.705112282928E-20  3.078491145208E-20 -1.679026075046E-03
  2.896577414987E+02  2.930626076211E+02  1.690341087291E+01  4.526239524965E-14 -6.883535694529E-02  2.873608756517E+02  4.668964858525E-01  5.844941620568E-01 -3.328602455621E-01 -8.013791541786E-03 -1.141095739908E+00  2.447597240998E+00 -4.821720705295E-03 -2.450830736219E-02  2.933002806766E-02 -2.715996537086E-02  9.305752486636E-04 -1.029667924315E-06 -1.687291923490E-06 -5.052659925026E-06  8.354593024095E-02  1.029667901985E-06 -3.293417695836E-03  1.485366629301E-20 -2.210823710755E-20  3.196942082140E-20 -1.716614182162E-03
  2.964674737436E+02  2.999744858498E+02  1.693966544998E+01  4.489045506845E-14 -7.032279800704E-02  2.885651383046E+02  4.660152298840E-01  5.850374863016E-01 -3.296540144951E-01 -8.057830792328E-03 -1.166318780782E+00  2.455422851639E+00 -5.668692869643E-03 -2.193890044069E-02  2.760759331029E-02 -2.772794982841E-02  1.061371663684E-03 -1.750473702028E-06 -1.509945974401E-06 -5.656451985309E-06  8.383118833172E-02  1.750473695804E-06 -3.513935063368E-03  2.282290538666E-21 -5.729701473169E-21  3.036540537807E-20 -1.744018550788E-03
  3.034814979559E+02  3.070937204253E+02  1.697691632834E+01  4.437816130201E-14 -7.192494563632E-02  2.898049596659E+02  4.648878998028E-01  5.847394546714E-01 -3.264369226528E-01 -8.075025411940E-03 -1.193776463715E+00  2.464514370314E+00 -6.553686609677E-03 -1.925194476917E-02  2.580563137877E-02 -2.808953520348E-02  1.103673859111E-03  1.988861141439E-07 -8.610635124127E-07 -4.869184548989E-06  8.429228314201E-02 -1.988861416713E-07 -4.258105013122E-03  3.730385708583E-21 -1.323995632126E-20  1.493835524225E-20 -1.774078378968E-03
  3.107059428946E+02  3.144265320380E+02  1.701579852287E+01  4.301661370859E-14 -7.416225323091E-02  2.911034464885E+02  4.635265793931E-01  5.835866278339E-01 -3.229629492239E-01 -8.126520589278E-03 -1.231959939104E+00  2.473846787022E+00 -7.422561360248E-03 -1.663773647802E-02  2.406029783848E-02 -2.864264578748E-02  1.344050374086E-03 -5.343974949974E-07 -7.819448624218E-08 -3.639670931972E-06  8.447340548178E-02  5.343974832314E-07 -4.704953175534E-03  3.823121248300E-20 -3.884230343534E-21  1.985241787535E-20 -1.798312845176E-03
  3.181471211814E+02  3.219793279992E+02  1.705550422942E+01  4.000466335511E-14 -7.629260304299E-02  2.924327093522E+02  4.618311909844E-01  5.818258879969E-01 -3.194918885759E-01 -8.118698076140E-03 -1.267969139810E+00  2.485939707127E+00 -8.228427393355E-03 -1.404337763040E-02  2.227180502410E-02 -2.892812161128E-02  1.424904948341E-03  3.889032760935E-07  3.348408115418E-07 -1.885513675932E-06  8.405573213969E-02 -3.889033472599E-07 -3.907531881348E-03  1.240032401298E-20 -1.199120466303E-20  1.692759474762E-20 -1.819967285199E-03
  3.258115348169E+02  3.297587078391E+02  1.709633922251E+01  3.624163671713E-14 -7.790809100182E-02  2.938022803869E+02  4.596632261437E-01  5.794211003174E-01 -3.157726025042E-01 -8.192345072267E-03 -1.295910400205E+00  2.501604032101E+00 -9.176169336630E-03 -1.133296773635E-02  2.050913707260E-02 -2.930168873678E-02  1.307693040119E-03 -1.074728712309E-06  1.071362742136E-07 -1.562033556984E-06  8.435311168065E-02  1.074728728448E-06 -3.456825193566E-03  2.490457357349E-20 -1.547841851326E-20 -2.702841012128E-21 -1.848121780610E-03
  3.337058808614E+02  3.377714690743E+02  1.713874324315E+01  3.251345546962E-14 -7.970783934809E-02  2.952279777851E+02  4.569587857894E-01  5.777108331488E-01 -3.120628365291E-01 -8.246310866736E-03 -1.326136661138E+00  2.520002721307E+00 -1.000763946186E-02 -8.626808023222E-03  1.863444748515E-02 -2.985123619497E-02  1.348877702619E-03  1.488469533902E-06 -1.428667556043E-07 -7.738642087958E-07  8.438600320941E-02 -1.488469570677E-06 -3.863454468158E-03  3.425640211757E-20 -1.959195955741E-20 -7.370301268186E-22 -1.872976756687E-03
  3.418370572872E+02  3.460246131465E+02  1.718211437603E+01  2.998340898480E-14 -8.183679840488E-02  2.966904921235E+02  4.538425044994E-01  5.755931404341E-01 -3.080498056373E-01 -8.300854368104E-03 -1.362847432185E+00  2.537635041264E+00 -1.091494593132E-02 -5.802322172992E-03  1.671726810408E-02 -3.000072545131E-02  1.451170717596E-03  4.178328569460E-06 -2.680764955549E-07 -1.805150059026E-07  8.336042564420E-02 -4.178328569905E-06 -4.306443975242E-03  3.794365284296E-20 -2.540304421180E-20 -1.010993517095E-20 -1.872301177296E-03
  3.502121690058E+02  3.545253515409E+02  1.722601878173E+01  2.895648304468E-14 -8.422029813179E-02  2.981763307577E+02  4.502970482381E-01  5.724483919297E-01 -3.040731103716E-01 -8.423928635748E-03 -1.404524892073E+00  2.555007973245E+00 -1.177309238184E-02 -3.126814611300E-03  1.489990699301E-02 -2.996778182642E-02  1.563400366434E-03  2.519516545324E-06 -5.227458305324E-07  1.296363564606E-06  8.292125317665E-02 -2.519516564848E-06 -4.363363103379E-03  3.968848184604E-20 -1.070158180815E-20 -2.170836752458E-20 -1.885579847570E-03
  3.588385340760E+02  3.632811120872E+02  1.727151809991E+01  2.833804892133E-14 -8.653721195414E-02  2.997209350448E+02  4.462173528622E-01  5.698678369220E-01 -2.998278195268E-01 -8.495826365672E-03 -1.447304357268E+00  2.574937071300E+00 -1.252463812659E-02 -6.120278417810E-04  1.313666596874E-02 -3.045478152672E-02  1.457659804821E-03  1.199193832118E-06 -3.551076844941E-07  2.103006265610E-06  8.315541010735E-02 -1.199193845580E-06 -4.435676294066E-03  2.130683827284E-20 -2.731621152707E-20 -1.693688053767E-20 -1.914205093719E-03
  3.677236900983E+02  3.722995454498E+02  1.731836794662E+01  2.842287632106E-14 -8.914269159919E-02  3.013139742662E+02  4.415647591533E-01  5.662461646755E-01 -2.955957270818E-01 -8.612093833836E-03 -1.494830219920E+00  2.598913525928E+00 -1.332670715062E-02  2.056637502311E-03  1.127006964817E-02 -3.088336818011E-02  1.449256637208E-03  1.660509632420E-06 -1.798988431607E-07  1.002623355412E-06  8.330914650613E-02 -1.660509627811E-06 -4.209652438934E-03  2.025563861820E-20 -1.389481037636E-20 -1.881696830701E-20 -1.948548729664E-03
  3.768754008012E+02  3.815885318133E+02  1.736680176154E+01  2.850238737158E-14 -9.134596526299E-02  3.029638003487E+02  4.363655571726E-01  5.614277482078E-01 -2.911009059448E-01 -8.690701056630E-03 -1.536811032744E+00  2.621168410646E+00 -1.402203599145E-02  4.647603074760E-03  9.374432916255E-03 -3.149512146675E-02  1.289059314488E-03  5.424849621287E-07 -5.396927320773E-08  1.994361696452E-06  8.271800458903E-02 -5.424849523480E-07 -4.232791002823E-03  1.852783495739E-20 -2.444663624828E-20 -1.726697653858E-20 -1.977207150711E-03
  3.863016628253E+02  3.911561877677E+02  1.741579415261E+01  2.668691801109E-14 -9.411379990843E-02  3.046375098578E+02  4.309402176405E-01  5.567294244351E-01 -2.865116005551E-01 -8.791096793031E-03 -1.588470362149E+00  2.646794098242E+00 -1.479868020943E-02  7.316333054687E-03  7.482347154624E-03 -3.165734420017E-02  1.258324669052E-03 -1.618025479033E-06  3.013667965714E-07  3.972731481268E-06  8.142540446600E-02  1.618025458657E-06 -3.353934456474E-03  2.083745799289E-20 -2.622753263407E-20 -1.174063939363E-20 -1.977862333494E-03
  3.960107127100E+02  4.010108734007E+02  1.746559231158E+01  2.478810559592E-14 -9.540316284713E-02  3.063448012303E+02  4.254492633613E-01  5.519519119392E-01 -2.818544241083E-01 -8.840515917362E-03 -1.616529318013E+00  2.674034783004E+00 -1.573083250991E-02  9.905119257817E-03  5.825713252074E-03 -3.164175483595E-02  5.678000720025E-04 -2.278637565256E-06  4.701712747449E-07  4.881600010501E-06  7.998757241376E-02  2.278637545045E-06 -2.255397080233E-03  1.086496498332E-20 -2.036773239130E-20 -4.662641588348E-20 -1.967007211066E-03
  4.060110340913E+02  4.111611996027E+02  1.751577211178E+01  2.594355430717E-14 -9.692120730239E-02  3.080686873917E+02  4.197092215314E-01  5.470579259675E-01 -2.769822897700E-01 -8.957082862378E-03 -1.650063658288E+00  2.700196723032E+00 -1.641482995988E-02  1.250515319072E-02  3.909676768826E-03 -3.138289540207E-02  5.615284264031E-04 -9.913454348691E-07  7.259014859766E-07  4.646873237539E-06  8.001843818074E-02  9.913454593339E-07 -8.586674588284E-04  4.194398182533E-20 -1.260358885235E-20 -4.521910214599E-20 -1.979872842430E-03
  4.163113651141E+02  4.216160355908E+02  1.756861776309E+01  2.822499583592E-14 -9.651271242121E-02  3.098918509246E+02  4.133952481489E-01  5.412195218962E-01 -2.720366117700E-01 -9.007970673274E-03 -1.650752015935E+00  2.731413208788E+00 -1.702363870060E-02  1.494382110767E-02  2.079817593005E-03 -3.189037949365E-02 -2.208457209250E-04  2.273818308697E-06  1.233608232646E-06  5.508897092267E-06  7.920790616587E-02 -2.273818307978E-06 -4.494836319069E-04  3.098087310373E-20 -2.888023489711E-20 -4.260950655955E-20 -1.973387215346E-03
  4.269207060675E+02  4.323845166585E+02  1.762081030012E+01  3.000175252908E-14 -9.753426887661E-02  3.116971803565E+02  4.064561557016E-01  5.369818541849E-01 -2.668448853277E-01 -9.005227237859E-03 -1.677207573857E+00  2.769648647371E+00 -1.776088982896E-02  1.736934360195E-02  3.915462267832E-04 -3.125569393894E-02  3.768428664140E-04  1.802184032631E-06  1.545123296814E-06  5.575125074025E-06  7.777814224449E-02 -1.802184002605E-06  4.837660878461E-04  1.484573828847E-20 -2.012167162755E-20 -4.276095697689E-20 -1.961619695381E-03
  4.378483272495E+02  4.434760521583E+02  1.767484974820E+01  3.252617272742E-14 -9.586504523672E-02  3.135710686093E+02  3.992034309660E-01  5.297051553535E-01 -2.615815202532E-01 -9.010580752652E-03 -1.658242203584E+00  2.809958520986E+00 -1.838011457522E-02  1.973814023214E-02 -1.358025656836E-03 -3.161418750855E-02 -3.571250261822E-04  2.208282276249E-06  1.539593767492E-06  3.632825947599E-06  7.653208314979E-02 -2.208282291500E-06  2.520222650453E-03  2.879805332609E-20 -1.897342320328E-20 -4.007021478878E-20 -1.967614175579E-03
  4.491037770670E+02  4.549003337230E+02  1.772846558628E+01  3.522715597235E-14 -9.399726520526E-02  3.154347331761E+02  3.917077012162E-01  5.207526595963E-01 -2.560718597904E-01 -9.020810689124E-03 -1.634819247649E+00  2.841361285331E+00 -1.879498148649E-02  2.196463036183E-02 -3.169648875321E-03 -3.130625930368E-02 -6.071732268097E-04  1.156198910564E-06  1.797430085305E-06  1.412406586731E-06  7.493285101293E-02 -1.156198867782E-06  2.706691917778E-03  2.484535334339E-20 -1.573348414299E-20 -5.147459754306E-20 -1.958775309623E-03
  4.606968903790E+02  4.666673437347E+02  1.778343026798E+01  3.593879274039E-14 -9.195037715543E-02  3.173516427310E+02  3.840233272684E-01  5.119088376854E-01 -2.504320942712E-01 -8.957152123942E-03 -1.606006408433E+00  2.874452033408E+00 -1.912753598908E-02  2.379360523762E-02 -4.666069248555E-03 -3.143711304821E-02 -5.227892479496E-04 -8.631874769939E-07  1.703115968767E-06 -2.075438243585E-07  7.432163860024E-02  8.631874926956E-07  2.870691658193E-03  4.045207469674E-20 -1.644555504837E-20 -5.198718626739E-20 -1.971596653908E-03
  4.726377970904E+02  4.787873640468E+02  1.783943797070E+01  3.287236975680E-14 -8.972823934911E-02  3.193113814634E+02  3.761676908867E-01  5.014009433396E-01 -2.445489382001E-01 -8.792341275511E-03 -1.573938100866E+00  2.922336952857E+00 -1.943902474095E-02  2.581206342506E-02 -6.373038684238E-03 -3.181883940585E-02 -5.631730815838E-04 -4.988060777017E-07  1.401350927036E-06  6.553818718887E-07  7.438204656671E-02  4.988060537778E-07  2.530904875496E-03  2.918889558506E-20 -2.900109679349E-20 -6.394592139157E-20 -2.013655212756E-03
  4.849369310031E+02  4.912709849682E+02  1.789781717304E+01  2.675007640165E-14 -8.806541066170E-02  3.213591012159E+02  3.684228423991E-01  4.911009622925E-01 -2.384607407113E-01 -8.676137822124E-03 -1.553466291492E+00  2.971205614358E+00 -1.992570096572E-02  2.790711243611E-02 -7.981411470884E-03 -3.252807917903E-02 -6.559657403782E-04 -9.701439838215E-07  1.150996762166E-06  5.182474372281E-08  7.414118235942E-02  9.701439788897E-07  3.854784549589E-03  3.232874638563E-20 -1.986061430499E-20 -4.120288171848E-20 -2.036308852124E-03
  4.976050389332E+02  5.041291145172E+02  1.795682197697E+01  1.751904668788E-14 -8.360495676600E-02  3.234386008723E+02  3.606571895055E-01  4.779382485454E-01 -2.322605723731E-01 -8.458304545061E-03 -1.483914083167E+00  3.015407445606E+00 -2.005459045819E-02  2.962971407593E-02 -9.575123618124E-03 -3.263886113518E-02 -1.569491252457E-03  1.365351362900E-08  6.834834465588E-07  1.036723729307E-06  7.375221951293E-02 -1.365356074636E-08  6.092753925336E-03  4.263102707445E-20 -2.803735166795E-20 -6.534440133251E-20 -2.055037270864E-03
  5.106531901012E+02  5.173729879527E+02  1.801808989447E+01  1.012014748623E-14 -7.810819712764E-02  3.256038128128E+02  3.526681957450E-01  4.655530652553E-01 -2.256766172166E-01 -8.205928752990E-03 -1.394547359847E+00  3.061890329274E+00 -2.036668018434E-02  3.122241903899E-02 -1.085573885521E-02 -3.316292758620E-02 -1.877927351717E-03  1.978054336289E-06  3.234978886275E-07  2.171430656283E-06  7.395182568345E-02 -1.978054358980E-06  6.887967519232E-03  3.864827897306E-20 -1.888390621376E-20 -5.611222258986E-20 -2.078681803538E-03
  5.240927858042E+02  5.310141775913E+02  1.808107725377E+01  8.351887757774E-15 -7.202291849120E-02  3.278401908702E+02  3.445251543955E-01  4.521629136918E-01 -2.190875759345E-01 -7.961757520185E-03 -1.293291034567E+00  3.104700163293E+00 -2.057686930437E-02  3.256070869976E-02 -1.198383939535E-02 -3.344408289347E-02 -2.312556527375E-03  1.623189276229E-06  6.541171853222E-08  6.019973192942E-06  7.396245612211E-02 -1.623189277233E-06  7.641651797300E-03  5.203123453453E-20 -2.144215958891E-20 -5.892280464011E-20 -2.106534187830E-03
  5.379355693784E+02  5.450646029190E+02  1.814609612669E+01  7.823169484907E-15 -6.489315719909E-02  3.301551227224E+02  3.361820984108E-01  4.385036802552E-01 -2.120187342892E-01 -7.768386936565E-03 -1.172141358458E+00  3.157351041391E+00 -2.052045588462E-02  3.386314144710E-02 -1.334268556226E-02 -3.393656212831E-02 -2.628658339305E-03  4.524084589613E-07 -2.074058305745E-07  5.688621844083E-06  7.395762612051E-02 -4.524084594606E-07  8.196457485451E-03  2.673628491609E-20 -2.417305306980E-20 -5.087586344551E-20 -2.132985823389E-03
  5.521936364597E+02  5.595365410066E+02  1.821288035287E+01  4.978311455202E-15 -5.743429059799E-02  3.325394546898E+02  3.278180755265E-01  4.221638732641E-01 -2.047257548234E-01 -7.498632788531E-03 -1.042690941085E+00  3.215398661488E+00 -2.052669602211E-02  3.491509978117E-02 -1.438840375908E-02 -3.438706651293E-02 -2.672653909172E-03 -4.516489836453E-07 -3.302172234028E-07  3.404654618148E-06  7.282708007806E-02  4.516489763110E-07  7.197404505939E-03  4.788804835083E-20 -2.611030494774E-20 -6.137106977181E-20 -2.148535891863E-03
  5.668794455535E+02  5.743794455535E+02  1.827976612963E+01  1.288287185264E-15 -5.169056019182E-02  3.349396368274E+02  3.192331047400E-01  4.059622768307E-01 -1.972793994728E-01 -7.198623489230E-03 -9.422773154604E-01  3.225994669911E+00 -1.997862186207E-02  3.510153456027E-02 -1.512291269816E-02 -3.411042678806E-02 -1.988035104035E-03 -1.030698587672E-06 -1.557700836449E-07  4.704945827834E-07  7.080343901970E-02  1.030698575433E-06  7.059551196994E-03  3.226822764144E-20 -2.858955425130E-20 -4.986718662417E-20 -2.121805458239E-03
  5.818794455535E+02  5.893794455535E+02  1.834562308405E+01 -8.096145281966E-16 -4.421374676566E-02  3.373132365469E+02  3.105049141443E-01  3.912989775740E-01 -1.898619845075E-01 -6.865903962902E-03 -8.095810407729E-01  3.173408018703E+00 -1.923072273452E-02  3.392965861001E-02 -1.469893587541E-02 -3.334542137267E-02 -2.365024666627E-03 -3.145344727789E-06  2.905817997369E-07  2.920759114648E-07  6.916245425743E-02  3.145344721640E-06  7.838610009743E-03  4.673578238964E-20 -2.109968402316E-20 -6.227253511993E-20 -2.037608494595E-03
  5.968794455535E+02  6.043794455535E+02  1.840943553318E+01 -2.106410387550E-15 -3.702100739610E-02  3.396216022247E+02  3.016164131660E-01  3.758495029105E-01 -1.823502847946E-01 -6.489509265608E-03 -6.805630873142E-01  3.115099344207E+00 -1.870490116326E-02  3.290616201495E-02 -1.420126085167E-02 -3.165717493760E-02 -2.541473570190E-03 -2.482567272898E-06  4.293147696518E-07 -5.642213991119E-07  6.746363722000E-02  2.482567267634E-06  7.734476832433E-03  5.522011566827E-20 -2.657502171307E-20 -5.521953260681E-20 -1.940283371137E-03
  6.118794455535E+02  6.193794455535E+02  1.847212607552E+01 -4.364825196880E-15 -2.971501568030E-02  3.418984521462E+02  2.924922739903E-01  3.595089247299E-01 -1.749475777843E-01 -6.115873436011E-03 -5.481267939477E-01  3.069156433377E+00 -1.822986077408E-02  3.218424273871E-02 -1.395438196476E-02 -3.052580863980E-02 -2.605980270342E-03  6.844079850339E-07 -9.405629007390E-08 -2.122947717012E-06  6.665412991941E-02 -6.844079843079E-07  7.464556848668E-03  3.290715836640E-20 -2.328133646614E-20 -5.511728173790E-20 -1.889033460609E-03
  6.268794455535E+02  6.343794455535E+02  1.853443396008E+01 -5.867824455497E-15 -2.299412542242E-02  3.441688199734E+02  2.835262480526E-01  3.450115532306E-01 -1.675774524535E-01 -5.698727777452E-03 -4.234884976258E-01  3.012428813759E+00 -1.756468708408E-02  3.102234992472E-02 -1.345766284062E-02 -2.975903175366E-02 -2.344851189371E-03  2.431002319362E-06 -3.037667725469E-07 -3.650020079715E-06  6.516828768155E-02 -2.431002322733E-06  6.804553077852E-03  5.548148814823E-20 -1.964701128965E-20 -5.695947740243E-20 -1.818656758161E-03
  6.418794455535E+02  6.493794455535E+02  1.859432909763E+01 -5.040720878896E-15 -1.693041744443E-02  3.463608705596E+02  2.745148996079E-01  3.297471966334E-01 -1.601054238958E-01 -5.308439340577E-03 -3.126931043660E-01  2.953186314998E+00 -1.696179752526E-02  2.999975782671E-02 -1.303796030167E-02 -2.850673549265E-02 -2.124276534084E-03  9.898651877342E-07  6.691689337296E-09 -1.685827344564E-06  6.450568256060E-02 -9.898651692571E-07  5.068895561885E-03  4.584286370328E-20 -1.909363449169E-20 -4.961686327004E-20 -1.769784448084E-03
  6.568794455535E+02  6.643794455535E+02  1.865537186352E+01 -4.505945096211E-15 -1.348676692200E-02  3.486056973046E+02  2.654059917170E-01  3.154361906440E-01 -1.529691437407E-01 -4.942212712718E-03 -2.467032800405E-01  2.893660496231E+00 -1.628102507588E-02  2.899865698784E-02 -1.271763191210E-02 -2.806809225866E-02 -1.155309845797E-03  1.351582930309E-06  7.799941495915E-07 -2.725994827500E-06  6.288508889378E-02 -1.351582939152E-06  3.275406262011E-03  3.093320622808E-20 -3.010765868918E-20 -4.992568038729E-20 -1.701703505067E-03
  6.718794455535E+02  6.793794455535E+02  1.871222091572E+01 -5.716572036342E-15 -1.080030406575E-02  3.507040805933E+02  2.561634181348E-01  3.022708782796E-01 -1.456178533233E-01 -4.602516896355E-03 -1.939921663914E-01  2.832492509390E+00 -1.563756976894E-02  2.781734416294E-02 -1.217977439401E-02 -2.613993557655E-02 -7.177053574005E-04  2.848311849086E-07  1.247978288412E-06 -3.904140459903E-06  5.984008084876E-02 -2.848311745001E-07  1.794561815004E-03  4.260699293688E-20 -2.293728819723E-20 -4.914082805125E-20 -1.588233144644E-03
  6.868794455535E+02  6.943794455535E+02  1.876756189593E+01 -6.088154286266E-15 -1.013790320664E-02  3.527547862707E+02  2.466718394185E-01  2.893776162591E-01 -1.382834379010E-01 -4.354681984931E-03 -1.797984067031E-01  2.779250566241E+00 -1.517573193264E-02  2.707980649652E-02 -1.190407456389E-02 -2.487878735634E-02 -3.035781438004E-04 -1.296876470835E-06  1.328847663221E-06 -3.057263581711E-06  5.723867302736E-02  1.296876471710E-06  7.730882372077E-04  4.882436646265E-20 -1.696605460956E-20 -4.024568369501E-20 -1.510013704379E-03
  7.018794455535E+02  7.093794455535E+02  1.881954489060E+01 -4.535222457996E-15 -9.362541859042E-03  3.546868173057E+02  2.368617486087E-01  2.773339111131E-01 -1.311485144396E-01 -3.937980389144E-03 -1.632869705694E-01  2.724005615372E+00 -1.474219925895E-02  2.628751755428E-02 -1.154531829550E-02 -2.347718534784E-02 -9.245976200436E-05  7.367023417269E-07  1.693843459052E-06 -2.528800639679E-06  5.552627287403E-02 -7.367023241673E-07 -1.605719126717E-04  2.770385276587E-20 -2.112669908743E-20 -4.468722286789E-20 -1.444742157231E-03
  7.168794455535E+02  7.243794455535E+02  1.887168886314E+01 -4.673240382632E-15 -1.043492292013E-02  3.566337637151E+02  2.270422113030E-01  2.651248111430E-01 -1.238483258620E-01 -3.762034154215E-03 -1.841286111571E-01  2.667110477688E+00 -1.432953903258E-02  2.541395869177E-02 -1.108441965923E-02 -2.274914962778E-02  4.998888164991E-04 -7.958182138496E-07  1.890610541259E-06 -7.817233003894E-07  5.419789590857E-02  7.958182037496E-07 -4.326678017500E-04  4.269213564284E-20 -2.140693012965E-20 -3.799225510589E-20 -1.387276458175E-03
  7.318794455535E+02  7.393794455535E+02  1.892118325723E+01 -5.790839596037E-15 -1.015523327734E-02  3.584858368844E+02  2.172919824924E-01  2.551078093928E-01 -1.167625136748E-01 -3.274713278775E-03 -1.808575656060E-01  2.595216034657E+00 -1.391403245050E-02  2.448365994310E-02 -1.056962749245E-02 -2.157455259535E-02 -1.277242504803E-04 -1.406907949670E-06  1.649557880108E-06  1.568754958349E-06  5.157589688066E-02  1.406907956462E-06  6.203771077784E-04  3.537990945087E-20 -1.344266433064E-20 -3.725764710181E-20 -1.305944074030E-03
  7.468794455535E+02  7.543794455535E+02  1.896839701562E+01 -6.656793822765E-15 -9.271182783245E-03  3.602605533279E+02  2.073067254006E-01  2.457341991295E-01 -1.094996491381E-01 -3.091256147622E-03 -1.654436339177E-01  2.523764736626E+00 -1.356087244130E-02  2.342044675829E-02 -9.859574317054E-03 -2.018699859072E-02 -3.276111229920E-04 -9.989931251641E-07  1.424494897912E-06 -6.146230143452E-08  4.929357139321E-02  9.989931136347E-07 -1.146141488303E-03  3.488825003176E-20 -1.913982487917E-20 -3.396200933568E-20 -1.225421593127E-03
  7.618794455535E+02  7.693794455535E+02  1.901359962028E+01 -7.567643271293E-15 -1.232511299006E-02  3.619647310614E+02  1.969859482163E-01  2.350918745234E-01 -1.024403079050E-01 -2.744692161668E-03 -2.242671575044E-01  2.465035764566E+00 -1.317294258195E-02  2.261878574965E-02 -9.445843167674E-03 -1.898396239713E-02  5.467265295499E-04  1.351483675996E-07  1.138785950889E-06  5.422862645287E-09  4.711369031746E-02 -1.351483605500E-07 -2.277819489070E-03  5.145303545149E-20 -2.708425829829E-20 -3.793031240932E-20 -1.139567229729E-03
  7.768794455535E+02  7.843794455535E+02  1.905673614176E+01 -7.138200620871E-15 -1.355317118326E-02  3.635943248044E+02  1.865234642973E-01  2.253182778602E-01 -9.530942035074E-02 -2.572691848536E-03 -2.491096278431E-01  2.410776105570E+00 -1.273826920633E-02  2.182526714259E-02 -9.086997936246E-03 -1.761421054428E-02  2.789807544453E-04 -3.526543506132E-08  8.991460490604E-07  5.280062797137E-07  4.680297773037E-02  3.526544181457E-08 -1.861779793939E-03  4.263743728325E-20 -2.589467525353E-20 -3.390311118576E-20 -1.098247264335E-03
  7.918794455535E+02  7.993794455535E+02  1.910136540453E+01 -6.457359025385E-15 -1.581931102894E-02  3.652840136322E+02  1.763869337582E-01  2.164973953257E-01 -8.827872287385E-02 -2.296518871602E-03 -2.928931275527E-01  2.360569179092E+00 -1.215152698184E-02  2.105265014542E-02 -8.901123163771E-03 -1.753947448674E-02  2.913519751665E-04  4.940932787613E-07  1.142112508568E-06  2.532218864647E-06  4.575106189671E-02 -4.940932906746E-07 -1.778767184464E-03  2.566655533843E-20 -2.330942083247E-20 -3.861930520243E-20 -1.065776168107E-03
  8.068794455535E+02  8.143794455535E+02  1.914251962165E+01 -6.090588536983E-15 -1.688884515577E-02  3.668442472187E+02  1.665243534365E-01  2.099338982772E-01 -8.124539080173E-02 -2.130977657104E-03 -3.147588648310E-01  2.300883537389E+00 -1.168749080129E-02  2.036317573882E-02 -8.675684937611E-03 -1.648451591857E-02  8.277659639078E-05  5.547301997210E-07  1.519436623310E-06  1.589920379251E-06  4.342073548693E-02 -5.547301844721E-07 -1.454473827605E-03  3.925618386995E-20 -1.149746068228E-20 -3.799683188012E-20 -1.014147107318E-03
  8.218794455535E+02  8.293794455535E+02  1.918276736978E+01 -4.684381427316E-15 -1.853663351859E-02  3.683727159217E+02  1.567548160925E-01  2.032078724990E-01 -7.430717706036E-02 -1.833707652843E-03 -3.478314511452E-01  2.248985148167E+00 -1.110375818144E-02  1.947798426954E-02 -8.374226087991E-03 -1.594704841062E-02  1.189378489419E-04  1.456441372577E-07  1.857884984829E-06  2.403315239569E-06  4.258368591133E-02 -1.456441331705E-07 -7.094125862815E-04  4.598059584410E-20 -1.880533878713E-20 -2.701592959444E-20 -9.782465066050E-04
  8.368794455535E+02  8.443794455535E+02  1.922235173674E+01 -4.279322050072E-15 -1.821678768612E-02  3.698804143697E+02  1.469661683864E-01  1.986940346597E-01 -6.747269483749E-02 -1.663433324405E-03 -3.439233110886E-01  2.194228995401E+00 -1.059370196640E-02  1.862263270933E-02 -8.028930742937E-03 -1.526837829223E-02 -2.635396392814E-04  7.728371714419E-07  2.307254939881E-06  1.036575560067E-06  4.172756986027E-02 -7.728371606419E-07 -5.600214989660E-06  3.787500519885E-20 -9.299609647502E-21 -3.054184231001E-20 -9.301503494054E-04
  8.518794455535E+02  8.593794455535E+02  1.926100170801E+01 -5.898858297081E-15 -1.855571143739E-02  3.713538802899E+02  1.371439873795E-01  1.934265637960E-01 -6.079190416696E-02 -1.438193899125E-03 -3.532224369964E-01  2.142038237371E+00 -1.017420965252E-02  1.785839060286E-02 -7.684180950389E-03 -1.459283217302E-02 -2.868173213438E-04  2.109207853811E-07  2.404492610613E-06  1.800773077936E-06  4.030231052652E-02 -2.109207879296E-07 -3.503238969554E-04  3.142201053245E-20 -1.216557527072E-20 -2.796145795079E-20 -8.883715701818E-04
  8.668794455535E+02  8.743794455535E+02  1.929792386957E+01 -7.475019409876E-15 -1.886746058049E-02  3.727672844730E+02  1.273975725745E-01  1.883951572512E-01 -5.403472236368E-02 -1.279119662203E-03 -3.621081546988E-01  2.079977703830E+00 -9.720978052649E-03  1.694664996537E-02 -7.225671912531E-03 -1.364375174653E-02 -2.092676924689E-04 -3.320247424337E-07  2.035889665884E-06  3.112004937188E-06  3.820857829114E-02  3.320247579769E-07 -3.631918811623E-05  2.488162410724E-20 -9.666753185390E-22 -2.915331328922E-20 -8.128160375209E-04
  8.818794455535E+02  8.893794455535E+02  1.933265752006E+01 -7.474741745700E-15 -1.861306186737E-02  3.740989760224E+02  1.173530944262E-01  1.834437560143E-01 -4.750111844171E-02 -1.063537510847E-03 -3.604388390141E-01  2.016370953863E+00 -9.323927990400E-03  1.616589983899E-02 -6.841971848560E-03 -1.237912732095E-02 -4.021866744040E-04  1.706111910994E-07  1.275740298359E-06  3.392650368871E-06  3.541059073718E-02 -1.706111905456E-07  2.759099811709E-04  2.095194768673E-20 -7.303995215194E-21 -2.296225445949E-20 -7.328025358427E-04
  8.968794455535E+02  9.043794455535E+02  1.936432647765E+01 -6.886438937900E-15 -1.835329250480E-02  3.753160451459E+02  1.066639744824E-01  1.804334710730E-01 -4.094239422922E-02 -9.091204696260E-04 -3.579370477989E-01  1.959830443350E+00 -8.998765848244E-03  1.542368572407E-02 -6.424919875861E-03 -1.098388717297E-02 -4.605636998883E-04  4.403673012095E-07  6.974374602347E-07  2.486946243793E-06  3.292369239737E-02 -4.403672813146E-07 -5.019443837827E-04  2.035316354504E-20 -4.986759974724E-21 -3.140755291307E-20 -6.569868239022E-04
  9.118794455535E+02  9.193794455535E+02  1.939438587608E+01 -7.034892453006E-15 -1.956138430355E-02  3.764722789918E+02  9.511420210647E-02  1.765401199651E-01 -3.441249876830E-02 -8.553546937908E-04 -3.837362330412E-01  1.913519729409E+00 -8.825460302947E-03  1.473923904989E-02 -5.913778746784E-03 -1.008798480330E-02 -1.556097296753E-04  1.585160072350E-06  6.205366536868E-07  5.549983939856E-07  3.066355400415E-02 -1.585160078317E-06 -1.543748815523E-03  1.925767226913E-20  8.993303547549E-22 -3.460445201398E-20 -5.996703493838E-04
  9.268794455535E+02  9.343794455535E+02  1.942181678567E+01 -7.630959069933E-15 -2.124526618679E-02  3.775284442105E+02  8.239912279247E-02  1.757486565081E-01 -2.800974372112E-02 -6.672050893226E-04 -4.194516633702E-01  1.874832682796E+00 -8.445034539839E-03  1.408236600611E-02 -5.637331466268E-03 -9.134956079700E-03 -9.718977483690E-05 -2.207312214746E-08  2.916397094648E-07 -3.725346081192E-07  2.940262307934E-02  2.207313106916E-08 -1.322359657249E-03  7.746022977646E-21 -6.321798288081E-22 -2.636678666640E-20 -5.496194152069E-04
  9.418794455535E+02  9.493794455535E+02  1.944951152079E+01 -7.437193421152E-15 -2.202924860326E-02  3.785979663266E+02  6.778419123238E-02  1.760366739640E-01 -2.159143708461E-02 -5.943262739539E-04 -4.366848554233E-01  1.843657404429E+00 -8.164926975147E-03  1.358504434759E-02 -5.420117372291E-03 -8.369015921696E-03 -1.046834082539E-04 -3.102934440238E-06  1.006639422491E-07 -8.864650934725E-07  2.943227473576E-02  3.102934432728E-06 -1.130235486177E-03  1.728478425904E-20 -2.358382734605E-21 -1.517596137873E-20 -5.057953141893E-04
  9.568794455535E+02  9.643794455535E+02  1.947700268477E+01 -6.002665031927E-15 -2.336233779725E-02  3.796628140282E+02  5.074187894576E-02  1.808914656184E-01 -1.518607828086E-02 -4.405964405301E-04 -4.640301147913E-01  1.842375560705E+00 -8.137670884503E-03  1.347522165717E-02 -5.337550772660E-03 -7.951702847054E-03  5.957975124965E-05 -1.662591878187E-06  1.192712304334E-07 -2.590998718021E-06  3.051824225981E-02  1.662591902899E-06 -2.149294105345E-03  9.027123547955E-21 -5.530817009019E-21 -1.963693409882E-20 -5.038113425034E-04
  9.718794455535E+02  9.793794455535E+02  1.950673762068E+01 -3.525192948152E-15 -2.606725900738E-02  3.808215372252E+02  3.061110484175E-02  1.939128477032E-01 -8.770112047951E-03 -2.426741444189E-04 -5.189371952293E-01  1.957869169371E+00 -8.640837738740E-03  1.479747902418E-02 -6.156641285342E-03 -8.560344127461E-03  1.920681195174E-04 -1.142714413792E-06 -9.734807006302E-08 -1.941234471960E-06  3.708739667847E-02  1.142714416812E-06 -1.124624706253E-03  2.257843831980E-21  4.357641496781E-22 -7.164752154061E-21 -6.432991732636E-04
  9.868794455535E+02  9.943794455535E+02  1.954653998212E+01 -9.542290714510E-16 -2.547757046429E-02  3.823908768526E+02  6.181322740515E-03  2.238863371063E-01 -2.511000968338E-03 -6.651121687979E-05 -5.107026050815E-01  1.951467672905E+00 -9.689660077781E-03  1.523270317980E-02 -5.543043102216E-03 -1.079164541300E-02 -1.687902400763E-04 -1.307935725442E-06 -1.304435996429E-07 -1.479944774906E-06  2.122931998295E-02  1.307935744242E-06  3.157587335227E-04  4.357873853173E-21  4.463622918527E-22 -1.128089033591E-20 -3.138506674307E-04
