                   y                  ym                   U                   V                   W                 U^2                 V^2                 W^2                  UV                  VW                  UW                VISC               SFSxx               SFSyy               SFSzz               SFSxy               SFSyz                dUdX                dVdX                dWdX                dUdY                dVdY                dWdY                dUdZ                dVdZ                dWdZ              SFSxym
 -4.000000000000E+00 -2.000000000000E+00  0.000000000000E+00  0.000000000000E+00  0.000000000000E+00  0.000000000000E+00  0.000000000000E+00  0.000000000000E+00  0.000000000000E+00  0.000000000000E+00  0.000000000000E+00  0.000000000000E+00  0.000000000000E+00  0.000000000000E+00  0.000000000000E+00  0.000000000000E+00  0.000000000000E+00  0.000000000000E+00  0.000000000000E+00  0.000000000000E+00  0.000000000000E+00  0.000000000000E+00  0.000000000000E+00  0.000000000000E+00  0.000000000000E+00  0.000000000000E+00  0.000000000000E+00
  2.220446049250E-16  2.000000000000E+00  7.759070958357E+00  1.609927107714E-15 -1.808195665036E-01  6.291224191018E+01  6.706280301251E-02  9.448858309542E-01 -2.022327290049E-01 -3.228222545058E-03 -1.399384745936E+00  1.766293538819E+00 -3.511551123600E-03  1.625092024318E-02 -1.273936911958E-02 -7.120514766875E+00  1.017247404316E-01 -1.778457121737E-03 -1.488278816574E-04  2.190557930453E-05  3.557512471062E+01  1.778457121794E-03 -7.569668705335E-01  5.732148852062E-20  3.550215546701E-22  1.126496236414E-20 -2.985120641287E-02
  4.000000000000E+00  6.000000000000E+00  1.002863309063E+01  4.434240156772E-15 -1.977000262014E-01  1.043027770913E+02  2.721676659855E-01  1.057499097624E+00 -4.621940348556E-01 -2.485223519304E-03 -1.995419073129E+00  6.776825021263E+00  4.580321436001E-01 -3.697818453720E-01 -8.825029823698E-02 -2.313162402357E+00 -6.538552152016E-02  4.172417026591E-04 -2.385920329567E-04 -3.463901009960E-05  5.841918257278E+00 -4.172417026315E-04 -2.609685744684E-02  4.851236749274E-20 -3.793272865140E-21 -1.077843044718E-20 -1.480041330395E-01
  8.000000000000E+00  1.000000000000E+01  1.067957078476E+01  6.704227450971E-15 -1.937170694519E-01  1.171235197903E+02  3.532948586127E-01  1.012883781452E+00 -4.401452548688E-01 -3.056056999569E-03 -2.080583414487E+00  7.194523522884E+00  2.143745261860E-01 -4.846469665605E-01  2.702724403728E-01 -1.052219582696E+00 -4.186818793971E-02  4.020484310810E-04 -1.398703072039E-04  2.819524865835E-06  2.545498689311E+00 -4.020484310600E-04  1.873653916564E-02  6.175245515664E-20 -7.138176406580E-21  5.186337428571E-20 -6.422713927189E-02
  1.200000000000E+01  1.400000000000E+01  1.130154959489E+01  8.295917627623E-15 -1.884271207532E-01  1.307665285038E+02  4.003321244430E-01  1.000600177245E+00 -4.824520008800E-01 -2.621184980003E-03 -2.139438994532E+00  7.118313210700E+00  2.041551267769E-01 -4.470618415516E-01  2.429067147815E-01 -1.024904119054E+00 -5.856822950637E-03  2.283581295905E-04 -8.028681756384E-05  1.444174480248E-05  2.105228426535E+00 -2.283581295224E-04  2.230275938684E-02  6.885878498462E-20 -1.417470414353E-20  8.066645634651E-20 -5.504732591341E-02
  1.600000000000E+01  1.800000000000E+01  1.173230127516E+01  8.678514070576E-15 -1.826132622984E-01  1.405308400490E+02  4.357043233489E-01  9.903759533128E-01 -4.806048840089E-01 -2.863961714970E-03 -2.149873299685E+00  6.714321489347E+00  1.687168379716E-01 -4.042289969905E-01  2.355121590176E-01 -7.190381692935E-01 -5.518269242234E-03  1.829496324106E-04 -4.971191120282E-05  2.248115199807E-05  1.610690319683E+00 -1.829496324125E-04  2.113488355077E-02  2.917706377852E-20 -8.033672735475E-21  1.167337901023E-19 -4.137787591509E-02
  2.000000000000E+01  2.200000000000E+01  1.210687366395E+01  8.037870137996E-15 -1.778639665527E-01  1.493985726394E+02  4.645137335186E-01  9.874736468040E-01 -4.926358596672E-01 -2.888736693351E-03 -2.158960884033E+00  6.450377932706E+00  1.511451536211E-01 -3.708431006718E-01  2.196979470507E-01 -6.154307042100E-01 -5.660572720063E-03  1.082203148955E-04 -3.178793190769E-05  2.275970876347E-05  1.351988061500E+00 -1.082203148421E-04  1.759621672864E-02  7.951088998070E-20 -2.718106869978E-21  1.139756109044E-19 -3.468967243904E-02
  2.400000000000E+01  2.600000000000E+01  1.240819411797E+01  6.754244877514E-15 -1.737764918404E-01  1.567095885310E+02  4.881077110970E-01  9.835827321028E-01 -4.929453253416E-01 -3.031440916608E-03 -2.159371975749E+00  6.152714028203E+00  1.312938348136E-01 -3.394360345597E-01  2.081421997478E-01 -4.953918518525E-01 -4.849719190934E-03  7.239213964028E-05 -1.792185383588E-05  4.234746593866E-06  1.135830146968E+00 -7.239213967653E-05  1.454219361033E-02  8.666542340734E-20 -7.064979344721E-21  1.239837031365E-19 -2.885251871179E-02
  2.800000000000E+01  3.000000000000E+01  1.267477873648E+01  5.515860048803E-15 -1.705830084031E-01  1.633516569867E+02  5.073357994167E-01  9.800293534265E-01 -4.969038378410E-01 -3.151592921389E-03 -2.162526668438E+00  5.917860210219E+00  1.170560050533E-01 -3.139825998270E-01  1.969265947745E-01 -4.314711925781E-01 -4.350457377475E-03  6.769580863424E-05 -7.366744137053E-06 -1.575928444054E-05  9.927459322066E-01 -6.769580856402E-05  1.207750259735E-02  3.701221435382E-20  4.890757928356E-22  1.254202638216E-19 -2.505090333905E-02
  3.200000000000E+01  3.400000000000E+01  1.290467546746E+01  4.474563948531E-15 -1.677585972862E-01  1.691911449365E+02  5.228712230746E-01  9.755524064790E-01 -4.967070067190E-01 -3.214806375520E-03 -2.162978662886E+00  5.692673623490E+00  1.047616423522E-01 -2.916429756850E-01  1.868813333309E-01 -3.709150432330E-01 -3.829073531376E-03  5.164226484749E-05 -2.158019852262E-06 -1.009400860808E-05  8.763109719446E-01 -5.164226492877E-05  9.763520160456E-03  9.101440798933E-20  3.071415788578E-21  1.458514070638E-19 -2.193745418163E-02
  3.600000000000E+01  3.800000000000E+01  1.311300466736E+01  3.136616689760E-15 -1.656810117071E-01  1.745821632625E+02  5.353317157384E-01  9.705675018585E-01 -4.977305133174E-01 -3.346126824711E-03 -2.168415088819E+00  5.498276278065E+00  9.499299633124E-02 -2.724889546702E-01  1.774959583371E-01 -3.321453583134E-01 -3.001283714750E-03  1.225963026244E-05 -3.720031683326E-07 -1.370814887912E-07  7.904113486536E-01 -1.225963023354E-05  6.269420436896E-03  5.697128647020E-20  5.550760583978E-21  1.293854280807E-19 -1.964749782320E-02
  4.000000000000E+01  4.200000000000E+01  1.329988245112E+01  3.163736200101E-15 -1.646135411579E-01  1.794915993153E+02  5.452946160441E-01  9.650902884775E-01 -4.970313622064E-01 -3.419394557327E-03 -2.182503594759E+00  5.317036616678E+00  8.643407808644E-02 -2.554209508603E-01  1.689868727743E-01 -2.966978825914E-01 -1.766799432619E-03  4.682280623583E-05  1.355916641506E-06  1.171130557395E-05  7.171716900040E-01 -4.682280631259E-05  3.702010918316E-03  3.272369879250E-20 -7.414273932719E-21  1.326420453022E-19 -1.769363773896E-02
  4.400000000000E+01  4.600000000000E+01  1.347156694205E+01  5.276430262042E-15 -1.637964107193E-01  1.840674292166E+02  5.532123420629E-01  9.587672463714E-01 -4.967014194152E-01 -3.497919417650E-03 -2.197538314685E+00  5.155026293573E+00  7.954217347913E-02 -2.406161215353E-01  1.610739480566E-01 -2.702455232367E-01 -1.486517653266E-03  2.370677048592E-05  3.651081740518E-06  5.655108242705E-06  6.581963516488E-01 -2.370677048840E-05  2.343912104708E-03  2.489291931982E-20  4.298946855817E-22  1.378855680392E-19 -1.613243369049E-02
  4.800000000000E+01  5.000000000000E+01  1.362896843715E+01  7.421337542621E-15 -1.634098501206E-01  1.883138648016E+02  5.594188749890E-01  9.519611655943E-01 -4.956749349622E-01 -3.517561202326E-03 -2.216312675638E+00  5.006719123329E+00  7.316806010367E-02 -2.273867248555E-01  1.542186647511E-01 -2.464855277415E-01 -1.269551156368E-03  4.419473251205E-06  5.292315078299E-06 -2.504758183023E-05  6.076793298804E-01 -4.419473190277E-06  6.546434428696E-04  4.888049510615E-20  6.893568713139E-21  1.481522138797E-19 -1.479734911005E-02
  5.200000000000E+01  5.400000000000E+01  1.377544637548E+01  8.806041720294E-15 -1.635201521132E-01  1.923102319696E+02  5.642744664378E-01  9.451033685567E-01 -4.947247389973E-01 -3.545435993333E-03 -2.240791289627E+00  4.872379824547E+00  6.738578988756E-02 -2.156344641867E-01  1.482486742996E-01 -2.273120274262E-01 -7.603130465610E-04  1.535438587571E-05  4.815212316716E-06 -1.095686261755E-05  5.656842770424E-01 -1.535438601602E-05 -9.195802162492E-04  4.062647986514E-20 -2.294014948391E-22  1.281876949773E-19 -1.366886107969E-02
  5.600000000000E+01  5.800000000000E+01  1.391185341648E+01  1.093839713359E-14 -1.638837354404E-01  1.960711794033E+02  5.680979483797E-01  9.386345651037E-01 -4.934323613428E-01 -3.540011999312E-03 -2.267587022793E+00  4.750562745614E+00  6.279431494831E-02 -2.055861177111E-01  1.427918027653E-01 -2.101844329426E-01 -4.847746617194E-04  9.851373426796E-06  2.547620258816E-06  1.368611807497E-05  5.284766040775E-01 -9.851373298782E-06 -1.845893173945E-03  2.864631073657E-20 -1.594259293016E-21  1.508798713537E-19 -1.266587509352E-02
  6.000000000000E+01  6.200000000000E+01  1.403965270911E+01  1.366342288245E-14 -1.644169664877E-01  1.996303561646E+02  5.710337349403E-01  9.324069522283E-01 -4.921141261934E-01 -3.562755353613E-03 -2.295874015642E+00  4.635498054386E+00  5.890929594259E-02 -1.964567185447E-01  1.375474226026E-01 -1.953705884218E-01 -1.978415839453E-04  2.179483948055E-05  1.414058061479E-06  1.491608041452E-05  4.971539260058E-01 -2.179483937987E-05 -2.224162264632E-03  1.642165491298E-20 -1.323189910199E-20  1.459129662227E-19 -1.181411747412E-02
  6.400000000000E+01  6.600000000000E+01  1.416036028196E+01  1.663050318117E-14 -1.650049624133E-01  2.030212231552E+02  5.732370634004E-01  9.259123321300E-01 -4.906086198543E-01 -3.562254005077E-03 -2.324098991805E+00  4.526119956853E+00  5.492737302540E-02 -1.874931636364E-01  1.325657906122E-01 -1.828763310168E-01 -5.108310492060E-05  3.038653378076E-05  2.959383572887E-06  4.833823249371E-06  4.694227360447E-01 -3.038653361473E-05 -2.696065580292E-03  4.115053470697E-20 -2.173039259269E-20  1.213132955982E-19 -1.105686126669E-02
  6.800000000000E+01  7.000000000000E+01  1.427436578655E+01  1.914177760887E-14 -1.657989413804E-01  2.062498796912E+02  5.748352199739E-01  9.194209287730E-01 -4.891034953849E-01 -3.569406534331E-03 -2.354610058890E+00  4.426039477761E+00  5.151245646269E-02 -1.797697231523E-01  1.282572666905E-01 -1.713446983211E-01  1.773533099177E-05  9.588940847131E-06  4.640251394051E-06 -9.040582836610E-06  4.435024213938E-01 -9.588940876746E-06 -3.711618315108E-03  2.398957604668E-20 -5.191468549426E-21  1.616735502818E-19 -1.036766558516E-02
  7.200000000000E+01  7.400000000000E+01  1.438213726842E+01  1.870217486375E-14 -1.668967848297E-01  2.093251733604E+02  5.759057236931E-01  9.131851222521E-01 -4.875147540767E-01 -3.576235423213E-03 -2.388743608704E+00  4.334816818270E+00  4.865441625492E-02 -1.728438709587E-01  1.241894547043E-01 -1.606453623021E-01  1.623914889823E-04  2.594649553212E-06  5.247807300574E-06  4.370142617567E-06  4.203879321775E-01 -2.594649548786E-06 -4.766173486459E-03  2.283400444298E-20  6.235029707531E-21  1.449511581849E-19 -9.749879359764E-03
  7.600000000000E+01  7.800000000000E+01  1.448456572360E+01  1.627567568566E-14 -1.682048137074E-01  2.122693156099E+02  5.765672357875E-01  9.072439474227E-01 -4.858267177646E-01 -3.587820719185E-03 -2.425286282903E+00  4.247064372617E+00  4.613471983634E-02 -1.662606137022E-01  1.201258938667E-01 -1.514517514584E-01  5.775173661378E-04  3.381547261428E-05  5.527985636602E-06  1.495513970899E-05  3.995496060555E-01 -3.381547272567E-05 -5.847559555550E-03  4.022986540857E-20 -3.578750553975E-21  1.259974902635E-19 -9.207414543050E-03
  8.000000000000E+01  8.200000000000E+01  1.458196467532E+01  1.497173464487E-14 -1.698289479186E-01  2.150866602730E+02  5.769809166995E-01  9.014644776989E-01 -4.841494758897E-01 -3.592626658950E-03 -2.465252800408E+00  4.164944641054E+00  4.381273331701E-02 -1.604509806351E-01  1.166382473194E-01 -1.432386349418E-01  7.406913843095E-04  1.060745198502E-05  4.290678706656E-06  5.458915277673E-06  3.804202812477E-01 -1.060745190359E-05 -6.886276252992E-03  1.881032040037E-20 -2.419761149265E-21  1.381038326910E-19 -8.709487306690E-03
  8.400000000000E+01  8.600000000000E+01  1.467475893572E+01  1.310041195894E-14 -1.716736833337E-01  2.177880084900E+02  5.772766311274E-01  8.959649992076E-01 -4.823669281189E-01 -3.617241460157E-03 -2.508197823509E+00  4.087349838462E+00  4.135510649269E-02 -1.548534010567E-01  1.134982945628E-01 -1.355980953856E-01  9.816090655609E-04 -2.272308731146E-05  4.294698826786E-06 -6.000390786230E-06  3.632652333400E-01  2.272308724774E-05 -7.673627358405E-03  2.335777012152E-20 -1.921361328575E-21  1.374319069900E-19 -8.248478005483E-03
  8.800000000000E+01  9.000000000000E+01  1.476350314409E+01  9.728304967149E-15 -1.736911331186E-01  2.203866381521E+02  5.774518643014E-01  8.909231056982E-01 -4.805862318924E-01 -3.612794118336E-03 -2.553960754994E+00  4.012665689485E+00  3.912362330181E-02 -1.496147675057E-01  1.104911442030E-01 -1.284268715643E-01  1.220603229429E-03  1.205825775843E-05  7.769006236657E-06 -8.208416312720E-07  3.464369977457E-01 -1.205825773406E-05 -8.727003347474E-03  2.885044928605E-20  1.546313155223E-20  1.353700850949E-19 -7.819440267599E-03
  9.200000000000E+01  9.400000000000E+01  1.484799987657E+01  8.250899818698E-15 -1.760040044739E-01  2.228758020673E+02  5.774556578139E-01  8.862406826987E-01 -4.787539771450E-01 -3.636571573100E-03 -2.603679172959E+00  3.943555975497E+00  3.693097188802E-02 -1.447473834442E-01  1.078164115550E-01 -1.216537251677E-01  1.475728777960E-03  2.237822569035E-05  1.004899209169E-05  4.774638522641E-06  3.306786207524E-01 -2.237822574966E-05 -9.493041176791E-03  4.122328959171E-21 -2.922721513991E-21  1.383613911383E-19 -7.409395327850E-03
  9.600000000000E+01  9.800000000000E+01  1.492893508955E+01  7.150352647941E-15 -1.784166983376E-01  2.252737155800E+02  5.773169589473E-01  8.822935252541E-01 -4.769211906635E-01 -3.645448673270E-03 -2.653929848389E+00  3.879083890594E+00  3.510470234929E-02 -1.403656118996E-01  1.052609095507E-01 -1.155041205869E-01  1.616351264046E-03  1.517473348809E-05  8.823929299548E-06  2.460716948538E-06  3.173524036876E-01 -1.517473345155E-05 -9.945497432022E-03 -8.378767049717E-21 -6.415193435485E-21  1.245514106883E-19 -7.044357619684E-03
  1.000000000000E+02  1.020000000000E+02  1.500671540873E+01  4.283068113139E-15 -1.810047371252E-01  2.275910290643E+02  5.770888364164E-01  8.791167896392E-01 -4.750311754269E-01 -3.632908682479E-03 -2.706120902020E+00  3.817641389775E+00  3.340199088228E-02 -1.362724174612E-01  1.028704265782E-01 -1.099793799366E-01  1.758920894825E-03  2.688891099363E-06  6.064831528295E-06 -3.459644346598E-06  3.041745810290E-01 -2.688891153984E-06 -1.076458035690E-02  3.128694719862E-20 -7.701095423850E-21  1.193107216561E-19 -6.699826454688E-03
  1.040000000000E+02  1.060000000000E+02  1.508098602435E+01  3.557026490482E-15 -1.838017028694E-01  2.298145592589E+02  5.768037223052E-01  8.761792460099E-01 -4.731356861036E-01 -3.628834788763E-03 -2.761446888838E+00  3.758432357794E+00  3.171134372169E-02 -1.321983642157E-01  1.004870204933E-01 -1.044920402112E-01  1.970908434981E-03  8.665815899065E-07  4.911503463148E-06 -9.265605893867E-06  2.908955243935E-01 -8.665815174829E-07 -1.098707227146E-02  2.000039595422E-21 -5.596655427892E-21  1.218169165724E-19 -6.372538159485E-03
  1.080000000000E+02  1.100000000000E+02  1.515209760869E+01  4.664551441861E-15 -1.864661918710E-01  2.319542540931E+02  5.764303713464E-01  8.742984278350E-01 -4.712249844748E-01 -3.620852175350E-03 -2.814387894901E+00  3.703466893047E+00  3.024791902811E-02 -1.285138257285E-01  9.826590669989E-02 -9.946042726851E-02  1.815908332217E-03  7.083980107553E-06  6.680316375444E-06 -4.043792480428E-06  2.798992447589E-01 -7.083980133489E-06 -1.088675952924E-02 -1.477852827750E-20 -1.236974077084E-20  1.325754625299E-19 -6.087726583881E-03
  1.120000000000E+02  1.140000000000E+02  1.522095920357E+01  4.183293468574E-15 -1.892038605321E-01  2.340353946749E+02  5.759507070966E-01  8.726723375878E-01 -4.692653556755E-01 -3.595028338227E-03 -2.868044984423E+00  3.651318859793E+00  2.899335548155E-02 -1.251320354202E-01  9.613867993837E-02 -9.540283975333E-02  1.917159034150E-03 -2.309182309891E-06  7.621877424606E-06  3.426025855783E-06  2.707579612503E-01  2.309182374199E-06 -1.108034144109E-02 -9.835460283946E-21 -1.459012056485E-20  1.258780011167E-19 -5.845197964259E-03
  1.160000000000E+02  1.180000000000E+02  1.528752253109E+01  3.580672939864E-15 -1.920016047199E-01  2.360564829746E+02  5.753507395611E-01  8.712986234474E-01 -4.673013723146E-01 -3.581065318975E-03 -2.922927049321E+00  3.602691306970E+00  2.772548241995E-02 -1.219313799896E-01  9.420589756939E-02 -9.153956958468E-02  1.889059459725E-03 -1.257204340349E-05  6.695491680974E-06 -3.465843211713E-06  2.615968669811E-01  1.257204334267E-05 -1.155768355719E-02 -1.652687651968E-21 -2.447221251516E-20  1.078919261897E-19 -5.602181473239E-03
  1.200000000000E+02  1.220000000000E+02  1.535172931320E+01  3.167938567722E-15 -1.950270817436E-01  2.380132178863E+02  5.747061306178E-01  8.702813028074E-01 -4.653346031849E-01 -3.552835851395E-03 -2.981726734807E+00  3.555736203222E+00  2.657781295899E-02 -1.189360758764E-01  9.235826291634E-02 -8.771068884966E-02  2.156559417134E-03 -1.452850271368E-06  7.041433017928E-06 -2.441832150105E-06  2.522765360358E-01  1.452850292087E-06 -1.230456946299E-02 -1.002743284206E-20 -1.029876010180E-20  1.191872502718E-19 -5.365406208878E-03
  1.240000000000E+02  1.260000000000E+02  1.541365312552E+01  1.893899967409E-15 -1.981627710790E-01  2.399072040871E+02  5.741159314304E-01  8.696504882605E-01 -4.633577094291E-01 -3.529686346628E-03 -3.042313953647E+00  3.510126324006E+00  2.556465250320E-02 -1.160564155199E-01  9.049176301687E-02 -8.401598916799E-02  2.273704479160E-03  1.584647421217E-05  7.931732470297E-06  2.502830655795E-06  2.433868716380E-01 -1.584647429219E-05 -1.242767123018E-02 -1.490598704328E-20 -8.782795471526E-21  9.996108862956E-20 -5.145275547989E-03
  1.280000000000E+02  1.300000000000E+02  1.547347946729E+01  6.498764200391E-16 -2.012009851991E-01  2.417432175114E+02  5.736191025093E-01  8.690458268610E-01 -4.613497172547E-01 -3.480183010959E-03 -3.101416838057E+00  3.466638365961E+00  2.439977466847E-02 -1.132695719955E-01  8.886979732760E-02 -8.063295212688E-02  2.115342849975E-03  9.152397524389E-06  6.875543745869E-06  2.356398343483E-06  2.355564195766E-01 -9.152397412094E-06 -1.185483656438E-02 -3.895962639392E-20  5.417947842409E-21  1.227754325826E-19 -4.945839073847E-03
  1.320000000000E+02  1.340000000000E+02  1.553146913098E+01 -8.582559576226E-16 -2.040682344862E-01  2.435282065435E+02  5.731898372041E-01  8.681783875749E-01 -4.593590481104E-01 -3.452210359067E-03 -3.157782277485E+00  3.423251166826E+00  2.329704874449E-02 -1.106094826109E-01  8.731243386605E-02 -7.765880686309E-02  1.897052935759E-03 -1.145396087996E-05  4.578621486092E-06 -4.052732907074E-06  2.281553042411E-01  1.145396074092E-05 -1.089384011890E-02 -2.188956807780E-20 -3.843336165995E-21  1.224419697072E-19 -4.752876549985E-03
  1.360000000000E+02  1.380000000000E+02  1.558752386517E+01 -5.308455353533E-15 -2.066611501392E-01  2.452597014336E+02  5.727741516742E-01  8.669731573651E-01 -4.573910489098E-01 -3.400041555299E-03 -3.209741738478E+00  3.379859844748E+00  2.235286401711E-02 -1.079350538284E-01  8.558218981175E-02 -7.442807796319E-02  1.766853038251E-03 -1.489278723610E-06  3.499190986240E-06 -1.022515810527E-05  2.205944911845E-01  1.489278839740E-06 -9.591124576293E-03 -9.725339740987E-21 -1.252021515630E-20  1.182631946953E-19 -4.561285397427E-03
  1.400000000000E+02  1.420000000000E+02  1.564170619458E+01 -1.136762573540E-14 -2.089133499248E-01  2.469384896199E+02  5.723481584280E-01  8.653703335812E-01 -4.553658822264E-01 -3.347866206395E-03 -3.256537616344E+00  3.338996002767E+00  2.150317058413E-02 -1.053790391740E-01  8.387586859004E-02 -7.159799142491E-02  1.538489922693E-03  8.928134678960E-06  4.342991144670E-06 -6.676480688873E-06  2.137130286104E-01 -8.928134889379E-06 -8.459383760219E-03  3.808423100892E-21 -3.158717933406E-20  1.133763126150E-19 -4.389887186902E-03
  1.440000000000E+02  1.460000000000E+02  1.569437278849E+01 -1.432123206193E-14 -2.109319561876E-01  2.485742927590E+02  5.718870091258E-01  8.637968033905E-01 -4.533487390958E-01 -3.322826037691E-03 -3.299489576632E+00  3.300928547477E+00  2.079774270450E-02 -1.031971825544E-01  8.239943984986E-02 -6.896177991664E-02  1.278948321854E-03  4.022813348519E-06  5.138128572993E-06  8.844929561562E-06  2.072446719874E-01 -4.022813342669E-06 -7.862270347012E-03 -1.214798388074E-20 -5.637006095425E-21  1.225541409234E-19 -4.229420704160E-03
  1.480000000000E+02  1.500000000000E+02  1.574536355491E+01 -1.512219595783E-14 -2.127999926317E-01  2.501623795256E+02  5.713621203525E-01  8.618388466099E-01 -4.513587057954E-01 -3.275450947704E-03 -3.340037018931E+00  3.265091976843E+00  2.007884455638E-02 -1.010719615412E-01  8.099311698362E-02 -6.643717553397E-02  1.259728174359E-03 -5.202185205177E-06  4.541981892981E-06  2.010518749820E-05  2.010592708087E-01  5.202185130830E-06 -7.432604762422E-03 -9.884461594166E-21 -1.546746927262E-20  1.117038854135E-19 -4.074081370079E-03
  1.520000000000E+02  1.540000000000E+02  1.579491622864E+01 -1.615906085155E-14 -2.145663325431E-01  2.517100130561E+02  5.708133360775E-01  8.602584722436E-01 -4.493381490262E-01 -3.239906537433E-03 -3.378871184291E+00  3.231310850210E+00  1.941192231773E-02 -9.912941695523E-02  7.971749463780E-02 -6.404668559234E-02  1.143945570265E-03 -1.456375572440E-05  2.870079353520E-06  2.869814655701E-06  1.955693255653E-01  1.456375572528E-05 -6.701113336518E-03 -4.151275752757E-20 -7.644487667258E-21  1.082228356200E-19 -3.939187603873E-03
  1.560000000000E+02  1.580000000000E+02  1.584311700721E+01 -1.631023210010E-14 -2.161380570338E-01  2.532197161783E+02  5.703119875677E-01  8.590640044272E-01 -4.473328610146E-01 -3.188077631148E-03 -3.414577181731E+00  3.201361856162E+00  1.886889881819E-02 -9.745531583346E-02  7.858641701466E-02 -6.204127867849E-02  9.647714664140E-04 -1.658025125775E-05  2.191465454818E-06 -1.834896772172E-05  1.906413209640E-01  1.658025121435E-05 -5.820261259965E-03 -3.113861056986E-20 -1.028544955284E-20  1.060711235328E-19 -3.825145190582E-03
  1.600000000000E+02  1.620000000000E+02  1.589019168642E+01 -1.523642533032E-14 -2.175246357689E-01  2.546985734027E+02  5.699334429836E-01  8.577486972723E-01 -4.452938747550E-01 -3.177232343162E-03 -3.447422878299E+00  3.169881122323E+00  1.824193762831E-02 -9.560493919391E-02  7.736300156482E-02 -6.039457759617E-02  8.737427256224E-04 -3.449983093406E-06  3.815515778082E-06 -7.838171481781E-06  1.857866275057E-01  3.449983122287E-06 -5.245697592593E-03 -1.295483870244E-20 -1.875987133402E-20  1.176440189224E-19 -3.719715043384E-03
  1.640000000000E+02  1.660000000000E+02  1.593602872962E+01 -1.369719058950E-14 -2.187715015776E-01  2.561421059437E+02  5.696290065111E-01  8.560719790738E-01 -4.432875598553E-01 -3.157108518216E-03 -3.477595468817E+00  3.140052067948E+00  1.773073493216E-02 -9.381227203236E-02  7.608153710027E-02 -5.859315670808E-02  8.368726759696E-04  1.237386777029E-05  5.021638618517E-06  1.242553624034E-05  1.808652236680E-01 -1.237386777388E-05 -4.547301388968E-03 -3.092622885495E-20 -1.656050505704E-20  9.091594120484E-20 -3.607780662762E-03
  1.680000000000E+02  1.700000000000E+02  1.598069333412E+01 -1.202515561086E-14 -2.197537553358E-01  2.575517666973E+02  5.693119292526E-01  8.540837619995E-01 -4.412478879057E-01 -3.131555745607E-03 -3.503120184097E+00  3.110406016793E+00  1.716669957754E-02 -9.211334182516E-02  7.494664224695E-02 -5.684329336947E-02  6.074710215418E-04  3.292729473367E-06  3.837328555922E-06  4.424212880538E-06  1.762441956246E-01 -3.292729451030E-06 -3.448475151187E-03 -3.770233102477E-20 -1.211585295427E-20  1.284796261585E-19 -3.498683932862E-03
  1.720000000000E+02  1.740000000000E+02  1.602417015679E+01 -1.069002814510E-14 -2.204795165518E-01  2.589266117760E+02  5.690012994175E-01  8.515637721178E-01 -4.393007561751E-01 -3.114151539564E-03 -3.524342965424E+00  3.080979438438E+00  1.665892863441E-02 -9.047028118741E-02  7.381135255321E-02 -5.509728827129E-02  3.893501315221E-04 -8.567056078561E-06  2.167773637263E-06 -5.707673392036E-06  1.716933030849E-01  8.567056064950E-06 -2.280174097769E-03 -4.026925736903E-20 -2.372110800954E-20  1.077585699697E-19 -3.388668909884E-03
  1.760000000000E+02  1.780000000000E+02  1.606651626397E+01 -9.808847527618E-15 -2.209062687103E-01  2.602688142775E+02  5.686701179890E-01  8.489869422134E-01 -4.372547020730E-01 -3.114453174269E-03 -3.540563395685E+00  3.050688099443E+00  1.619298234229E-02 -8.889460906300E-02  7.270162672055E-02 -5.325603952944E-02  1.492473964262E-04 -8.122215292378E-06  1.420736122183E-06 -4.587325078238E-06  1.661915767102E-01  8.122215310237E-06 -1.617927817461E-03 -3.444673506543E-20 -1.922052295371E-20  1.057104832893E-19 -3.259332953965E-03
  1.800000000000E+02  1.820000000000E+02  1.610726020397E+01 -8.563052104777E-15 -2.212879125721E-01  2.615629378519E+02  5.682482639243E-01  8.466595681500E-01 -4.353487682941E-01 -3.102554983185E-03 -3.555815077370E+00  3.021575954283E+00  1.560833233062E-02 -8.727559308239E-02  7.166726075210E-02 -5.111618753987E-02  1.125415971410E-04 -3.398273956017E-07  7.013816523375E-07 -4.002848923222E-06  1.612687639759E-01  3.398273676000E-07 -1.669493300535E-03 -6.142334977048E-20 -6.707606781984E-21  1.120545608194E-19 -3.152108043412E-03
  1.840000000000E+02  1.860000000000E+02  1.614715909797E+01 -6.809510854494E-15 -2.217427712711E-01  2.628327539466E+02  5.677435851409E-01  8.446369058809E-01 -4.333051868319E-01 -3.105021408241E-03 -3.572180267253E+00  2.993923870212E+00  1.515018601444E-02 -8.577056209298E-02  7.062037607880E-02 -4.972414354030E-02  1.642069745214E-04 -3.847921694722E-06 -5.867104264720E-07 -6.023600788823E-06  1.564837559815E-01  3.847921698698E-06 -1.907235840036E-03 -6.304013911745E-20  4.313634558418E-22  8.708013982356E-20 -3.051445936105E-03
  1.880000000000E+02  1.900000000000E+02  1.618547684860E+01 -5.367138663480E-15 -2.222595316755E-01  2.640552222040E+02  5.672099555756E-01  8.434171254754E-01 -4.314197264517E-01 -3.112030738193E-03 -3.589083731087E+00  2.968580624826E+00  1.483024055604E-02 -8.444482555686E-02  6.961458500031E-02 -4.796376998913E-02  1.785902253500E-04 -1.306709027609E-05 -1.139797229821E-06 -3.411167278977E-06  1.520050157700E-01  1.306709025980E-05 -2.009823477430E-03 -6.594942067876E-20 -1.509891575785E-21  1.069776185962E-19 -2.953342507446E-03
  1.920000000000E+02  1.940000000000E+02  1.622312151462E+01 -4.329887793794E-15 -2.227691726765E-01  2.652578762977E+02  5.666260602067E-01  8.417917008156E-01 -4.293432826560E-01 -3.107580013695E-03 -3.605998937755E+00  2.942284388886E+00  1.430238188474E-02 -8.292049773286E-02  6.861811584854E-02 -4.655092004662E-02  1.088892381844E-04  3.414787422546E-06 -5.351401800029E-07  2.135872690469E-07  1.489406530609E-01 -3.414787404736E-06 -1.747822090704E-03 -4.061948150294E-20 -1.136201330005E-20  9.252589620023E-20 -2.871162081810E-03
  1.960000000000E+02  1.980000000000E+02  1.625996103118E+01 -3.009916101082E-15 -2.231274481590E-01  2.664383207373E+02  5.660094882618E-01  8.405575570866E-01 -4.274798707804E-01 -3.122632062575E-03 -3.620217687514E+00  2.922046804501E+00  1.402576992464E-02 -8.173868930468E-02  6.771291938068E-02 -4.528577739422E-02 -1.462122186987E-04  2.286749152462E-06 -9.904927409759E-07 -7.314004455598E-07  1.470689010911E-01 -2.286749134648E-06 -1.194823555530E-03 -2.856124271569E-20 -2.597205279883E-20  1.104792807797E-19 -2.799476716023E-03
  2.000000000000E+02  2.020600000000E+02  1.629666076344E+01 -1.646473792085E-15 -2.233541396707E-01  2.676151758533E+02  5.652171590398E-01  8.388826429036E-01 -4.253524463192E-01 -3.117404669238E-03 -3.632236632007E+00  2.901037866763E+00  1.309556318532E-02 -7.925129760274E-02  6.615573441747E-02 -4.453617242876E-02  1.306964022161E-04 -2.943383854307E-06 -1.970056082835E-06 -1.809107258088E-06  1.434386466890E-01  2.943383894721E-06 -9.182832140765E-04 -5.337589759587E-20 -4.578449050288E-21  8.558348943276E-20 -2.765996051371E-03
  2.041200000000E+02  2.062418000000E+02  1.633379878492E+01 -9.806137744988E-16 -2.236078424507E-01  2.688098763472E+02  5.644079429140E-01  8.376740410639E-01 -4.233286703383E-01 -3.151742431498E-03 -3.645377508632E+00  2.885126321356E+00  1.222400544178E-02 -7.672522174822E-02  6.450121630650E-02 -4.403253566814E-02  2.523509009872E-05  3.769728886356E-06 -1.659910085441E-06 -4.963885758656E-06  1.401716404629E-01 -3.769728952682E-06 -8.719928825847E-04 -3.686644054863E-20 -1.318452454078E-21  8.080244061229E-20 -2.729064864830E-03
  2.083636000000E+02  2.105490540000E+02  1.637100924229E+01 -8.547836917450E-16 -2.238242430541E-01  2.700090759331E+02  5.636049061935E-01  8.361900350629E-01 -4.211466295334E-01 -3.149707890848E-03 -3.658611431444E+00  2.867576021475E+00  1.120743529958E-02 -7.413616489298E-02  6.292872959199E-02 -4.325841601936E-02  1.135854313010E-04 -3.925315808595E-06 -1.322307534586E-06 -7.370521420340E-06  1.376201628241E-01  3.925315983293E-06 -9.666891633717E-04 -5.347023376653E-20 -1.044419878836E-20  8.889364312970E-20 -2.688172272274E-03
  2.127345080000E+02  2.149855256200E+02  1.640899479684E+01 -5.299497639044E-16 -2.241493605438E-01  2.712361395477E+02  5.628342248406E-01  8.353272264380E-01 -4.189848493480E-01 -3.177330224780E-03 -3.674182003490E+00  2.849772302018E+00  1.003507437205E-02 -7.138665999479E-02  6.135158562229E-02 -4.279275291684E-02  1.333836643947E-04 -6.254643895292E-07 -1.334320306018E-06 -7.898088105967E-06  1.354618122718E-01  6.254642831747E-07 -1.380021105542E-03 -3.190836248951E-20 -8.537283181084E-21  6.980823577425E-20 -2.655727190153E-03
  2.172365432400E+02  2.195550913886E+02  1.644725661713E+01  4.760376030721E-16 -2.246169607882E-01  2.724745044188E+02  5.620832859170E-01  8.342721619080E-01 -4.166964900502E-01 -3.177577179807E-03 -3.691960944566E+00  2.832183790484E+00  8.924845952104E-03 -6.859073591621E-02  5.966588996291E-02 -4.215051956733E-02  1.753684833128E-04  3.447874333461E-06 -2.030387071835E-06 -5.383376188505E-06  1.328180856449E-01 -3.447874288417E-06 -1.884953520714E-03 -5.341411414630E-20 -1.462177181668E-20  7.946222800707E-20 -2.614801750175E-03
  2.218736395372E+02  2.242617441303E+02  1.648598535456E+01  6.884533497757E-16 -2.252363430152E-01  2.737312338580E+02  5.612802721783E-01  8.333056173301E-01 -4.144083914945E-01 -3.204688459670E-03 -3.712507510491E+00  2.815029067259E+00  7.877987872852E-03 -6.576963064482E-02  5.789164277196E-02 -4.159640045263E-02  3.893989752217E-04 -1.019464644508E-06 -3.048930309788E-06 -4.787558932088E-06  1.302049369927E-01  1.019464576336E-06 -1.989473346666E-03 -3.423984225673E-20 -1.537621852278E-20  7.737149135075E-20 -2.578296304811E-03
  2.266498487233E+02  2.291095964542E+02  1.652495322697E+01 -6.787302743854E-16 -2.258012313854E-01  2.749983767682E+02  5.603473407431E-01  8.331518435174E-01 -4.120046975569E-01 -3.214695123698E-03 -3.732066554568E+00  2.798921934492E+00  6.792997745337E-03 -6.286253790279E-02  5.606954015722E-02 -4.092620743760E-02  3.048590786771E-04 -8.078920051221E-08 -2.721118461821E-06 -7.036472576834E-06  1.270428161673E-01  8.078924424886E-08 -1.808819780368E-03 -4.689146925121E-20 -6.824783936865E-21  8.162593936594E-20 -2.537034056717E-03
  2.315693441850E+02  2.341028843478E+02  1.656409512592E+01 -2.193976301271E-15 -2.263598055345E-01  2.762735116541E+02  5.592723655750E-01  8.332631159071E-01 -4.095832312603E-01 -3.254472213409E-03 -3.751764144972E+00  2.783318589207E+00  5.669263919458E-03 -5.992186173905E-02  5.425259781947E-02 -4.020265882589E-02  2.713235681366E-04  8.716367782337E-06 -2.411823015656E-06 -1.817290144614E-06  1.240743555465E-01 -8.716367813877E-06 -1.474501413329E-03 -5.172429533478E-20 -5.604544121465E-21  6.191836934739E-20 -2.491757294004E-03
  2.366364245106E+02  2.392459708782E+02  1.660355722289E+01 -3.046228950150E-15 -2.267395168375E-01  2.775609271169E+02  5.580198128834E-01  8.333331834371E-01 -4.070712236018E-01 -3.266861004074E-03 -3.768993295206E+00  2.768778876486E+00  4.419668675594E-03 -5.696540831699E-02  5.254573964109E-02 -3.953927564242E-02  6.579909215793E-05  1.476210008307E-06 -3.695027902845E-06 -1.495769671290E-07  1.217519176737E-01 -1.476210042244E-06 -6.692882475559E-04 -4.463990068056E-20 -8.421591142273E-21  7.769501922676E-20 -2.453994019310E-03
  2.418555172459E+02  2.445433500046E+02  1.664351160861E+01 -3.265296475952E-15 -2.267963020126E-01  2.788671172959E+02  5.565153928965E-01  8.332536363690E-01 -4.044905885070E-01 -3.300941815505E-03 -3.780948946748E+00  2.758830279943E+00  3.262296106431E-03 -5.419439489475E-02  5.093209878813E-02 -3.908051021191E-02 -2.167898648027E-04 -3.935583804716E-06 -5.057322010401E-06  6.721331066893E-07  1.195838052953E-01  3.935583783766E-06  2.415076867502E-04 -6.534729861277E-20 -2.192224051871E-20  8.722385499698E-20 -2.431089835432E-03
  2.472311827633E+02  2.499996505047E+02  1.668388703492E+01 -3.755075279945E-15 -2.265714220137E-01  2.801900658915E+02  5.548430857783E-01  8.329963908809E-01 -4.018491273096E-01 -3.329751335302E-03 -3.788051007521E+00  2.749361227680E+00  2.186841969425E-03 -5.129121228158E-02  4.910437031177E-02 -3.879042368108E-02 -3.323777693232E-04 -7.632505863305E-07 -5.397929607551E-06  3.915059818917E-06  1.181731033934E-01  7.632506013767E-07  5.141712539550E-04 -6.448465350787E-20 -7.167690176446E-21  7.328144050292E-20 -2.419733977565E-03
  2.527681182462E+02  2.556196400198E+02  1.672528923950E+01 -5.153858315237E-15 -2.264271506121E-01  2.815507142366E+02  5.530644472455E-01  8.315073260118E-01 -3.991076055631E-01 -3.371480905957E-03 -3.796608261109E+00  2.740582858259E+00  9.548682311766E-04 -4.818518319373E-02  4.723031496269E-02 -3.858568973780E-02 -3.551390971783E-04  2.089614970806E-06 -5.147670979829E-06  1.380821653316E-06  1.164735623703E-01 -2.089615008169E-06  1.032539728961E-03 -4.654181486474E-20  1.158941020733E-21  5.529186833733E-20 -2.398816369843E-03
  2.584711617935E+02  2.614082292204E+02  1.676692296244E+01 -6.574177689502E-15 -2.258346088804E-01  2.829219397194E+02  5.510861105355E-01  8.298687792161E-01 -3.963473194086E-01 -3.427582738491E-03 -3.797030282811E+00  2.731721584356E+00 -1.865832785080E-04 -4.499487168018E-02  4.518145495843E-02 -3.822907643339E-02 -5.414419079871E-04  2.877517821870E-06 -4.719817005470E-06 -6.026833839270E-07  1.148836232993E-01 -2.877517810334E-06  2.177533983009E-03 -4.780499630867E-20 -2.118741728515E-20  6.520722423028E-20 -2.390311564839E-03
  2.643452966473E+02  2.673704760971E+02  1.680965909600E+01 -6.972227699700E-15 -2.248351928964E-01  2.843324663500E+02  5.489294712589E-01  8.273753778040E-01 -3.934612099904E-01 -3.463739647602E-03 -3.790678311208E+00  2.726231782235E+00 -1.350099945520E-03 -4.186960105897E-02  4.321970100537E-02 -3.827969672515E-02 -8.695598522127E-04  3.551558331442E-06 -4.744171802352E-06 -6.744605846410E-07  1.137429369205E-01 -3.551558340371E-06  2.990116565915E-03 -7.914573402141E-20 -6.055646149307E-21  5.613251964278E-20 -2.389469487639E-03
  2.703956555468E+02  2.735115903800E+02  1.685296159124E+01 -5.807814877172E-15 -2.235797993260E-01  2.857657894670E+02  5.466566518325E-01  8.247937586154E-01 -3.905336377141E-01 -3.575586195693E-03 -3.780270228454E+00  2.721542116087E+00 -2.399744686520E-03 -3.863846077090E-02  4.103820545717E-02 -3.816188344503E-02 -9.013303421265E-04  4.166126650627E-06 -5.080781373616E-06 -1.401966740583E-06  1.119653912487E-01 -4.166126625301E-06  3.947073880118E-03 -7.537956441893E-20 -8.779512830564E-21  6.810001755055E-20 -2.386255839402E-03
  2.766275252132E+02  2.798369380914E+02  1.689689881137E+01 -4.017040172721E-15 -2.217686329342E-01  2.872236973742E+02  5.442563170406E-01  8.213455715770E-01 -3.874571596650E-01 -3.613257190993E-03 -3.760860387293E+00  2.716820489669E+00 -3.481186403189E-03 -3.545231449849E-02  3.893350090160E-02 -3.813945031216E-02 -1.195527508354E-03 -8.507380320646E-08 -4.880844080090E-06 -3.779292333099E-07  1.098797021058E-01  8.507382936033E-08  4.988737065932E-03 -9.121906947366E-20 -1.376223676390E-20  4.469674699856E-20 -2.369363556558E-03
  2.830463509696E+02  2.863520462341E+02  1.694113741235E+01 -2.971400252585E-15 -2.195800614016E-01  2.886967467488E+02  5.416409684592E-01  8.170775995731E-01 -3.843697992558E-01 -3.699020552193E-03 -3.734508379363E+00  2.713622919542E+00 -4.463517114855E-03 -3.228525820782E-02  3.674877532264E-02 -3.780337745743E-02 -1.438947888776E-03  7.364853884223E-07 -4.021194593557E-06 -1.825786335161E-06  1.083863245532E-01 -7.364853960650E-07  6.369199537806E-03 -5.800200741609E-20 -6.685569371486E-21  5.462429973575E-20 -2.365558229009E-03
  2.896577414987E+02  2.930626076211E+02  1.698648280236E+01 -2.349770262626E-15 -2.164997144559E-01  2.902116946854E+02  5.386921304059E-01  8.120461215222E-01 -3.811059683459E-01 -3.742283560093E-03 -3.692359132116E+00  2.710070325519E+00 -5.525148983569E-03 -2.907752045081E-02  3.460266943470E-02 -3.785453938507E-02 -1.822028364337E-03 -1.057719759991E-06 -3.400224457311E-06 -5.062761935150E-06  1.068602497336E-01  1.057719781461E-06  8.163170937326E-03 -6.995826691406E-20 -3.413979429542E-21  6.213005150333E-20 -2.354614360507E-03
  2.964674737436E+02  2.999744858498E+02  1.703211013538E+01 -2.075133034157E-15 -2.126150954230E-01  2.917419855560E+02  5.353329244553E-01  8.052323282021E-01 -3.778253906953E-01 -3.845776314767E-03 -3.636924780781E+00  2.709516561429E+00 -6.558212433661E-03 -2.574962344689E-02  3.230783588067E-02 -3.753568856371E-02 -2.096658345704E-03 -2.952672122716E-07 -3.220657767554E-06 -4.319114421537E-06  1.050812373917E-01  2.952672257548E-07  9.497543156189E-03 -9.040854217080E-20  2.079488448939E-21  3.819703482269E-20 -2.344180849084E-03
  3.034814979559E+02  3.070937204253E+02  1.707861907176E+01 -2.041259161122E-15 -2.081497521372E-01  2.933073915190E+02  5.315880932633E-01  7.977943481780E-01 -3.743858544655E-01 -3.928572938549E-03 -3.571041143914E+00  2.710390389345E+00 -7.485908575330E-03 -2.243146914508E-02  2.991737772090E-02 -3.746609661242E-02 -2.309551504932E-03 -1.623790298286E-06 -3.262414802520E-06 -3.569526161306E-06  1.032340516851E-01  1.623790312624E-06  1.027623172794E-02 -7.820779060265E-20 -4.378966686416E-21  3.239504795733E-20 -2.330799849376E-03
  3.107059428946E+02  3.144265320380E+02  1.712533657252E+01 -2.020285125535E-15 -2.033176326461E-01  2.948858419651E+02  5.274826434430E-01  7.899140803164E-01 -3.708346789317E-01 -4.055244407866E-03 -3.497970628155E+00  2.713985449632E+00 -8.465149447650E-03 -1.921184511773E-02  2.767699456526E-02 -3.703871662293E-02 -2.442909382746E-03 -1.730602615826E-06 -2.985590909438E-06 -6.718028842943E-06  1.004397682578E-01  1.730602623975E-06  1.067903055990E-02 -6.982936069992E-20  2.827184194824E-21  3.772383217277E-20 -2.299907885015E-03
  3.181471211814E+02  3.219793279992E+02  1.717204342851E+01 -1.408573200209E-15 -1.982140197059E-01  2.964691108117E+02  5.229322101110E-01  7.821611614858E-01 -3.671445442753E-01 -4.087006743221E-03 -3.419852884728E+00  2.718837903066E+00 -9.552027538331E-03 -1.604216212036E-02  2.559418965866E-02 -3.658998078918E-02 -2.526696131010E-03 -1.910134165893E-06 -2.062309391217E-06 -4.983341812932E-06  9.855740843598E-02  1.910134217350E-06  1.070156503638E-02 -7.726577368079E-20  5.456311482154E-21  1.966681060344E-20 -2.284875072006E-03
  3.258115348169E+02  3.297587078391E+02  1.721976155120E+01  2.051963922852E-16 -1.930706611220E-01  2.980907619790E+02  5.180856448341E-01  7.738420729166E-01 -3.633753143657E-01 -4.203144469492E-03 -3.341052330771E+00  2.724621875652E+00 -1.054565512417E-02 -1.287414484943E-02  2.341979997265E-02 -3.649279636222E-02 -2.454001111158E-03  2.827578124183E-07 -1.210665909427E-06 -4.665726439901E-06  9.650495733085E-02 -2.827578256066E-07  1.170752559434E-02 -7.664200795870E-20  3.809073511865E-21  3.975769923450E-21 -2.258100508184E-03
  3.337058808614E+02  3.377714690743E+02  1.726728358223E+01  1.749128944982E-15 -1.866633629705E-01  2.997093745623E+02  5.131223483035E-01  7.644169777647E-01 -3.593970072797E-01 -4.202273047702E-03 -3.239781801439E+00  2.730049271019E+00 -1.159975762753E-02 -9.570156296030E-03  2.116991392358E-02 -3.579989371909E-02 -2.987513761999E-03  1.503805549918E-06 -1.169224025516E-06 -1.990017490836E-06  9.444181716008E-02 -1.503805529409E-06  1.325428635931E-02 -7.780595098606E-20  5.175260102497E-21  1.256910715916E-20 -2.232808207021E-03
  3.418370572872E+02  3.460246131465E+02  1.731576739358E+01  2.181536743785E-15 -1.796064417892E-01  3.013675577457E+02  5.078047096762E-01  7.520712726611E-01 -3.552930253401E-01 -4.272285944271E-03 -3.127310986370E+00  2.743082579403E+00 -1.259970237280E-02 -6.359548597966E-03  1.895925097103E-02 -3.569328235157E-02 -3.333092907282E-03  6.503711080938E-07 -1.447697142790E-06 -8.785883815288E-07  9.314668242101E-02 -6.503711078527E-07  1.438998243738E-02 -7.921421104237E-20 -1.069083407948E-20  1.569634943619E-20 -2.230696522893E-03
  3.502121690058E+02  3.545253515409E+02  1.736480515886E+01  1.862302684025E-15 -1.716082167196E-01  3.030494901371E+02  5.020452081559E-01  7.395653757574E-01 -3.510706359441E-01 -4.266998858778E-03 -2.996888792000E+00  2.760510541131E+00 -1.353960295142E-02 -3.310320226692E-03  1.684992317819E-02 -3.566604908943E-02 -3.738643748918E-03  2.608160155741E-06 -7.810303956855E-07 -1.878705607666E-06  9.190390516037E-02 -2.608160149940E-06  1.517143552730E-02 -6.275270402555E-20  2.396827917377E-21 -5.788812541246E-21 -2.226197083500E-03
  3.588385340760E+02  3.632811120872E+02  1.741487347344E+01  1.484085134877E-15 -1.632326079658E-01  3.047739598595E+02  4.960707707343E-01  7.254544754129E-01 -3.466548282209E-01 -4.281006919992E-03 -2.859483098778E+00  2.775800898369E+00 -1.445337183430E-02 -3.448879318628E-04  1.479825976629E-02 -3.560834713136E-02 -3.897300730836E-03  4.127885027738E-06  2.482262095698E-07 -2.687520039829E-06  9.052254048606E-02 -4.127885014473E-06  1.543344230504E-02 -8.278455165792E-20  8.202211456401E-21 -1.287974465384E-20 -2.216888443586E-03
  3.677236900983E+02  3.722995454498E+02  1.746533432768E+01  8.670997947435E-16 -1.544395749453E-01  3.065138236008E+02  4.900196960223E-01  7.128941334808E-01 -3.421008183479E-01 -4.251590967766E-03 -2.712456095038E+00  2.792626091209E+00 -1.524896276711E-02  2.766488501827E-03  1.248247426489E-02 -3.535317036181E-02 -3.786940567596E-03  3.210903523764E-06  8.222382025511E-07 -1.122374027981E-06  8.915971407033E-02 -3.210903533998E-06  1.497553807189E-02 -9.758515017970E-20  6.479503220982E-21  2.044119198195E-22 -2.209541175983E-03
  3.768754008012E+02  3.815885318133E+02  1.751685188344E+01  4.979783946313E-16 -1.460735290447E-01  3.082953418754E+02  4.839429505032E-01  7.018208654646E-01 -3.373045195533E-01 -4.254155797669E-03 -2.571657932107E+00  2.814778778830E+00 -1.614626983564E-02  5.878623659420E-03  1.026764617639E-02 -3.538000844713E-02 -3.653367945361E-03  2.073754589618E-06  8.750056545742E-07  3.673615066278E-07  8.861506308821E-02 -2.073754593610E-06  1.396340911069E-02 -7.343769056572E-20 -1.089495247339E-20 -2.846860180738E-20 -2.221029933718E-03
  3.863016628253E+02  3.911561877677E+02  1.756974628954E+01  1.821854660767E-15 -1.379727548888E-01  3.101297033910E+02  4.779983734852E-01  6.895305053988E-01 -3.323709318019E-01 -4.217649845837E-03 -2.435124707640E+00  2.834728151843E+00 -1.668981593438E-02  8.685636708637E-03  8.004179225711E-03 -3.574517579300E-02 -3.551551610247E-03 -1.111219920774E-06  5.523180240056E-07  1.985385050722E-06  8.823733523100E-02  1.111219939294E-06  1.403099235757E-02 -8.275416880136E-20  4.276223265632E-22 -2.604311942648E-20 -2.242053651947E-03
  3.960107127100E+02  4.010108734007E+02  1.762393937801E+01  3.195465665800E-15 -1.290461216858E-01  3.120142030850E+02  4.719584657077E-01  6.763427637441E-01 -3.272440128926E-01 -4.063592091586E-03 -2.284990665232E+00  2.854540777244E+00 -1.735374003978E-02  1.153162275004E-02  5.822117289739E-03 -3.593183611563E-02 -3.727521880859E-03  1.127144728091E-07 -5.192388005286E-08  5.823347338374E-07  8.693779356007E-02 -1.127144518371E-07  1.437371376694E-02 -9.289770103031E-20 -1.633835843357E-20 -1.010393805660E-20 -2.242111819518E-03
  4.060110340913E+02  4.111611996027E+02  1.767840718433E+01  1.758275382929E-15 -1.200146261477E-01  3.139129680632E+02  4.655958466785E-01  6.622117680097E-01 -3.219113786168E-01 -3.983605356045E-03 -2.131500421908E+00  2.880055889628E+00 -1.823539103081E-02  1.443936109602E-02  3.796029934710E-03 -3.571671101537E-02 -3.635670665122E-03 -9.674556415894E-07 -9.557921578087E-07  1.148471167231E-07  8.547960332529E-02  9.674556157273E-07  1.419840437422E-02 -1.094228963752E-19  4.350060735078E-21 -3.464282119466E-20 -2.227283493972E-03
  4.163113651141E+02  4.216160355908E+02  1.773397662042E+01 -7.465892776689E-16 -1.107931519881E-01  3.158545158314E+02  4.589118015682E-01  6.481640053035E-01 -3.164186797266E-01 -3.892970351141E-03 -1.972991387776E+00  2.904601801325E+00 -1.881071162870E-02  1.708518337078E-02  1.725528257664E-03 -3.564253513722E-02 -3.669349029598E-03 -1.569991101170E-06 -1.996951546072E-06  1.547924314691E-06  8.381117640192E-02  1.569991097766E-06  1.495215674929E-02 -6.087753939125E-20  8.568631265928E-21 -2.958770741846E-20 -2.216053895381E-03
  4.269207060675E+02  4.323845166585E+02  1.778953924080E+01 -2.606952414358E-15 -1.002062930478E-01  3.178012325707E+02  4.519264065983E-01  6.336419498908E-01 -3.107500690418E-01 -3.722203297792E-03 -1.788333145524E+00  2.933133222947E+00 -1.951554916088E-02  1.961718819000E-02 -1.016390290963E-04 -3.536402170858E-02 -4.124069885079E-03 -1.333038645763E-06 -2.700108468291E-06 -6.013702725885E-07  8.285038408090E-02  1.333038615665E-06  1.684763109462E-02 -9.073661268729E-20  6.025144594010E-22 -2.248788659563E-20 -2.217672698299E-03
  4.378483272495E+02  4.434760521583E+02  1.784714525198E+01 -5.085382491267E-15 -8.778248573266E-02  3.198246557265E+02  4.446690819683E-01  6.184651697103E-01 -3.048708176935E-01 -3.616882649048E-03 -1.572704526954E+00  2.965600256795E+00 -2.026232903111E-02  2.218099401981E-02 -1.918664988092E-03 -3.563873469606E-02 -4.810321821759E-03 -1.833910916727E-06 -2.982315978991E-06 -2.726998640434E-07  8.199774562570E-02  1.833910931361E-06  1.765962013967E-02 -7.272611944173E-20  1.977183040534E-20 -3.061174564252E-20 -2.222714640691E-03
  4.491037770670E+02  4.549003337230E+02  1.790490599839E+01 -8.126360189510E-15 -7.535564686891E-02  3.218662055717E+02  4.371420243245E-01  6.034912875567E-01 -2.987541901409E-01 -3.410752069123E-03 -1.356527265505E+00  2.998433298565E+00 -2.071828685266E-02  2.447054272573E-02 -3.752255872938E-03 -3.532483086508E-02 -4.862858108292E-03 -6.629571150114E-07 -3.502909308471E-06 -2.659130110655E-06  8.040987031202E-02  6.629570668274E-07  1.580726038733E-02 -1.011301170759E-19  8.944679342799E-21 -3.347377455991E-20 -2.202654333071E-03
  4.606968903790E+02  4.666673437347E+02  1.796365722052E+01 -9.481393823998E-15 -6.487106684340E-02  3.239463406090E+02  4.293082279397E-01  5.880847377725E-01 -2.924827951712E-01 -3.227776487708E-03 -1.175169233543E+00  3.034735187907E+00 -2.121811551889E-02  2.670452972084E-02 -5.486414202277E-03 -3.526014672225E-02 -4.132984455631E-03 -8.529436470042E-07 -3.917096183541E-06 -3.365408934396E-06  7.989767000442E-02  8.529436357679E-07  1.452259929549E-02 -1.022513240108E-19  9.919543735370E-21 -3.382596324580E-20 -2.203525335751E-03
  4.726377970904E+02  4.787873640468E+02  1.802416631186E+01 -7.694585926176E-15 -5.367917457338E-02  3.260982302217E+02  4.212851039117E-01  5.703686898535E-01 -2.860318836751E-01 -3.131518173776E-03 -9.797048580466E-01  3.072262108868E+00 -2.158256131769E-02  2.892172427728E-02 -7.339162959802E-03 -3.530019727328E-02 -4.365986434361E-03  1.122129059033E-06 -3.906317176571E-06 -1.421331357183E-06  7.859538985013E-02 -1.122129046725E-06  1.438703101263E-02 -1.063471338677E-19  2.853415152740E-21 -3.773047085897E-20 -2.200346505375E-03
  4.849369310031E+02  4.912709849682E+02  1.808448059978E+01 -3.573529131750E-15 -4.274980882353E-02  3.282482730718E+02  4.133255414052E-01  5.537083100906E-01 -2.793701810310E-01 -2.912572224828E-03 -7.858583698008E-01  3.104087157945E+00 -2.202498005619E-02  3.081291463792E-02 -8.787934581747E-03 -3.499077765176E-02 -4.453854732605E-03  3.020054227459E-06 -3.519332744125E-06 -7.557588062611E-08  7.689125696364E-02 -3.020054214031E-06  1.343261398818E-02 -1.062864693083E-19 -4.435552054485E-21 -2.975459286175E-20 -2.177394977452E-03
  4.976050389332E+02  5.041291145172E+02  1.814589865522E+01  3.001178981078E-15 -3.239728818280E-02  3.304454169022E+02  4.053583680239E-01  5.378727449957E-01 -2.725985663384E-01 -2.855932480156E-03 -6.008635390203E-01  3.145330713800E+00 -2.211890495727E-02  3.242673445069E-02 -1.030782949316E-02 -3.485822290512E-02 -4.261809389978E-03  2.515443089643E-06 -2.727825824515E-06 -1.567030319599E-06  7.564330287558E-02 -2.515443059347E-06  1.225068767795E-02 -1.131848065896E-19  1.080658514252E-20 -4.844292416892E-20 -2.187000875210E-03
  5.106531901012E+02  5.173729879527E+02  1.820785937422E+01  8.118397194374E-15 -2.276293888304E-02  3.326676993417E+02  3.972663736219E-01  5.211165119561E-01 -2.654612931215E-01 -2.915845177674E-03 -4.255213138997E-01  3.188169353230E+00 -2.226351876356E-02  3.395703929335E-02 -1.169352053008E-02 -3.507613349241E-02 -3.731173099379E-03  2.692437141108E-06 -2.310640418907E-06 -3.544510479231E-06  7.450004132051E-02 -2.692437119283E-06  1.095115738798E-02 -8.900165159876E-20  1.466190964473E-20 -3.937764163047E-20 -2.198971565936E-03
  5.240927858042E+02  5.310141775913E+02  1.827106639926E+01  8.759068141657E-15 -1.400374106071E-02  3.349425482255E+02  3.891425480763E-01  5.005512874686E-01 -2.583345980289E-01 -2.822183053439E-03 -2.661572939558E-01  3.222771621308E+00 -2.252876599636E-02  3.517357612714E-02 -1.264481013071E-02 -3.517248505220E-02 -3.527787169673E-03  2.759858807215E-07 -1.724863716219E-06 -1.477052687588E-06  7.264421570970E-02 -2.759858809308E-07  9.526502520415E-03 -8.518563194624E-20  1.081807234018E-20 -4.658721525869E-20 -2.170494870198E-03
  5.379355693784E+02  5.450646029190E+02  1.833357038704E+01  8.624207865499E-15 -6.263209690205E-03  3.371942930211E+02  3.809873401126E-01  4.834781800111E-01 -2.508381382664E-01 -2.755453829445E-03 -1.210018526545E-01  3.262568037547E+00 -2.279304787462E-02  3.640029295881E-02 -1.360724508427E-02 -3.437348670519E-02 -2.895393737126E-03  1.234814528467E-06 -2.177545878442E-07  9.971613042513E-07  7.030640479723E-02 -1.234814524165E-06  8.371555897323E-03 -1.176541440906E-19  9.551377914348E-21 -3.872555967569E-20 -2.137727940462E-03
  5.521936364597E+02  5.595365410066E+02  1.839639817919E+01  1.075625437605E-14  9.202570524544E-04  3.394638937313E+02  3.730415334793E-01  4.626131062596E-01 -2.431120302790E-01 -2.672755418113E-03  1.275597242435E-02  3.307464770186E+00 -2.265374423435E-02  3.713901242482E-02 -1.448526819038E-02 -3.413538050552E-02 -2.914455555988E-03 -1.112145948901E-06  1.566581444132E-06 -3.374398098633E-07  6.811032057782E-02  1.112145951774E-06  8.902769958419E-03 -1.057587893253E-19  1.288422225939E-20 -5.970308157562E-20 -2.110227206204E-03
  5.668794455535E+02  5.743794455535E+02  1.845863965252E+01  1.355915819077E-14  1.004714082409E-02  3.417209486245E+02  3.652888496752E-01  4.430224155816E-01 -2.352442557773E-01 -2.486591808170E-03  1.841132404287E-01  3.317608209548E+00 -2.238890883699E-02  3.746301075112E-02 -1.507410191428E-02 -3.310045520406E-02 -3.285003239032E-03 -1.026429780595E-06  2.303905406916E-06 -1.310307505284E-06  6.540453396263E-02  1.026429797156E-06  8.626214876902E-03 -1.144532201905E-19  1.300722545475E-20 -4.859814920926E-20 -2.035137908664E-03
  5.818794455535E+02  5.893794455535E+02  1.851904953477E+01  1.474123411229E-14  1.707064340241E-02  3.439201062741E+02  3.578390014882E-01  4.252019154674E-01 -2.274384391881E-01 -2.305826914167E-03  3.168464499460E-01  3.248336403109E+00 -2.176564363915E-02  3.601009066715E-02 -1.424444702803E-02 -3.144456061736E-02 -2.756996739860E-03 -4.661994973139E-07  1.445084630858E-06 -1.561878491541E-06  6.323034463336E-02  4.661994979817E-07  7.271035642277E-03 -7.868779716621E-20  1.339623376695E-20 -5.546890899847E-20 -1.914540711768E-03
  5.968794455535E+02  6.043794455535E+02  1.857717605295E+01  1.505657783781E-14  2.369324127329E-02  3.460398401788E+02  3.502298036251E-01  4.082252038251E-01 -2.194720706661E-01 -2.096961294342E-03  4.422469461171E-01  3.186697188524E+00 -2.101806920330E-02  3.476360234996E-02 -1.374553314682E-02 -2.978637281376E-02 -2.544504970885E-03  1.134821423967E-06  8.100359017815E-07 -4.445670229718E-06  6.126916076772E-02 -1.134821414648E-06  5.633101029382E-03 -9.404673381649E-20  1.769701950837E-20 -5.538416688705E-20 -1.829938752477E-03
  6.118794455535E+02  6.193794455535E+02  1.863389400016E+01  1.637095261689E-14  2.764296218919E-02  3.481180766740E+02  3.426201384343E-01  3.916745273830E-01 -2.115638197064E-01 -2.000050081100E-03  5.184335850552E-01  3.130121161822E+00 -2.060033535611E-02  3.386935116941E-02 -1.326901581363E-02 -2.874176314781E-02 -1.662703707709E-03  1.371852611378E-07  7.665161177125E-07 -6.917289495003E-06  5.864472592536E-02 -1.371852696645E-07  3.485767441589E-03 -9.626531125814E-20  3.020475348992E-21 -5.748900240705E-20 -1.731601897164E-03
  6.268794455535E+02  6.343794455535E+02  1.868711421523E+01  1.717844560538E-14  3.020616871764E-02  3.500720716867E+02  3.353336614913E-01  3.771787848468E-01 -2.034775534861E-01 -1.765406571179E-03  5.698936267124E-01  3.064964471797E+00 -2.020821570374E-02  3.269107657441E-02 -1.248286087093E-02 -2.655272564851E-02 -8.666280238233E-04  3.115757948021E-07  1.466457972367E-09 -4.436306516105E-06  5.541468774955E-02 -3.115757929205E-07  1.074236755969E-03 -8.691235382209E-20  1.103841020696E-20 -5.739691042317E-20 -1.614520834250E-03
  6.418794455535E+02  6.493794455535E+02  1.873779126698E+01  1.594857355266E-14  2.963537396659E-02  3.519394599723E+02  3.283346580525E-01  3.646107986724E-01 -1.955830639393E-01 -1.699835013962E-03  5.621140921593E-01  3.007681912149E+00 -1.965249489590E-02  3.169732183149E-02 -1.204482693580E-02 -2.513067061536E-02 -2.244627387081E-05 -2.807670587662E-06 -5.507500080817E-07 -2.170342504207E-06  5.194271103724E-02  2.807670566416E-06  1.024395063103E-03 -7.185669714335E-20  2.509336853660E-20 -5.104509376225E-20 -1.518564141425E-03
  6.568794455535E+02  6.643794455535E+02  1.878452237085E+01  1.520899248555E-14  3.211898467760E-02  3.536578038031E+02  3.211441081983E-01  3.545923663287E-01 -1.874998707282E-01 -1.484795742860E-03  6.105286081194E-01  2.951075265046E+00 -1.902273184855E-02  3.072864088017E-02 -1.170590903145E-02 -2.342683191094E-02 -9.670236718674E-04 -3.248938973799E-06 -3.588657035425E-07 -6.294804771500E-07  4.934194155620E-02  3.248938983262E-06  1.828931462097E-03 -9.904361472668E-20  1.114020954120E-20 -5.372932103326E-20 -1.430419209009E-03
  6.718794455535E+02  6.793794455535E+02  1.883032750881E+01  1.617132863527E-14  3.305886592652E-02  3.553495827370E+02  3.134836530775E-01  3.449350288962E-01 -1.794741390098E-01 -1.449692800511E-03  6.302652071630E-01  2.903141918607E+00 -1.856591495826E-02  2.985064346040E-02 -1.128472850211E-02 -2.236247841228E-02 -5.137109395198E-04 -1.737503574680E-06 -1.537404287519E-07  2.210028484072E-06  4.793207795815E-02  1.737503565448E-06  1.356328468112E-04 -6.927513166074E-20  2.059874012970E-20 -4.738570692667E-20 -1.362907146969E-03
  6.868794455535E+02  6.943794455535E+02  1.887439349198E+01  1.634370203555E-14  3.237937203671E-02  3.569780137714E+02  3.056516758255E-01  3.344964628108E-01 -1.714192695703E-01 -1.261245486544E-03  6.198462032512E-01  2.851857580994E+00 -1.812362943229E-02  2.887102824977E-02 -1.074739881774E-02 -2.124557397561E-02  2.815095945375E-06  7.507266834148E-08 -2.488730682501E-08  2.951770437101E-07  4.619762264856E-02 -7.507266999179E-08 -1.232034444423E-04 -8.837070807538E-20  1.083295160827E-20 -4.623527869411E-20 -1.293138049897E-03
  7.018794455535E+02  7.093794455535E+02  1.891693880398E+01  1.473166232376E-14  3.284046814133E-02  3.585544960745E+02  2.975258809755E-01  3.231344257806E-01 -1.634619298554E-01 -1.210503699327E-03  6.332643048534E-01  2.795881003367E+00 -1.747100171019E-02  2.795499766099E-02 -1.048399595103E-02 -2.016388728889E-02 -3.833312982864E-04 -8.342011216278E-07 -4.844535212127E-08  4.086884839132E-07  4.436848412459E-02  8.342011012985E-07  3.113200673722E-04 -8.059940748923E-20  1.971057493734E-20 -6.791606071338E-20 -1.221557813534E-03
  7.168794455535E+02  7.243794455535E+02  1.895757900677E+01  1.447951986898E-14  3.296270575947E-02  3.600606506567E+02  2.889753415364E-01  3.118849463434E-01 -1.553294769887E-01 -1.145851480725E-03  6.388619469695E-01  2.750586598451E+00 -1.711295417448E-02  2.736407464550E-02 -1.025112047117E-02 -1.901318387263E-02 -2.022591533893E-04 -8.105436072400E-07  2.073071041491E-08 -4.294719173471E-07  4.379836603289E-02  8.105436152706E-07 -3.997573203379E-04 -9.630830093634E-20  9.336420574940E-21 -5.804044620377E-20 -1.179169707948E-03
  7.318794455535E+02  7.393794455535E+02  1.899905009179E+01  1.468473013906E-14  3.208215333116E-02  3.616034545892E+02  2.800323098458E-01  3.012601761942E-01 -1.472794257726E-01 -1.020498784434E-03  6.265728885745E-01  2.706168466057E+00 -1.661431348124E-02  2.677482989140E-02 -1.016051641046E-02 -1.869211064031E-02 -1.478439375170E-05 -2.641563808191E-07  6.472799540630E-07 -6.044214152013E-08  4.249533407710E-02  2.641563750960E-07 -6.314252538002E-04 -7.123187606206E-20  1.369770809174E-20 -5.607703940741E-20 -1.132308248959E-03
  7.468794455535E+02  7.543794455535E+02  1.903725602302E+01  1.415086624268E-14  3.177388423801E-02  3.630284230802E+02  2.709066471009E-01  2.890266016910E-01 -1.390972592259E-01 -1.090823846328E-03  6.215519464064E-01  2.675306609691E+00 -1.635588726462E-02  2.623860185794E-02 -9.882714593327E-03 -1.749408433238E-02  9.181319641556E-05  1.019133820110E-06  9.137551799028E-07 -5.435749862549E-07  4.042260675006E-02 -1.019133814159E-06 -8.177112012750E-04 -7.614727543926E-20  1.495606533861E-20 -4.660908406137E-20 -1.078467836600E-03
  7.618794455535E+02  7.693794455535E+02  1.907485704206E+01  1.381453783832E-14  3.055502966043E-02  3.644337399892E+02  2.616460644167E-01  2.782359440010E-01 -1.311296388403E-01 -9.616938245759E-04  5.974849646083E-01  2.626548921851E+00 -1.597419738277E-02  2.543798693930E-02 -9.463789556679E-03 -1.683035151377E-02  9.293059153880E-05  1.372093810572E-06  4.831753067640E-07 -3.396045707809E-07  3.780937827250E-02 -1.372093817079E-06 -2.073941762524E-03 -6.562259985548E-20  1.522391912045E-20 -5.502897283763E-20 -9.974277133511E-04
  7.768794455535E+02  7.843794455535E+02  1.910816195275E+01  1.278646698070E-14  2.789932884280E-02  3.656792210286E+02  2.522048420882E-01  2.696668005212E-01 -1.227530458796E-01 -9.669047641943E-04  5.455964861442E-01  2.577812016748E+00 -1.556918066848E-02  2.465683831960E-02 -9.087657651386E-03 -1.510267021031E-02  4.284099169649E-04 -7.831694605741E-07  1.185546055785E-07 -2.253732492151E-06  3.469221508419E-02  7.831694510878E-07 -2.377643528391E-03 -5.810241582940E-20  1.246768988340E-20 -5.247280988520E-20 -9.109620200490E-04
  7.918794455535E+02  7.993794455535E+02  1.913990521188E+01  1.186620152543E-14  2.611733001127E-02  3.668675994610E+02  2.424086539650E-01  2.612695604413E-01 -1.147998436710E-01 -9.627496616252E-04  5.098331480171E-01  2.531536549724E+00 -1.502748742603E-02  2.397651325198E-02 -8.949025825670E-03 -1.398105631632E-02  3.774082697443E-04  6.081707298420E-07  1.368689621066E-07 -2.573672937648E-06  3.131869639617E-02 -6.081707136210E-07 -3.687029007276E-03 -6.562096903725E-20  1.129479892937E-20 -4.793171726947E-20 -8.229070199998E-04
  8.068794455535E+02  8.143794455535E+02  1.916688136483E+01  1.131761004358E-14  2.099825985537E-02  3.678760035633E+02  2.320046237792E-01  2.537234344168E-01 -1.064166843013E-01 -8.821737528360E-04  4.091408321788E-01  2.489416013583E+00 -1.437259494345E-02  2.322190601540E-02 -8.849311072017E-03 -1.247387790575E-02  1.025363684420E-03  2.674831350264E-06  2.252725037146E-07 -2.027145016724E-06  2.929116600639E-02 -2.674831363724E-06 -5.304660584171E-03 -5.934675073070E-20  1.249071380596E-20 -5.225341644766E-20 -7.708991513271E-04
  8.218794455535E+02  8.293794455535E+02  1.919482363957E+01  9.652197516368E-15  1.616290734000E-02  3.689265915846E+02  2.205041461224E-01  2.476718004609E-01 -9.829079916809E-02 -8.877573643081E-04  3.148439270288E-01  2.451416881283E+00 -1.415688935691E-02  2.263542845450E-02 -8.478539097797E-03 -1.213446976697E-02  1.066770207375E-03  2.451900710822E-06 -9.941698591617E-08 -8.968691067493E-07  2.821059624430E-02 -2.451900712153E-06 -6.213193490349E-03 -6.423358369721E-20  1.367426888257E-20 -4.359714468371E-20 -7.262358539222E-04
  8.368794455535E+02  8.443794455535E+02  1.921977162114E+01  8.988101025895E-15  9.325583867961E-03  3.698645738206E+02  2.081133377732E-01  2.417197643545E-01 -8.977850516212E-02 -7.956079339874E-04  1.831518199436E-01  2.426859140499E+00 -1.398677615390E-02  2.235741598102E-02 -8.370639827061E-03 -1.126673741454E-02  1.507268011689E-03 -7.494668003019E-07 -2.350584378796E-07 -3.732471870195E-07  2.741123002782E-02  7.494667890477E-07 -6.708843164607E-03 -6.720058657028E-20  8.357594645860E-21 -5.348851807718E-20 -6.975737265370E-04
  8.518794455535E+02  8.593794455535E+02  1.924622326283E+01  1.034021259097E-14  3.558483546616E-03  3.708647902318E+02  1.952477355412E-01  2.377760741823E-01 -8.152914707702E-02 -8.462842544720E-04  7.314967179255E-02  2.386596547586E+00 -1.355694986757E-02  2.182587004166E-02 -8.268920173897E-03 -1.099181905813E-02  1.402144978573E-03 -1.223188050139E-06  8.263062370705E-08  3.863020997493E-07  2.630956339319E-02  1.223188054479E-06 -7.688300056821E-03 -5.501685294341E-20  6.598225394504E-21 -4.657653172696E-20 -6.562317387044E-04
  8.668794455535E+02  8.743794455535E+02  1.926911466063E+01  1.144346517141E-14 -5.102483525301E-03  3.717324477492E+02  1.818744377654E-01  2.330088610176E-01 -7.302612413025E-02 -6.932620367339E-04 -9.359744322424E-02  2.348876916831E+00 -1.343286263567E-02  2.133591608527E-02 -7.903053449544E-03 -9.889250177799E-03  1.754951053155E-03  4.500493546117E-07  3.646254811355E-07  2.099861943980E-06  2.328594711744E-02 -4.500493779686E-07 -7.418042936174E-03 -5.071669963201E-20  3.204255518436E-21 -4.482084118519E-20 -5.816366920641E-04
  8.818794455535E+02  8.893794455535E+02  1.928988718062E+01  1.081155723397E-14 -1.035408185313E-02  3.725236188642E+02  1.678581516146E-01  2.282161045929E-01 -6.465814501514E-02 -6.755737662894E-04 -1.943559808548E-01  2.314849077605E+00 -1.323338942942E-02  2.082642279883E-02 -7.593033369382E-03 -8.793277902136E-03  1.292625439904E-03  7.577391450796E-07  9.095658934564E-08  1.283195708731E-06  2.145456774897E-02 -7.577391439582E-07 -6.909720431170E-03 -5.395509379342E-20  7.544822144862E-21 -4.615031356771E-20 -5.279216952998E-04
  8.968794455535E+02  9.043794455535E+02  1.930932802156E+01  9.477993874405E-15 -1.804936495305E-02  3.732667037694E+02  1.529782214007E-01  2.260568440151E-01 -5.601293033482E-02 -6.309508532449E-04 -3.420508770024E-01  2.274688065801E+00 -1.291566844085E-02  2.021236990526E-02 -7.296701464274E-03 -8.084389750648E-03  1.847589453375E-03 -6.474765459879E-07 -2.885839532191E-07  6.751475083859E-07  2.052559696422E-02  6.474765211951E-07 -7.146128253976E-03 -3.974793651232E-20 -1.427627774012E-22 -5.114629520695E-20 -4.860895759158E-04
  9.118794455535E+02  9.193794455535E+02  1.932837263431E+01  8.817072506134E-15 -2.372929115582E-02  3.739960438171E+02  1.367317015348E-01  2.265184696001E-01 -4.751452920686E-02 -6.019807703155E-04 -4.493026255434E-01  2.235953368650E+00 -1.249206489990E-02  1.964892743133E-02 -7.156862531421E-03 -7.434767288147E-03  1.488430573639E-03 -1.087094340605E-07 -3.217567130207E-07  1.577261160061E-06  1.853452931079E-02  1.087094383254E-07 -6.189602005994E-03 -4.253502155409E-20  1.774290205124E-21 -4.229317151878E-20 -4.306742807509E-04
  9.268794455535E+02  9.343794455535E+02  1.934409269911E+01  8.848244872616E-15 -2.964562202093E-02  3.746007422633E+02  1.188185971270E-01  2.275269954832E-01 -3.878473484060E-02 -4.360056818987E-04 -5.627621877629E-01  2.210929249255E+00 -1.209342841497E-02  1.907778540451E-02 -6.984356989587E-03 -6.414210343150E-03  1.278157852725E-03 -7.050825170687E-07  5.351923244235E-08  2.410845731777E-06  1.788202367873E-02  7.050825091675E-07 -5.405547728123E-03 -4.470922479582E-20  1.995048406319E-21 -3.465487954580E-20 -3.973395895243E-04
  9.418794455535E+02  9.493794455535E+02  1.936189899052E+01  8.150557648506E-15 -3.387926749968E-02  3.752866272744E+02  9.829327807470E-02  2.342892843010E-01 -3.012129721408E-02 -4.404001987293E-04 -6.430951767418E-01  2.199024851640E+00 -1.200407863805E-02  1.886763067535E-02 -6.863552037437E-03 -6.426981956760E-03  1.041179972590E-03  7.654693206291E-07  5.145050206590E-07  1.816413009569E-06  1.936848279842E-02 -7.654693121571E-07 -5.675502280867E-03 -4.666400082300E-20  2.549692750720E-21 -4.512247254423E-20 -4.080952884250E-04
  9.568794455535E+02  9.643794455535E+02  1.938040161630E+01  6.096408489070E-15 -4.029461909813E-02  3.760036677400E+02  7.431932240709E-02  2.474059386432E-01 -2.135845737007E-02 -2.475962746374E-04 -7.668092443056E-01  2.221723614885E+00 -1.189084797855E-02  1.889117666830E-02 -7.000328689717E-03 -6.691970695439E-03  1.434518389600E-03 -2.336865994586E-07  8.405261876119E-07  1.430947338412E-06  2.340244121901E-02  2.336865739883E-07 -5.754366355010E-03 -4.440796401433E-20 -3.265431082014E-21 -2.773220345439E-20 -4.682271862054E-04
  9.718794455535E+02  9.793794455535E+02  1.940577982963E+01  3.278998053801E-15 -4.465893944033E-02  3.769976862678E+02  4.521054129242E-02  2.701147006693E-01 -1.251343059729E-02 -2.920993559759E-04 -8.524794455656E-01  2.382057668515E+00 -1.254305741896E-02  2.101235652242E-02 -8.469299103495E-03 -8.737937300903E-03  1.155910234526E-03 -7.044112384458E-07  9.116118089208E-07  9.704963968566E-07  3.366332385490E-02  7.044112361309E-07 -4.930356184717E-03 -2.197298874251E-20  1.484463157206E-21 -2.583045975877E-20 -7.015744015078E-04
  9.868794455535E+02  9.943794455535E+02  1.944352493093E+01  8.256993134292E-16 -4.953192427988E-02  3.784958739800E+02  9.150087628966E-03  3.189839282438E-01 -3.708429770665E-03 -1.609348173512E-05 -9.503431501041E-01  2.435351763078E+00 -1.451690532475E-02  2.382884566818E-02 -9.311940343710E-03 -1.237316125500E-02  1.426941579212E-03 -1.172476725497E-06  3.871800043521E-07  1.610947482004E-06  2.012975835314E-02  1.172476709485E-06 -2.599421090169E-03 -3.185299264183E-20 -1.709693857471E-21 -9.450368152060E-21 -3.711719692607E-04
