                   y                  ym                   U                   V                   W                 U^2                 V^2                 W^2                  UV                  VW                  UW                VISC               SFSxx               SFSyy               SFSzz               SFSxy               SFSyz                dUdX                dVdX                dWdX                dUdY                dVdY                dWdY                dUdZ                dVdZ                dWdZ              SFSxym
 -4.000000000000E+00 -2.000000000000E+00  0.000000000000E+00  0.000000000000E+00  0.000000000000E+00  0.000000000000E+00  0.000000000000E+00  0.000000000000E+00  0.000000000000E+00  0.000000000000E+00  0.000000000000E+00  0.000000000000E+00  0.000000000000E+00  0.000000000000E+00  0.000000000000E+00  0.000000000000E+00  0.000000000000E+00  0.000000000000E+00  0.000000000000E+00  0.000000000000E+00  0.000000000000E+00  0.000000000000E+00  0.000000000000E+00  0.000000000000E+00  0.000000000000E+00  0.000000000000E+00  0.000000000000E+00
  2.220446049250E-16  2.000000000000E+00  1.192036033737E+01  7.285553634632E-16 -4.295632411070E-03  1.441825322141E+02  3.813155820581E-02  5.220368052824E-01 -1.101057311861E-01 -4.673927994121E-04 -4.361438234512E-02  5.542365531455E-01 -1.211208597909E-04  1.923969093187E-03 -1.802848233326E-03 -3.350413987306E+00  3.470419214926E-03 -4.381825861997E-05 -1.042929728954E-06  3.692185171940E-07  4.967338855175E+01  4.381825868620E-05 -8.862754005773E-03  7.767192753069E-20 -6.324146841089E-21 -3.331129489278E-21 -4.030091143800E-03
  4.000000000000E+00  6.000000000000E+00  1.291626625204E+01  2.114344036947E-15 -7.251674238690E-05  1.685836610701E+02  1.524038104199E-01  4.615763903522E-01 -2.009119214443E-01 -9.736554770848E-04  1.439630216544E-02  4.290078046684E+00  1.101509028554E-01 -1.543980139571E-01  4.424711110295E-02 -5.461281719478E-01 -6.346920263748E-02  1.447691767335E-05 -9.160420391000E-07  1.401973098051E-06  2.696343056780E+00 -1.447691762952E-05  1.387307972275E-02  8.126812635291E-20 -1.711259802542E-23  1.490418447905E-20 -4.138860731040E-02
  8.000000000000E+00  1.000000000000E+01  1.326857940278E+01  4.588061087013E-15  2.624704395533E-03  1.775623373930E+02  1.793964517018E-01  4.177867217964E-01 -1.975838852585E-01 -9.152387916103E-04  5.219418056555E-02  4.507636622030E+00  7.304266154145E-02 -1.996942958065E-01  1.266516342629E-01 -3.657393684157E-01 -3.900600684409E-03  3.316037545841E-06  9.205658730090E-07 -2.491048980578E-06  1.355432467130E+00 -3.316037563114E-06  9.699050553766E-03  6.043033438068E-20 -1.029689591736E-20  2.735986804575E-20 -2.212882148461E-02
  1.200000000000E+01  1.400000000000E+01  1.359402485580E+01  7.963581074959E-15  4.738215778797E-03  1.862561601666E+02  1.929015985576E-01  4.073216234757E-01 -2.095832060640E-01 -1.001414558465E-03  8.390763354285E-02  4.437878665290E+00  6.786021713447E-02 -1.846888199859E-01  1.168286028517E-01 -3.393353901443E-01  2.882342015965E-03 -4.769469497768E-06  1.530132912975E-06  6.715797538912E-08  1.128314358532E+00  4.769469639303E-06  6.036625533731E-03  5.450454419392E-20 -9.549816639048E-21  2.869192680260E-20 -1.875360815097E-02
  1.600000000000E+01  1.800000000000E+01  1.383275414070E+01  8.777097953965E-15  5.631944782469E-03  1.927442351751E+02  2.039049101692E-01  3.995049860543E-01 -2.087693824947E-01 -1.055036447147E-03  9.867951001785E-02  4.187234610303E+00  5.634227054704E-02 -1.633142129215E-01  1.069719423747E-01 -2.546970968382E-01  3.388755826136E-03  7.779468323286E-06  1.402643486501E-06  4.164304233766E-06  9.010560833060E-01 -7.779468312718E-06  2.140052917823E-03  1.713856427567E-20 -6.105304390169E-21  7.529174411974E-20 -1.486535196971E-02
  2.000000000000E+01  2.200000000000E+01  1.404455324084E+01  6.283091097009E-15  5.801876783830E-03  1.986188375736E+02  2.134385152210E-01  3.966121173712E-01 -2.123194699660E-01 -1.086411444574E-03  1.033457311784E-01  4.013070401426E+00  4.978527616254E-02 -1.482184006252E-01  9.843312446191E-02 -2.233305019453E-01  2.110701843921E-03  3.044473634355E-06  1.249479921248E-06 -3.224728183450E-07  7.744015749515E-01 -3.044473656990E-06  2.870734730088E-04  2.462646096512E-20 -5.196228266670E-21  6.889320425377E-20 -1.277743058409E-02
  2.400000000000E+01  2.600000000000E+01  1.421997249683E+01  2.605550179548E-15  5.765215155642E-03  2.035476151518E+02  2.216106813967E-01  3.945120502391E-01 -2.121762347725E-01 -1.115102787918E-03  1.045616618977E-01  3.834213902123E+00  4.340450677492E-02 -1.352777622434E-01  9.187325546643E-02 -1.855231264303E-01  1.573540589498E-03 -8.052422631476E-07  8.263548820898E-07 -4.503361816868E-07  6.657099465505E-01  8.052422207729E-07 -3.952286943219E-04  8.913966510502E-21  2.122106772937E-22  6.802412400401E-20 -1.091757221812E-02
  2.800000000000E+01  3.000000000000E+01  1.437742083208E+01 -1.049831879416E-15  5.593918263720E-03  2.080321572183E+02  2.284154626447E-01  3.933587093779E-01 -2.132292236178E-01 -1.143161052628E-03  1.035564656971E-01  3.693211610444E+00  3.899176610062E-02 -1.252293335535E-01  8.623756745288E-02 -1.648516270275E-01  1.064117716232E-03  3.067673661795E-06  6.593889807422E-08 -2.714503591166E-06  5.923090708875E-01 -3.067673456619E-06 -1.255233400976E-03  1.740134882440E-20 -1.660932123916E-20  5.287036343289E-20 -9.683215234041E-03
  3.200000000000E+01  3.400000000000E+01  1.451610055545E+01 -5.144277780810E-15  5.136125494237E-03  2.120223377833E+02  2.339800919721E-01  3.919522912179E-01 -2.130094129232E-01 -1.168101583851E-03  9.775941291740E-02  3.560774061327E+00  3.513822503575E-02 -1.164385293482E-01  8.130030431330E-02 -1.452215312439E-01  9.659668932924E-04 -1.287381613806E-06 -4.190488509355E-07  1.323803882256E-06  5.314928467020E-01  1.287381378587E-06 -2.490004189236E-03  1.579743307424E-20 -9.093270324049E-22  8.177195360938E-20 -8.646661881245E-03
  3.600000000000E+01  3.800000000000E+01  1.464314183196E+01 -1.188040627247E-14  4.360897451494E-03  2.157148001591E+02  2.383891630220E-01  3.903037293203E-01 -2.130994996734E-01 -1.195525212234E-03  8.698374137598E-02  3.448245428066E+00  3.210591813782E-02 -1.092501530799E-01  7.714423494237E-02 -1.319804802762E-01  7.390971828920E-04  4.575560506411E-07 -7.989729325698E-07  2.197179064452E-06  4.852300119006E-01 -4.575560285236E-07 -3.153780359674E-03 -2.554014365962E-20 -2.818839979585E-21  7.711685551739E-20 -7.861398901638E-03
  4.000000000000E+01  4.200000000000E+01  1.475871099292E+01 -1.704106574050E-14  3.568039527320E-03  2.191016672285E+02  2.417709047292E-01  3.886373361081E-01 -2.127203630292E-01 -1.200296835884E-03  7.554441007097E-02  3.346087892368E+00  2.933911710251E-02 -1.030035103043E-01  7.366439320192E-02 -1.197795230915E-01  5.606708000856E-04  7.780432326191E-06 -1.564164061227E-06  3.132824498194E-06  4.463336167304E-01 -7.780432656965E-06 -3.051401212956E-03 -7.690876738979E-21  1.150353504827E-20  6.344781403979E-20 -7.201723828542E-03
  4.400000000000E+01  4.600000000000E+01  1.486629706120E+01 -1.680516134327E-14  2.839830993700E-03  2.222799873982E+02  2.443330755354E-01  3.871480287390E-01 -2.124171925573E-01 -1.238392873822E-03  6.477937880443E-02  3.257447948019E+00  2.709861087448E-02 -9.771090001725E-02  7.061228914218E-02 -1.107935078802E-01  4.522878384842E-04 -1.344756482785E-06 -2.121173638477E-06 -2.323877079803E-06  4.150380304602E-01  1.344756416582E-06 -2.958048009520E-03 -3.681421901743E-20  4.121896592159E-21  8.347746592700E-20 -6.660244350273E-03
  4.800000000000E+01  5.000000000000E+01  1.496622117441E+01 -1.502108114000E-14  2.085161742373E-03  2.252526288617E+02  2.462624332041E-01  3.851536384339E-01 -2.119263765378E-01 -1.256581949777E-03  5.315714739726E-02  3.172259851905E+00  2.512429875139E-02 -9.288847002758E-02  6.776417127674E-02 -1.023988025985E-01  6.150997533321E-04  1.125135932670E-06 -2.336214331822E-06 -6.463662237471E-06  3.868110569644E-01 -1.125135809243E-06 -3.124244697287E-03 -2.969837042752E-20 -1.184772248508E-20  6.941435780793E-20 -6.167782447323E-03
  5.200000000000E+01  5.400000000000E+01  1.505971322873E+01 -1.293994612525E-14  1.272670286197E-03  2.280523393174E+02  2.476684040090E-01  3.828041956898E-01 -2.114320533349E-01 -1.286477412872E-03  4.032026573102E-02  3.091526017608E+00  2.333922319092E-02 -8.850136327035E-02  6.516214007950E-02 -9.493670020435E-02  6.791399970904E-04  1.267414718867E-06 -2.494522420071E-06 -4.042483597002E-06  3.626215740323E-01 -1.267415135762E-06 -3.617107943463E-03 -3.301679559352E-20 -6.035068427211E-21  6.596583941577E-20 -5.733587625121E-03
  5.600000000000E+01  5.800000000000E+01  1.514754295759E+01 -9.312595381615E-15  2.794793941266E-04  2.306989520021E+02  2.486037740178E-01  3.804169521999E-01 -2.108215226818E-01 -1.293697772573E-03  2.480422520581E-02  3.019844073113E+00  2.182033333854E-02 -8.462683055609E-02  6.280649721672E-02 -8.857729707624E-02  8.012582857187E-04 -3.582805434799E-06 -2.348613634441E-06 -3.616335393906E-06  3.413129357535E-01  3.582805639742E-06 -3.486249639350E-03 -4.883459421057E-20  1.402339062518E-21  8.523027727167E-20 -5.358842267129E-03
  6.000000000000E+01  6.200000000000E+01  1.523037742066E+01 -7.044242395701E-16 -4.711551336242E-04  2.332094475022E+02  2.491556244062E-01  3.780836521409E-01 -2.101840045023E-01 -1.314287003697E-03  1.315004854339E-02  2.955361090249E+00  2.059084861274E-02 -8.126847842738E-02  6.067762981380E-02 -8.309880004453E-02  5.890566607513E-04  3.473318778762E-07 -1.892547433727E-06 -4.120510245377E-06  3.236102008096E-01 -3.473312821306E-07 -3.286640802795E-03 -5.143978455802E-20 -6.951618266760E-21  7.979022350107E-20 -5.049705666684E-03
  6.400000000000E+01  6.600000000000E+01  1.530934939053E+01  9.150197255708E-15 -1.363814869961E-03  2.356163961053E+02  2.494441838937E-01  3.757655871473E-01 -2.095266758981E-01 -1.314057796089E-03 -8.162330008422E-04  2.896520996061E+00  1.950335725527E-02 -7.818016716982E-02  5.867680991467E-02 -7.849373200010E-02  5.903869506659E-04 -2.223333218739E-07 -1.377531495767E-06 -2.722366969671E-06  3.079044851386E-01  2.223334017398E-07 -3.087855592389E-03 -4.239138459749E-20 -6.870103242706E-21  6.654503508247E-20 -4.768696134282E-03
  6.800000000000E+01  7.000000000000E+01  1.538431724006E+01  1.725764764022E-14 -2.008439994738E-03  2.379121757822E+02  2.495625716542E-01  3.734826892058E-01 -2.088260527490E-01 -1.339702331163E-03 -1.093410452067E-02  2.839486419583E+00  1.848364899031E-02 -7.533330431929E-02  5.684965532900E-02 -7.408611200629E-02  4.658152981606E-04  1.172055167303E-07 -9.973623287123E-07 -3.275508205152E-06  2.923946158722E-01 -1.172052575998E-07 -2.693532840238E-03 -3.902808301401E-20 -4.003505710495E-23  6.915253560214E-20 -4.500609397836E-03
  7.200000000000E+01  7.400000000000E+01  1.545553498210E+01  1.568050373429E-14 -2.708585450383E-03  2.401039722620E+02  2.495299442690E-01  3.712235246343E-01 -2.081068715533E-01 -1.347911907071E-03 -2.185267287267E-02  2.784379864775E+00  1.734919427534E-02 -7.259486306282E-02  5.524566878704E-02 -6.994437118720E-02  5.499766128352E-04  8.511922638055E-07 -7.472088221178E-07 -3.280271717052E-06  2.784840026053E-01 -8.511923452532E-07 -3.306376326658E-03 -6.543725295546E-20  3.377470390345E-21  7.755617431078E-20 -4.250158096580E-03
  7.600000000000E+01  7.800000000000E+01  1.552355800047E+01  2.742213827250E-15 -3.665345345773E-03  2.422070674608E+02  2.493139520706E-01  3.688372002815E-01 -2.073640130238E-01 -1.357216526793E-03 -3.680135308939E-02  2.732970966688E+00  1.634297167481E-02 -7.000586533293E-02  5.366289365877E-02 -6.616095622775E-02  7.012508024428E-04  3.186621539918E-06 -7.561374972461E-07 -2.046275984838E-06  2.663519084337E-01 -3.186621843390E-06 -4.698774618234E-03 -7.015774625911E-20  2.352953554137E-22  7.013460355965E-20 -4.032363458208E-03
  8.000000000000E+01  8.200000000000E+01  1.558870315885E+01 -5.579035786592E-15 -5.059125806428E-03  2.442298578416E+02  2.489273708214E-01  3.663022093411E-01 -2.065941920857E-01 -1.366038064346E-03 -5.883025404706E-02  2.683803569237E+00  1.547450121992E-02 -6.761543003965E-02  5.214092881954E-02 -6.289975129724E-02  9.177373485634E-04  2.585775383990E-06 -9.235023011320E-07  1.334332783080E-08  2.547796111445E-01 -2.585775099798E-06 -5.531337714602E-03 -6.264504490553E-20 -4.755053676781E-21  8.261363884405E-20 -3.832162580648E-03
  8.400000000000E+01  8.600000000000E+01  1.565094223509E+01 -1.454334648948E-14 -6.428725083442E-03  2.461707112053E+02  2.483940919747E-01  3.635992328615E-01 -2.058079436899E-01 -1.362863586495E-03 -8.094000991417E-02  2.637795527608E+00  1.467160723685E-02 -6.539128860419E-02  5.071968136751E-02 -5.977304832958E-02  7.820771564547E-04  2.350219924424E-06 -1.076961971895E-06  1.587749877006E-06  2.445665139351E-01 -2.350220161951E-06 -5.050559860978E-03 -7.768498891396E-20 -1.076676019652E-20  5.567075539448E-20 -3.652053572438E-03
  8.800000000000E+01  9.000000000000E+01  1.571099353117E+01 -2.993535465085E-14 -7.581434807795E-03  2.480509941936E+02  2.477091397450E-01  3.604300051426E-01 -2.050120831290E-01 -1.373687791460E-03 -9.972866584868E-02  2.593554985583E+00  1.381052273616E-02 -6.324128498873E-02  4.943076225289E-02 -5.712909889942E-02  6.288521047314E-04  2.813244508185E-06 -1.368029358383E-06  1.975868094130E-06  2.355131526993E-01 -2.813244476254E-06 -4.133311488382E-03 -6.538525065106E-20 -1.187681791236E-20  7.062204012063E-20 -3.489176031134E-03
  9.200000000000E+01  9.400000000000E+01  1.576869589293E+01 -3.826555626905E-14 -8.492010267901E-03  2.498650196663E+02  2.468710856265E-01  3.568716453351E-01 -2.042004757816E-01 -1.373508638837E-03 -1.146982871593E-01  2.551779059340E+00  1.318517092423E-02 -6.134447652763E-02  4.815930560321E-02 -5.450621394656E-02  5.105032112051E-04  5.943759371164E-06 -1.579130439495E-06  3.453437468709E-06  2.268305481032E-01 -5.943759522734E-06 -3.318376130869E-03 -7.229156494371E-20  4.418228941301E-22  7.221834350973E-20 -3.335133658109E-03
  9.600000000000E+01  9.800000000000E+01  1.582440768422E+01 -4.172589957290E-14 -9.232686082054E-03  2.516232566618E+02  2.459016382885E-01  3.533141863725E-01 -2.033821917824E-01 -1.372666696621E-03 -1.269834502319E-01  2.511315111388E+00  1.260088266645E-02 -5.950739336120E-02  4.690651069475E-02 -5.218546018598E-02  4.090045098243E-04  7.056102684229E-07 -1.616333375127E-06  4.504926949489E-06  2.190889477323E-01 -7.056101714761E-07 -2.767166460612E-03 -9.365510143562E-20 -7.892503110633E-21  8.018449700996E-20 -3.189966113321E-03
  1.000000000000E+02  1.020000000000E+02  1.587824451487E+01 -5.004542826878E-14 -9.869045034838E-03  2.533290787296E+02  2.448353952736E-01  3.499172665931E-01 -2.025690806772E-01 -1.384926740982E-03 -1.372741629650E-01  2.470929244969E+00  1.201473962617E-02 -5.768658404757E-02  4.567184442142E-02 -4.989771264269E-02  3.518891850285E-04  1.280615995730E-06 -1.702480547093E-06  5.337614355217E-06  2.116997127893E-01 -1.280616175065E-06 -2.558146947704E-03 -1.049923692551E-19 -9.902330449960E-21  6.094358872346E-20 -3.054354163582E-03
  1.040000000000E+02  1.060000000000E+02  1.593025959330E+01 -5.212337209707E-14 -1.051199752881E-02  2.549824345019E+02  2.437071077381E-01  3.466607127256E-01 -2.017294170804E-01 -1.409880150426E-03 -1.474715953537E-01  2.432004848133E+00  1.142049370281E-02 -5.593861660437E-02  4.451812290139E-02 -4.777643493600E-02  4.018253573533E-04  6.098319045448E-06 -2.149504605520E-06  5.390171551123E-06  2.044181695596E-01 -6.098318768684E-06 -2.696844602812E-03 -1.107907676754E-19  7.658121410484E-24  6.361358776712E-20 -2.920792375023E-03
  1.080000000000E+02  1.100000000000E+02  1.598045510881E+01 -4.877980206540E-14 -1.121933932377E-02  2.565829488111E+02  2.425299664530E-01  3.435419103398E-01 -2.008989534589E-01 -1.427692810286E-03 -1.587758448619E-01  2.397035145068E+00  1.097218204715E-02 -5.441576942193E-02  4.344358737470E-02 -4.575051608141E-02  4.770632145605E-04  4.046696959589E-06 -2.777214835629E-06  5.203513319246E-06  1.977533612809E-01 -4.046697064096E-06 -2.615038164938E-03 -9.275726992810E-20  3.545643539854E-21  7.001179405516E-20 -2.803504028343E-03
  1.120000000000E+02  1.140000000000E+02  1.602913470251E+01 -5.149449219174E-14 -1.182232306990E-02  2.581393401202E+02  2.413304044410E-01  3.403164223469E-01 -2.000685201222E-01 -1.450209281944E-03 -1.690157380379E-01  2.362124834588E+00  1.055647829860E-02 -5.298138840096E-02  4.242491010241E-02 -4.394943105215E-02  4.330111393749E-04  2.276574627447E-06 -3.204084389821E-06  4.601970548702E-06  1.915339404132E-01 -2.276574397806E-06 -2.498066055658E-03 -1.019642593601E-19 -7.067211044196E-21  6.212242126856E-20 -2.690085980688E-03
  1.160000000000E+02  1.180000000000E+02  1.607621885238E+01 -5.396730425825E-14 -1.246826916995E-02  2.596482599109E+02  2.400977403015E-01  3.371061769799E-01 -1.992249387984E-01 -1.467514549141E-03 -1.803381275321E-01  2.327913761031E+00  1.020550484069E-02 -5.155597586218E-02  4.135047102148E-02 -4.215931425779E-02  5.290570668760E-04  4.150804244891E-06 -3.557295043179E-06  5.047633600738E-06  1.851781393186E-01 -4.150804467191E-06 -2.907104769491E-03 -1.252241807866E-19 -6.483553540335E-21  6.915890152692E-20 -2.579686643622E-03
  1.200000000000E+02  1.220000000000E+02  1.612172592491E+01 -5.406638703727E-14 -1.327435981579E-02  2.611108573633E+02  2.388195942273E-01  3.338765863266E-01 -1.984024337971E-01 -1.493538192379E-03 -1.946267286374E-01  2.293984793352E+00  9.798359325247E-03 -5.011681537016E-02  4.031845604471E-02 -4.036702107735E-02  5.803058974814E-04  1.583226263598E-06 -4.013906772320E-06  6.202182483107E-06  1.792328805344E-01 -1.583226235104E-06 -3.295861396536E-03 -1.116654772170E-19 -1.342768087705E-20  6.014068939012E-20 -2.469746519365E-03
  1.240000000000E+02  1.260000000000E+02  1.616583537043E+01 -5.806142679635E-14 -1.411692067278E-02  2.625317159570E+02  2.375185542071E-01  3.308022338920E-01 -1.975556689753E-01 -1.507856662965E-03 -2.094824669093E-01  2.261263325982E+00  9.331035255935E-03 -4.879421207044E-02  3.946317681410E-02 -3.864616081808E-02  6.437116152822E-04 -6.913428960539E-07 -4.356588221252E-06  4.531072162424E-06  1.732229720169E-01  6.913425822362E-07 -3.248859253626E-03 -9.169860104703E-20 -1.165771834769E-20  7.650492796189E-20 -2.363862444041E-03
  1.280000000000E+02  1.300000000000E+02  1.620833237081E+01 -6.326089659348E-14 -1.489853613629E-02  2.639040082475E+02  2.361786264435E-01  3.276269959617E-01 -1.967125878376E-01 -1.535500575144E-03 -2.233466291212E-01  2.229644090827E+00  8.884612440703E-03 -4.757315677986E-02  3.868854433925E-02 -3.697923266957E-02  6.213229018775E-04 -6.011590625880E-07 -4.339980099792E-06  2.807533646785E-06  1.668473614925E-01  6.011593631550E-07 -3.480713970493E-03 -1.070843003647E-19 -1.309757297492E-20  6.892975600231E-20 -2.260407742497E-03
  1.320000000000E+02  1.340000000000E+02  1.624926090057E+01 -6.708701313658E-14 -1.585718962672E-02  2.652289322123E+02  2.347864013148E-01  3.242796226902E-01 -1.958744703818E-01 -1.553883021277E-03 -2.403642835314E-01  2.198758804519E+00  8.487199328742E-03 -4.637204965860E-02  3.788485032981E-02 -3.533449655179E-02  6.444953337668E-04 -1.446469032931E-06 -4.096023119947E-06  1.813054350639E-06  1.614516744335E-01  1.446468650776E-06 -4.117665252414E-03 -1.252426828162E-19 -1.874373414327E-22  5.353074737934E-20 -2.166041830073E-03
  1.360000000000E+02  1.380000000000E+02  1.628905827997E+01 -7.812295714129E-14 -1.695935148683E-02  2.665197787392E+02  2.333336153685E-01  3.210064885025E-01 -1.950118664425E-01 -1.596559310771E-03 -2.596816902167E-01  2.170532495367E+00  8.162467668291E-03 -4.524318979833E-02  3.708072213044E-02 -3.400614304493E-02  6.896983876536E-04 -9.519641467372E-07 -3.831178187335E-06  7.886379842157E-07  1.567317633777E-01  9.519644742568E-07 -4.424194304673E-03 -1.106539481921E-19 -1.167477438828E-20  6.427300967028E-20 -2.085483401209E-03
  1.400000000000E+02  1.420000000000E+02  1.632762462962E+01 -9.155315940408E-14 -1.807070405824E-02  2.677731348973E+02  2.318414704129E-01  3.177722853929E-01 -1.941724061565E-01 -1.620747074501E-03 -2.793312156796E-01  2.141280705230E+00  7.786128021767E-03 -4.412058047853E-02  3.633445245685E-02 -3.264524727301E-02  7.186540257308E-04  1.332444487510E-06 -3.764937186956E-06 -2.295457018427E-07  1.511296363707E-01 -1.332445069848E-06 -4.221568697314E-03 -1.217924163093E-19 -7.086202423798E-21  6.306648299612E-20 -1.993033603490E-03
  1.440000000000E+02  1.460000000000E+02  1.636462173017E+01 -9.583623978678E-14 -1.907019229796E-02  2.689778646759E+02  2.303311107353E-01  3.146181791156E-01 -1.933148152507E-01 -1.657893362596E-03 -2.973697445765E-01  2.114585294449E+00  7.439523753173E-03 -4.314716444720E-02  3.570764069413E-02 -3.115522730049E-02  6.907157497284E-04 -6.138379536883E-07 -3.937065377651E-06 -8.394030910559E-07  1.452195804455E-01  6.138379669115E-07 -4.019116230352E-03 -1.326131187482E-19 -9.580879999823E-21  5.850634516033E-20 -1.905603640694E-03
  1.480000000000E+02  1.500000000000E+02  1.640022655176E+01 -9.734281908097E-14 -2.008184190797E-02  2.701393753437E+02  2.288381966648E-01  3.114741046856E-01 -1.924576605104E-01 -1.693079838422E-03 -3.156704477958E-01  2.089691624160E+00  7.268259420735E-03 -4.224493591396E-02  3.497667649341E-02 -2.988720753820E-02  6.905588880668E-04 -3.997397545697E-06 -4.118791526088E-06 -1.171447914653E-06  1.400759133861E-01  3.997397327938E-06 -4.239767563767E-03 -1.472307202953E-19 -1.079321096241E-20  6.216056609392E-20 -1.834285343520E-03
  1.520000000000E+02  1.540000000000E+02  1.643465482542E+01 -9.995508068880E-14 -2.119014228754E-02  2.712639821581E+02  2.274292852467E-01  3.085977890926E-01 -1.916021931911E-01 -1.728888703343E-03 -3.355048854037E-01  2.063382754861E+00  6.999409398875E-03 -4.129080555654E-02  3.429139615829E-02 -2.874519500458E-02  7.002692013973E-04 -3.511022078217E-06 -4.064501951516E-06 -1.331852911427E-06  1.358397181198E-01  3.511022096838E-06 -4.372697708571E-03 -1.117078450034E-19 -1.358017325784E-20  5.916695391264E-20 -1.757782608250E-03
  1.560000000000E+02  1.580000000000E+02  1.646815013092E+01 -1.004129097579E-13 -2.226693639814E-02  2.723601906815E+02  2.261331948460E-01  3.056543566543E-01 -1.907479391942E-01 -1.747031691563E-03 -3.547275751796E-01  2.037399398230E+00  6.689678907628E-03 -4.030964933277E-02  3.361997042514E-02 -2.747582368296E-02  6.210641377008E-04 -3.142248816958E-06 -3.673110139018E-06 -8.073520659499E-07  1.313097743137E-01  3.142248608716E-06 -3.822709398801E-03 -1.308969648290E-19 -1.012928760201E-20  5.652970989996E-20 -1.677584674980E-03
  1.600000000000E+02  1.620000000000E+02  1.650031423096E+01 -9.947342671067E-14 -2.310531722983E-02  2.734145640294E+02  2.249401758113E-01  3.026376190093E-01 -1.898877638406E-01 -1.791225724848E-03 -3.701206300725E-01  2.012053525756E+00  6.400938030679E-03 -3.941069032547E-02  3.300975229518E-02 -2.620283410780E-02  4.770479625657E-04 -2.578205489244E-06 -3.234143261336E-06  5.007878491771E-07  1.263105974338E-01  2.578205591860E-06 -3.268268593759E-03 -1.282213776646E-19 -1.401336497780E-21  5.898919878854E-20 -1.601590171703E-03
  1.640000000000E+02  1.660000000000E+02  1.653130567222E+01 -9.756690666216E-14 -2.390867416694E-02  2.744319105690E+02  2.238315796147E-01  2.997159519631E-01 -1.890259859007E-01 -1.813777787597E-03 -3.850343247139E-01  1.987801171361E+00  6.133609226178E-03 -3.855146601791E-02  3.241785679163E-02 -2.504383160809E-02  3.954757185267E-04 -2.464739155363E-06 -3.064315841435E-06  2.827504381322E-06  1.214939828435E-01  2.464739132643E-06 -2.915790376389E-03 -1.261264830538E-19 -7.527069488054E-21  5.714460618015E-20 -1.532142457971E-03
  1.680000000000E+02  1.700000000000E+02  1.656105699176E+01 -9.488774107448E-14 -2.456689141912E-02  2.754097448873E+02  2.228138085389E-01  2.970608006602E-01 -1.881616559171E-01 -1.851102586650E-03 -3.976956706380E-01  1.965691318980E+00  5.900720220590E-03 -3.775417703558E-02  3.185345681505E-02 -2.402484171804E-02  3.332501168088E-04 -2.919151965001E-06 -2.961193626980E-06  4.365875361229E-06  1.172287521408E-01  2.919152008219E-06 -2.242989686964E-03 -1.581181591249E-19 -8.870035687776E-21  5.287894701534E-20 -1.472509350418E-03
  1.720000000000E+02  1.740000000000E+02  1.658991876694E+01 -9.466216440541E-14 -2.502689472313E-02  2.763597994849E+02  2.218970252133E-01  2.944886999053E-01 -1.873016065175E-01 -1.877200073217E-03 -4.072141085686E-01  1.943230665406E+00  5.706473772790E-03 -3.698212646188E-02  3.127565268922E-02 -2.309654432233E-02  2.713808013955E-04  9.078612919827E-07 -2.759581248505E-06  3.313284773647E-06  1.134608078555E-01 -9.078614023097E-07 -1.316913825178E-03 -1.589020187125E-19 -1.347140962169E-20  5.505764480185E-20 -1.418220108283E-03
  1.760000000000E+02  1.780000000000E+02  1.661779649750E+01 -9.505614483113E-14 -2.521955164126E-02  2.772783145884E+02  2.210633037195E-01  2.918718602596E-01 -1.864206310102E-01 -1.901249835765E-03 -4.122948373363E-01  1.920759753315E+00  5.556678642352E-03 -3.624692414012E-02  3.069024549782E-02 -2.226776502920E-02  1.808592793070E-04  1.035695906902E-06 -2.659313592388E-06  2.388243146364E-06  1.091545631117E-01 -1.035695934002E-06 -3.807821665962E-04 -1.649682829354E-19 -4.399853120670E-21  5.735987755856E-20 -1.362992964171E-03
  1.800000000000E+02  1.820000000000E+02  1.664450514100E+01 -9.334433792867E-14 -2.521284055190E-02  2.781595836730E+02  2.202932215119E-01  2.895231452152E-01 -1.855851776153E-01 -1.927478207039E-03 -4.140703197672E-01  1.899740538042E+00  5.361193258068E-03 -3.554482130376E-02  3.018362804545E-02 -2.131951133448E-02  1.059393437600E-04  4.716734836624E-07 -2.446094361849E-06  2.733180663226E-06  1.051450258159E-01 -4.716736180875E-07 -5.322034095330E-05 -1.345737352342E-19 -6.361777614828E-21  5.044821371138E-20 -1.306345150465E-03
  1.840000000000E+02  1.860000000000E+02  1.667037402897E+01 -9.271371767557E-14 -2.524205008243E-02  2.790135655410E+02  2.196001246648E-01  2.873138279929E-01 -1.846837312523E-01 -1.956035343636E-03 -4.162119356007E-01  1.878568502164E+00  5.180279043025E-03 -3.488898009310E-02  2.970870105023E-02 -2.049122832177E-02  8.550711099118E-05  1.777748075345E-06 -2.024613718024E-06  8.845305818758E-07  1.015751289803E-01 -1.777748113238E-06 -4.891450310818E-04 -1.391177306278E-19 -6.028061194358E-21  5.551920533414E-20 -1.255759819187E-03
  1.880000000000E+02  1.900000000000E+02  1.669529150478E+01 -9.354563184365E-14 -2.545504595071E-02  2.798375093917E+02  2.189947975083E-01  2.851452237701E-01 -1.838695182759E-01 -1.988086834792E-03 -4.211608645983E-01  1.858380188168E+00  5.000975239476E-03 -3.423488340144E-02  2.923390816204E-02 -1.964979136897E-02  1.634072134889E-04  2.345970346188E-06 -1.439387997108E-06  1.721479761580E-07  9.840845564381E-02 -2.345970426029E-06 -1.138460245121E-03 -1.248747897949E-19 -1.084436695367E-20  5.437333836715E-20 -1.206266398516E-03
  1.920000000000E+02  1.940000000000E+02  1.671957798949E+01 -9.277473725598E-14 -2.580907329362E-02  2.806407783818E+02  2.184710318642E-01  2.827208825527E-01 -1.829360029982E-01 -2.013938609479E-03 -4.283859656479E-01  1.837248868630E+00  4.833506758988E-03 -3.349736891018E-02  2.866386215113E-02 -1.893372937174E-02  2.612502296203E-04  2.210552333835E-06 -7.300217212440E-07  1.201075319811E-06  9.455847852988E-02 -2.210552268314E-06 -1.260276634246E-03 -1.621981172835E-19 -8.634708597872E-21  5.416779225093E-20 -1.156412778335E-03
  1.960000000000E+02  1.980000000000E+02  1.674257730208E+01 -8.944087453811E-14 -2.608065612515E-02  2.814027410505E+02  2.180198612087E-01  2.808532731707E-01 -1.821258656120E-01 -2.036345084368E-03 -4.339591607431E-01  1.820000553111E+00  4.709125065393E-03 -3.282966429120E-02  2.812053922577E-02 -1.810979841043E-02  1.454480838137E-04  1.070746369438E-06 -2.117585525693E-07  1.187057559991E-06  9.120056389058E-02 -1.070746335092E-06 -1.147858959118E-03 -1.501742349239E-19 -7.361809351886E-21  5.575754941825E-20 -1.111535973025E-03
  2.000000000000E+02  2.020600000000E+02  1.676517828119E+01 -8.596183266798E-14 -2.637649740783E-02  2.821517226138E+02  2.175492510816E-01  2.792487810087E-01 -1.811905866861E-01 -2.051930842379E-03 -4.398963604532E-01  1.805885385209E+00  4.407625716184E-03 -3.176824195670E-02  2.736061624043E-02 -1.756236058237E-02  2.856208565480E-04  2.401671566023E-07  2.428539944532E-07  6.198636719758E-08  8.786705309191E-02 -2.401670845656E-07 -1.261535556307E-03 -1.381659560014E-19 -3.680604865714E-21  4.482011467325E-20 -1.085984093256E-03
  2.041200000000E+02  2.062418000000E+02  1.678782356431E+01 -8.499258218154E-14 -2.672462268634E-02  2.829028236094E+02  2.171059353292E-01  2.779753451603E-01 -1.802870123672E-01 -2.071897955608E-03 -4.466037772260E-01  1.792382345860E+00  4.018862345926E-03 -3.066292257910E-02  2.664406023309E-02 -1.716652802921E-02  2.731005448074E-04 -5.115532780314E-08  7.985680620584E-07  3.650262149791E-07  8.498902231611E-02  5.115503401669E-08 -1.251603111226E-03 -1.351495789677E-19 -6.734998699404E-21  4.308256353337E-20 -1.058570472520E-03
  2.083636000000E+02  2.105490540000E+02  1.681025682752E+01 -8.663023042338E-14 -2.703769622404E-02  2.836472384787E+02  2.166719159554E-01  2.767859927165E-01 -1.792963014988E-01 -2.078946600778E-03 -4.526338660456E-01  1.778544358766E+00  3.563025495889E-03 -2.955180748918E-02  2.598878199322E-02 -1.667467866183E-02  2.880368963979E-04 -8.742580342665E-07  1.298522158843E-06  1.063068434862E-06  8.220572137800E-02  8.742585663690E-07 -8.670520814211E-04 -1.402652004847E-19 -6.416960544237E-21  3.544551189786E-20 -1.026671349130E-03
  2.127345080000E+02  2.149855256200E+02  1.683273716756E+01 -8.968043258599E-14 -2.719792989315E-02  2.843940048185E+02  2.162455589574E-01  2.755232275915E-01 -1.783444159058E-01 -2.106068987635E-03 -4.558109055711E-01  1.767069881325E+00  3.141602604372E-03 -2.844248227322E-02  2.530087966895E-02 -1.623557552304E-02  2.076095361282E-04 -3.197538808877E-07  1.679504090850E-06  5.209581176176E-07  7.999160587281E-02  3.197534886260E-07 -4.620622154780E-04 -1.355661545208E-19 -1.355027110099E-20  4.675138005653E-20 -1.003205405659E-03
  2.172365432400E+02  2.195550913886E+02  1.685527278102E+01 -9.042384432007E-14 -2.729877423135E-02  2.851431599972E+02  2.158278150132E-01  2.739729859364E-01 -1.772946839023E-01 -2.114538218569E-03 -4.578757425126E-01  1.755162697690E+00  2.709486832418E-03 -2.733260908568E-02  2.462312225294E-02 -1.586702170550E-02  1.478376835045E-04 -1.056395134646E-06  2.044098423035E-06  3.676197330995E-07  7.788036327969E-02  1.056395278383E-06 -2.473255788831E-04 -1.619845009705E-19 -1.933944646657E-20  3.529105382853E-20 -9.797764511145E-04
  2.218736395372E+02  2.242617441303E+02  1.687788124217E+01 -9.052696381869E-14 -2.733981745614E-02  2.858950154550E+02  2.154535802215E-01  2.724486566506E-01 -1.762584095219E-01 -2.148760588575E-03 -4.587580080096E-01  1.744862352900E+00  2.294127215906E-03 -2.626481818938E-02  2.397069097319E-02 -1.553817766641E-02  1.516565840648E-04 -1.982496549987E-06  2.308551769090E-06  5.998874176965E-07  7.578486445025E-02  1.982496368968E-06  2.631933487450E-04 -1.664974518393E-19 -5.156225732253E-21  3.674068790925E-20 -9.600361197244E-04
  2.266498487233E+02  2.291095964542E+02  1.690051965518E+01 -9.445478889776E-14 -2.713669432078E-02  2.866485431631E+02  2.151637909557E-01  2.710473669644E-01 -1.751548574327E-01 -2.160250501677E-03 -4.555758730470E-01  1.734853867443E+00  1.845054161408E-03 -2.514023663829E-02  2.329518247685E-02 -1.517720847538E-02  1.209117028130E-04 -1.680889142665E-06  2.385194786712E-06 -1.042427952706E-06  7.383472393840E-02  1.680889263445E-06  7.274307986878E-04 -1.522308092783E-19 -6.507760859733E-21  3.669581544099E-20 -9.362966335977E-04
  2.315693441850E+02  2.341028843478E+02  1.692328429985E+01 -9.928103187291E-14 -2.688898929256E-02  2.874067838150E+02  2.149299433712E-01  2.695056017021E-01 -1.740288845458E-01 -2.188421284126E-03 -4.515805545350E-01  1.724695239559E+00  1.410795242871E-03 -2.400146349043E-02  2.259066824749E-02 -1.478112314654E-02  1.358184668024E-04 -2.402046558623E-06  2.299262913130E-06 -2.621222873079E-06  7.136516080334E-02  2.402046484641E-06  9.235038438438E-04 -1.439106645776E-19 -8.675134301611E-21  4.195644477618E-20 -9.103360240349E-04
  2.366364245106E+02  2.392459708782E+02  1.694571745124E+01 -1.007267939846E-13 -2.655350471925E-02  2.881542241920E+02  2.146522951089E-01  2.676857934263E-01 -1.728484266048E-01 -2.194256232675E-03 -4.461668719000E-01  1.716044756250E+00  9.950342235982E-04 -2.283125522089E-02  2.183622099741E-02 -1.436605530041E-02  1.268253385146E-04 -2.565967159156E-06  1.987510369443E-06 -3.152269056743E-06  6.869646076857E-02  2.565967018478E-06  9.205206998444E-04 -1.582739708934E-19 -6.419908595037E-21  3.042252484205E-20 -8.872109972324E-04
  2.418555172459E+02  2.445433500046E+02  1.696809902747E+01 -9.812358416391E-14 -2.629639839909E-02  2.889013460434E+02  2.143162919400E-01  2.658591511373E-01 -1.716438741484E-01 -2.220685261721E-03 -4.418576311950E-01  1.708419255212E+00  5.927402386313E-04 -2.167815556629E-02  2.108541532741E-02 -1.406898634158E-02  1.609348186055E-04 -2.292549674642E-06  1.502974387848E-06 -3.650560233372E-06  6.709592806730E-02  2.292549662323E-06  6.518460132461E-04 -1.197008836279E-19 -7.220270306030E-21  2.736091763474E-20 -8.756026956406E-04
  2.472311827633E+02  2.499996505047E+02  1.699080538748E+01 -9.557629778034E-14 -2.612359191101E-02  2.896603092731E+02  2.139668969474E-01  2.640283308146E-01 -1.703583801106E-01 -2.205634355056E-03 -4.390966265813E-01  1.701889109511E+00  1.719865910999E-04 -2.046314280339E-02  2.029115621223E-02 -1.394686405758E-02  1.901712852337E-04 -2.451834221367E-06  1.109512415852E-06 -1.985215214413E-06  6.552739327792E-02  2.451834310954E-06  6.978129850447E-04 -1.415369616903E-19 -7.949405154328E-21  3.415484644915E-20 -8.647801303355E-04
  2.527681182462E+02  2.556196400198E+02  1.701345055814E+01 -9.709544641102E-14 -2.581510433546E-02  2.904181136654E+02  2.135884362237E-01  2.622708763969E-01 -1.690727812008E-01 -2.218206869843E-03 -4.340917800529E-01  1.696925212921E+00 -1.613187900418E-04 -1.929573349212E-02  1.945705228214E-02 -1.374235284565E-02  1.258798339962E-04 -2.091050398142E-06  8.229303566616E-07  9.731612613194E-08  6.477692027623E-02  2.091050294225E-06  7.146891383378E-04 -1.413361901894E-19 -1.053216978094E-20  2.963254526992E-20 -8.605272017313E-04
  2.584711617935E+02  2.614082292204E+02  1.703698286023E+01 -1.005098351914E-13 -2.561484611789E-02  2.912068708259E+02  2.131505211891E-01  2.606704990616E-01 -1.677127701339E-01 -2.203912011005E-03 -4.310597473667E-01  1.692914202809E+00 -5.328432556349E-04 -1.810157965402E-02  1.863442290966E-02 -1.381375418981E-02  1.293035530095E-04 -2.686170279663E-06  7.325663581258E-07  6.966997738664E-07  6.441687039619E-02  2.686170329107E-06  1.267890552026E-03 -1.606028955016E-19 -1.135607440875E-20  2.160192371198E-20 -8.588312921470E-04
  2.643452966473E+02  2.673704760971E+02  1.706075044163E+01 -1.012578690601E-13 -2.489024324738E-02  2.920046315175E+02  2.126665873974E-01  2.592863349301E-01 -1.663710508942E-01 -2.197680218301E-03 -4.190633159909E-01  1.690982997901E+00 -8.774683372881E-04 -1.695877465552E-02  1.783624299276E-02 -1.367120808372E-02 -4.762308183296E-05 -1.330391430331E-06  7.606708714905E-07  4.836408983908E-07  6.336180705280E-02  1.330391445518E-06  1.959146213772E-03 -1.460660803293E-19 -1.722872116771E-20  2.561227510818E-20 -8.498082918256E-04
  2.703956555468E+02  2.735115903800E+02  1.708490134863E+01 -9.638939776554E-14 -2.414244903742E-02  2.928160143365E+02  2.121710019143E-01  2.584902475487E-01 -1.649482276258E-01 -2.201531237827E-03 -4.068108362226E-01  1.689575332079E+00 -1.296486698483E-03 -1.578056833991E-02  1.707705503844E-02 -1.349750553362E-02 -4.977482431785E-05 -4.005259082329E-07  4.246180641560E-07  9.151920458262E-08  6.176238854423E-02  4.005260347826E-07  2.440919739052E-03 -1.276052390412E-19 -5.421902028029E-21  1.970179524372E-20 -8.349144071326E-04
  2.766275252132E+02  2.798369380914E+02  1.710886505930E+01 -8.951674774701E-14 -2.299744203569E-02  2.936218612039E+02  2.116477868064E-01  2.576562126160E-01 -1.635437452281E-01 -2.177849243182E-03 -3.881481172828E-01  1.686641079985E+00 -1.670160641891E-03 -1.458682294831E-02  1.625698359022E-02 -1.323915983295E-02 -1.698635166895E-04  5.187866881474E-07  6.554172804600E-08 -3.074806698879E-07  5.985116961501E-02 -5.187865497216E-07  3.037323945789E-03 -1.468412563366E-19 -9.777997815349E-21  2.021197776279E-20 -8.233409109415E-04
  2.830463509696E+02  2.863520462341E+02  1.713292907379E+01 -8.795050401219E-14 -2.171204315889E-02  2.944317060388E+02  2.111105691992E-01  2.572669878040E-01 -1.620277509223E-01 -2.182886711033E-03 -3.674731727675E-01  1.687912768656E+00 -2.040631016208E-03 -1.342903239947E-02  1.546966341562E-02 -1.310139184868E-02 -2.170362316196E-04  1.669900291575E-06 -3.378473264419E-09 -7.400080896783E-07  5.865544498666E-02 -1.669900347632E-06  2.835361147306E-03 -1.269782540467E-19 -1.700831073994E-21  1.777688662000E-20 -8.173115708812E-04
  2.896577414987E+02  2.930626076211E+02  1.715734103845E+01 -8.986739260738E-14 -2.065808584990E-02  2.952538120152E+02  2.105168051699E-01  2.567633452271E-01 -1.605157294800E-01 -2.161230747819E-03 -3.509643724672E-01  1.690387746916E+00 -2.477245645789E-03 -1.217567584259E-02  1.465292148834E-02 -1.308025497580E-02 -2.018399715872E-04  1.694039041440E-06  2.879756722291E-08 -9.507513977476E-07  5.894561867029E-02 -1.694038999674E-06  2.334200494392E-03 -1.283419994454E-19  2.039745053761E-21  1.834060495412E-20 -8.246457198875E-04
  2.964674737436E+02  2.999744858498E+02  1.718310478820E+01 -9.010296111653E-14 -1.972373973036E-02  2.961219369612E+02  2.098155096509E-01  2.561905495594E-01 -1.589418595405E-01 -2.160098532104E-03 -3.366042521978E-01  1.692231593442E+00 -2.911719130548E-03 -1.082731123457E-02  1.373903036511E-02 -1.334928210153E-02 -1.820406341812E-04  2.439178659321E-06  1.599383561707E-07 -1.381349028649E-06  5.941757492454E-02 -2.439178674166E-06  1.727279003348E-03 -1.149581350634E-19 -6.226758541577E-21  5.538008678947E-21 -8.383022371269E-04
  3.034814979559E+02  3.070937204253E+02  1.720943223107E+01 -8.755463313994E-14 -1.913643310233E-02  2.970106727785E+02  2.089554335898E-01  2.558319350121E-01 -1.573666973234E-01 -2.148101176355E-03 -3.279889561180E-01  1.697314299660E+00 -3.334145739444E-03 -9.515926210586E-03  1.285007194995E-02 -1.349685496841E-02 -7.168592045021E-05  3.688708478289E-06  3.082734766200E-07 -2.075242858417E-06  5.941428460266E-02 -3.688708408754E-06  1.387314391839E-03 -1.248320012530E-19 -3.188781677514E-21 -5.128587128311E-22 -8.494914349876E-04
  3.107059428946E+02  3.144265320380E+02  1.723675370391E+01 -8.161568534719E-14 -1.846003612050E-02  2.979352324628E+02  2.079694348277E-01  2.555861844714E-01 -1.557058586426E-01 -2.105670377054E-03 -3.185119705676E-01  1.707339366236E+00 -3.750143853765E-03 -8.216919130812E-03  1.196706298454E-02 -1.370871048024E-02 -7.213984509366E-05  2.324532104084E-06  4.065025696906E-07 -1.251942179211E-06  6.005778275329E-02 -2.324532052587E-06  7.890915900616E-04 -1.441007160155E-19 -7.792092386272E-21  9.257131920127E-21 -8.664765576568E-04
  3.181471211814E+02  3.219793279992E+02  1.726529634371E+01 -7.033363984537E-14 -1.839203170114E-02  2.989039311086E+02  2.069968299737E-01  2.550991382212E-01 -1.540021478142E-01 -2.125573391012E-03 -3.195217273537E-01  1.714529109962E+00 -4.145665363503E-03 -6.899127348415E-03  1.104479271179E-02 -1.398524804896E-02  8.975041901552E-05  8.032051656995E-07  5.009128724825E-07 -2.251759832564E-07  6.012233817313E-02 -8.032049261326E-07  4.239458671695E-04 -1.265907592548E-19 -3.908187981740E-21  7.487722457781E-21 -8.761526520850E-04
  3.258115348169E+02  3.297587078391E+02  1.729436236825E+01 -5.779783639540E-14 -1.805096747148E-02  2.998920045145E+02  2.060254566957E-01  2.544017062171E-01 -1.522552373351E-01 -2.009852676645E-03 -3.158499441439E-01  1.719800323360E+00 -4.468935404499E-03 -5.570106231425E-03  1.003904163586E-02 -1.405520707221E-02  7.211490661559E-05 -6.898238181010E-07  4.099116559522E-07  4.613743703192E-07  5.939359166658E-02  6.898237466112E-07  9.373643502155E-04 -1.438185253366E-19  5.475441928192E-21  9.267343741873E-21 -8.781296284779E-04
  3.337058808614E+02  3.377714690743E+02  1.732391175677E+01 -4.631329261068E-14 -1.746548005088E-02  3.008984579219E+02  2.049445893451E-01  2.536940920421E-01 -1.504585016974E-01 -2.004830767184E-03 -3.074988219530E-01  1.729966934208E+00 -4.865929995057E-03 -4.242472301961E-03  9.108402297060E-03 -1.405334707687E-02  8.453880133356E-05 -2.394503586051E-07  7.645520065370E-08  1.013056304879E-06  5.910451022189E-02  2.394504841544E-07  1.739845365710E-03 -1.281000752387E-19  2.190904652992E-22  1.868474004609E-21 -8.847535675664E-04
  3.418370572872E+02  3.460246131465E+02  1.735443267125E+01 -3.697680027477E-14 -1.628603120702E-02  3.019392875660E+02  2.037411102054E-01  2.527116280279E-01 -1.485689529029E-01 -1.856648204115E-03 -2.890734433590E-01  1.738191647324E+00 -5.186606617777E-03 -2.977669398189E-03  8.164276015662E-03 -1.426163315590E-02 -1.304089246728E-04 -1.374479691576E-06 -5.917145143068E-07  1.390324716856E-06  5.807519360607E-02  1.374479692889E-06  1.711692536553E-03 -9.731211968043E-20  4.336200500721E-21 -6.405126090753E-21 -8.861531028292E-04
  3.502121690058E+02  3.545253515409E+02  1.738469811970E+01 -3.179368588425E-14 -1.568564783017E-02  3.029737110433E+02  2.023896194602E-01  2.508520399440E-01 -1.466007408869E-01 -1.838042211226E-03 -2.800041547649E-01  1.746200007932E+00 -5.512298111118E-03 -1.684381000711E-03  7.196679111830E-03 -1.407884333275E-02 -8.484848742785E-05 -9.920378134237E-07 -1.353151353708E-06  1.237557649338E-06  5.723597106773E-02  9.920378775460E-07  1.232605799054E-03 -1.175267876193E-19 -2.249048106702E-21 -8.904309886830E-21 -8.859646628893E-04
  3.588385340760E+02  3.632811120872E+02  1.741614090344E+01 -2.902930890461E-14 -1.496217446679E-02  3.040514630377E+02  2.008313018655E-01  2.493197466997E-01 -1.446221857778E-01 -1.647032510706E-03 -2.683399511455E-01  1.759872617748E+00 -5.736442919226E-03 -4.812736683983E-04  6.217716587671E-03 -1.434092511295E-02 -5.548590500956E-05  2.745353724098E-07 -1.777509269987E-06  2.412228255716E-06  5.680090480207E-02 -2.745353578374E-07  1.371660006167E-03 -1.069027412878E-19 -6.997251428612E-21 -1.292699080754E-20 -8.962731112925E-04
  3.677236900983E+02  3.722995454498E+02  1.744778874419E+01 -2.896472529416E-14 -1.416501361011E-02  3.051398177489E+02  1.990259575529E-01  2.466932925130E-01 -1.425917463560E-01 -1.598804620696E-03 -2.546676801239E-01  1.774324832508E+00 -6.093946445423E-03  7.206298901486E-04  5.373316555352E-03 -1.428581869273E-02 -9.134697722598E-05  7.273283134899E-07 -1.973367369683E-06  3.181371179440E-06  5.654663557071E-02 -7.273283305914E-07  2.275295270047E-03 -1.106466567768E-19 -1.222055613131E-22 -1.282729189030E-20 -9.004453364944E-04
  3.768754008012E+02  3.815885318133E+02  1.748084329528E+01 -2.833916174644E-14 -1.236423733190E-02  3.062780163008E+02  1.970158092655E-01  2.432796685793E-01 -1.404554572509E-01 -1.457120188500E-03 -2.241536273475E-01  1.791027427757E+00 -6.471707375937E-03  2.016209071533E-03  4.455498304192E-03 -1.452043341311E-02 -3.804334309412E-04  8.545218941507E-07 -1.951881587409E-06  2.570496649015E-06  5.627704333226E-02 -8.545219344548E-07  3.167189458098E-03 -1.127526162847E-19 -3.150277283471E-21 -2.166932118180E-20 -9.032024259639E-04
  3.863016628253E+02  3.911561877677E+02  1.751410556439E+01 -2.184654934531E-14 -1.043446574007E-02  3.074267757984E+02  1.948880461816E-01  2.414152715048E-01 -1.383261548474E-01 -1.375414468348E-03 -1.909570231043E-01  1.808006851112E+00 -6.846280911254E-03  3.259135674385E-03  3.587145236770E-03 -1.437862147352E-02 -3.430097423202E-04  2.877973534733E-07 -1.837899407844E-06  3.219797581551E-06  5.455316616740E-02 -2.877972965016E-07  3.448763971825E-03 -1.199710560058E-19  5.379621989977E-21 -2.381456937673E-20 -8.939836876110E-04
  3.960107127100E+02  4.010108734007E+02  1.754704146917E+01 -1.560321721365E-14 -8.177404589783E-03  3.085647286926E+02  1.926801032235E-01  2.388664626614E-01 -1.361010076879E-01 -1.271743821077E-03 -1.524022787488E-01  1.821501064083E+00 -7.175585165724E-03  4.457507130112E-03  2.718078035631E-03 -1.419728687377E-02 -3.928234432471E-04  4.762471502154E-07 -1.769824644912E-06  3.448837479637E-06  5.301465838432E-02 -4.762471076448E-07  3.657220930185E-03 -1.126032309403E-19 -4.335648695332E-21 -1.880038391052E-20 -8.822272394834E-04
  4.060110340913E+02  4.111611996027E+02  1.758036025379E+01 -1.801798315583E-14 -5.859183654846E-03  3.097174132487E+02  1.904021838736E-01  2.363977920995E-01 -1.338186487880E-01 -1.254201578613E-03 -1.121552365989E-01  1.836742620234E+00 -7.475500009786E-03  5.645434693527E-03  1.830065316392E-03 -1.406199943369E-02 -5.075265522785E-04  7.623040615634E-07 -1.543213098005E-06  2.931036694501E-06  5.261392191699E-02 -7.623041132098E-07  3.107883283156E-03 -1.102597773268E-19 -6.655496024198E-23 -1.206970965468E-20 -8.810942682686E-04
  4.163113651141E+02  4.216160355908E+02  1.761477934677E+01 -2.329642454062E-14 -4.166840150183E-03  3.109094390050E+02  1.880361185523E-01  2.337956665717E-01 -1.314405923553E-01 -1.210999816596E-03 -8.236770366645E-02  1.852610110246E+00 -7.656185917957E-03  6.782367340200E-03  8.738185776746E-04 -1.421100454262E-02 -3.531036928550E-04 -3.326641895773E-07 -1.305705035014E-06  2.745136637970E-06  5.208630432593E-02  3.326642118347E-07  2.098931266374E-03 -9.216049281410E-20  8.073900360689E-21 -2.379709316872E-20 -8.901505667796E-04
  4.269207060675E+02  4.323845166585E+02  1.764944328144E+01 -2.811005529908E-14 -3.067854426409E-03  3.121138984949E+02  1.855025694264E-01  2.310363112311E-01 -1.289803429175E-01 -1.236223465765E-03 -6.162362191356E-02  1.873354647865E+00 -7.862383852801E-03  7.905320733397E-03 -4.293688060644E-05 -1.415717816398E-02 -2.864355006824E-04  8.552649350896E-07 -1.111412214450E-06  2.231245855540E-06  5.066230354190E-02 -8.552650327851E-07  1.990877153261E-03 -1.028290265377E-19  1.261641863960E-21 -3.370962912236E-20 -8.804982721310E-04
  4.378483272495E+02  4.434760521583E+02  1.768398213000E+01 -3.603258656437E-14 -1.451486186306E-03  3.133159535072E+02  1.828381159340E-01  2.269083267144E-01 -1.264905025342E-01 -1.234997420054E-03 -3.156562479302E-02  1.896062530821E+00 -8.014925860429E-03  8.825517347356E-03 -8.105914869044E-04 -1.405229636734E-02 -3.740794887819E-04  1.665787716793E-06 -8.503231866219E-07  1.367159072429E-06  5.037578003066E-02 -1.665787687938E-06  1.923895711827E-03 -9.246107174487E-20  4.613266257026E-22 -2.544239750866E-20 -8.885516413901E-04
  4.491037770670E+02  4.549003337230E+02  1.772031358021E+01 -4.387128666715E-14 -3.654412829506E-04  3.145855487276E+02  1.801420519133E-01  2.219968678580E-01 -1.238784818991E-01 -1.371724810480E-03 -1.084227587754E-02  1.917131345113E+00 -8.212539256070E-03  9.816015697893E-03 -1.603476441952E-03 -1.437902877194E-02 -2.046437052182E-04  5.237245401287E-07 -8.287598316053E-07  7.990830320812E-07  4.987998103800E-02 -5.237246754947E-07  1.719898616996E-03 -8.785059405682E-20 -7.948492095382E-22 -4.121518154289E-20 -8.949909280066E-04
  4.606968903790E+02  4.666673437347E+02  1.775626897907E+01 -4.598054691625E-14  1.042682458390E-03  3.158447268567E+02  1.774553302548E-01  2.170113384087E-01 -1.212756654778E-01 -1.380379512086E-03  1.515534370196E-02  1.940257882899E+00 -8.502883627997E-03  1.082268984121E-02 -2.319806213144E-03 -1.419927413088E-02 -3.336843644718E-04  4.129889879666E-07 -8.730595593196E-07  3.025604920369E-07  4.787983002659E-02 -4.129890347926E-07  9.963213716842E-04 -6.795874675320E-20 -8.037830263785E-22 -3.332954810000E-20 -8.788235605862E-04
  4.726377970904E+02  4.787873640468E+02  1.779178745857E+01 -3.777656146520E-14  1.120136567910E-03  3.170926044050E+02  1.748475032080E-01  2.133079651985E-01 -1.184823122255E-01 -1.456006863719E-03  1.773473636109E-02  1.964521200178E+00 -8.609431327722E-03  1.165838618662E-02 -3.048954858721E-03 -1.394514290049E-02 -1.365572248764E-04  6.378248680825E-07 -6.334641383949E-07 -1.271037270659E-06  4.683131274690E-02 -6.378247937998E-07  6.777717161404E-04 -9.701772340279E-20 -7.816561144915E-22 -4.162235040799E-20 -8.714870960283E-04
  4.849369310031E+02  4.912709849682E+02  1.782826840060E+01 -2.298054570711E-14  2.078921574771E-03  3.183760735961E+02  1.720474767784E-01  2.085564386410E-01 -1.156458845637E-01 -1.539102770737E-03  3.556573317895E-02  1.991416947941E+00 -8.684331401864E-03  1.247466520686E-02 -3.790333805104E-03 -1.401242702931E-02 -1.143915063303E-04  2.331241248459E-07 -3.489422335135E-07 -1.355634334457E-06  4.698153608572E-02 -2.331241644138E-07  1.470474356566E-03 -7.910624778247E-20 -1.755823174842E-21 -3.362749916532E-20 -8.873790143299E-04
  4.976050389332E+02  5.041291145172E+02  1.786618954914E+01 -2.317537510279E-15  3.442718977258E-03  3.197120057947E+02  1.689577849787E-01  2.041498611255E-01 -1.127265060970E-01 -1.622316598020E-03  6.153977212567E-02  2.018804573133E+00 -8.851039850877E-03  1.327951815510E-02 -4.428478304069E-03 -1.439614016690E-02 -3.116483565371E-05  1.913097437447E-08 -2.694733331765E-07 -7.943100149100E-07  4.678508939822E-02 -1.913081920614E-08  5.049095428657E-04 -7.210632009990E-20 -2.628579135627E-21 -3.622131527804E-20 -8.963551054629E-04
  5.106531901012E+02  5.173729879527E+02  1.790458270094E+01  1.449550397249E-14  2.897987134336E-03  3.210681143584E+02  1.655824530257E-01  2.008703224897E-01 -1.096542084512E-01 -1.696799754760E-03  5.356870835491E-02  2.049258734809E+00 -9.030673381520E-03  1.417021934673E-02 -5.139545965297E-03 -1.432314075427E-02  2.959279450796E-04 -9.512029574996E-07 -2.825152865053E-07 -2.923556845475E-07  4.616455118243E-02  9.512029910996E-07 -1.336618271169E-03 -8.608601025521E-20  3.896335014222E-22 -4.073952039525E-20 -9.021933146783E-04
  5.240927858042E+02  5.310141775913E+02  1.794373861100E+01  1.611259563272E-14  1.195740776213E-03  3.224541609672E+02  1.619841158263E-01  1.973212151631E-01 -1.066551348031E-01 -1.743711098782E-03  2.396645235769E-02  2.090213048168E+00 -9.210781864115E-03  1.521081027036E-02 -6.000028406176E-03 -1.456743312773E-02  5.663814933306E-04 -2.659188636593E-07 -4.011401745278E-07 -7.288580843386E-08  4.544869622839E-02  2.659188326527E-07 -3.181414908758E-03 -7.304278763691E-20  2.566668234309E-21 -3.616958017523E-20 -9.097534732818E-04
  5.379355693784E+02  5.450646029190E+02  1.798321897045E+01  1.324108256489E-14 -2.610688659519E-03  3.238547075887E+02  1.584601208260E-01  1.932160284536E-01 -1.033707572481E-01 -1.830135562073E-03 -4.280026904633E-02  2.131355148828E+00 -9.328488587981E-03  1.586812866442E-02 -6.539640076419E-03 -1.463731464013E-02  1.080367665002E-03 -2.661303843132E-07 -6.070914967058E-07 -1.003547060883E-06  4.480477127178E-02  2.661303557274E-07 -4.218619935391E-03 -6.298071629170E-20 -7.129493211471E-22 -4.079175528424E-20 -9.210816646204E-04
  5.521936364597E+02  5.595365410066E+02  1.802358995766E+01  1.877681271463E-14 -6.328265776431E-03  3.252900191475E+02  1.548291896454E-01  1.906390735965E-01 -1.001708372474E-01 -1.829190100437E-03 -1.083103526535E-01  2.164389150693E+00 -9.300898812166E-03  1.639923096815E-02 -7.098332155934E-03 -1.473671169481E-02  1.272172195362E-03 -3.168542588118E-07 -7.594878944741E-07 -1.154336729659E-06  4.403164613457E-02  3.168542793169E-07 -3.273826713810E-03 -6.402117988684E-20  7.082375634082E-21 -3.593683368028E-20 -9.139867046684E-04
  5.668794455535E+02  5.743794455535E+02  1.806404220604E+01  2.809198519059E-14 -8.608844332514E-03  3.267336731358E+02  1.512392989371E-01  1.872435378174E-01 -9.674534504359E-02 -1.885175318086E-03 -1.486776657625E-01  2.168974050219E+00 -9.283206881495E-03  1.643822432830E-02 -7.155017446776E-03 -1.442528169001E-02  1.036045367012E-03 -2.869728497004E-07 -6.087561590967E-07 -1.928568753933E-07  4.281769924699E-02  2.869728542745E-07 -4.010271577551E-03 -6.008875451058E-20 -2.487160779607E-22 -3.831070179685E-20 -8.949718022159E-04
  5.818794455535E+02  5.893794455535E+02  1.810387440315E+01  3.288182645727E-14 -1.382659362882E-02  3.281599581104E+02  1.477907459234E-01  1.842277322050E-01 -9.329858639762E-02 -1.840252955510E-03 -2.430203591392E-01  2.137352163643E+00 -8.963153883225E-03  1.595720614854E-02 -6.994052265492E-03 -1.393749550951E-02  1.431076169142E-03 -7.104394493520E-07 -2.516509806459E-07 -1.791565793917E-06  4.197058029406E-02  7.104394564049E-07 -4.568387523221E-03 -5.215981007214E-20 -4.874704235449E-21 -3.871399505501E-20 -8.554710756808E-04
  5.968794455535E+02  6.043794455535E+02  1.814275237005E+01  3.688323854233E-14 -1.717293067380E-02  3.295563972981E+02  1.443036101644E-01  1.802153065952E-01 -8.993159190677E-02 -1.905400799803E-03 -3.032870664390E-01  2.121831524745E+00 -8.794739438634E-03  1.573813998488E-02 -6.943400546089E-03 -1.352815106075E-02  1.101396022712E-03 -7.865833320873E-07  1.776292726488E-07 -1.903018267188E-06  4.216877714758E-02  7.865833325820E-07 -4.158285819979E-03 -6.137161146019E-20 -2.589977560391E-22 -3.633901453919E-20 -8.459738548532E-04
  6.118794455535E+02  6.193794455535E+02  1.818294650052E+01  4.351301173400E-14 -2.163466308495E-02  3.310022650795E+02  1.410116892897E-01  1.773525360363E-01 -8.646858202927E-02 -1.903617259500E-03 -3.849534538911E-01  2.095630433372E+00 -8.609064085333E-03  1.541489032031E-02 -6.805826234935E-03 -1.358612129740E-02  1.267266917884E-03 -8.046242574666E-07  3.165096163112E-08 -1.423033490271E-06  4.240778437572E-02  8.046242581083E-07 -4.685502248108E-03 -5.444987478342E-20  4.974300659245E-21 -3.484259600754E-20 -8.422345274872E-04
  6.268794455535E+02  6.343794455535E+02  1.822225937538E+01  4.670118733281E-14 -2.596699202713E-02  3.324212408038E+02  1.378814433879E-01  1.743452259911E-01 -8.299275909799E-02 -1.956118469241E-03 -4.646782072079E-01  2.064974493833E+00 -8.269135739354E-03  1.506984581751E-02 -6.800710078369E-03 -1.335445554685E-02  1.150965753908E-03  2.037620323673E-07 -7.161680505459E-07 -1.323457637794E-06  4.284520053863E-02 -2.037620039794E-07 -3.660787104895E-03 -3.644283722710E-20  1.511026618125E-21 -3.044195885132E-20 -8.460360292579E-04
  6.418794455535E+02  6.493794455535E+02  1.826327523192E+01  4.291564416481E-14 -2.849797806915E-02  3.339046961097E+02  1.346896582318E-01  1.710837486552E-01 -7.956330433897E-02 -1.797398998559E-03 -5.130505067586E-01  2.038197051492E+00 -7.998376610942E-03  1.458757889848E-02 -6.589202287458E-03 -1.364623917623E-02  8.297219916940E-04  8.798003271319E-07 -1.151152026852E-06 -1.419262241507E-06  4.344032411675E-02 -8.798003955418E-07 -2.334939569348E-03 -4.464922874513E-20 -2.017176315894E-21 -3.245898983545E-20 -8.457671507016E-04
  6.568794455535E+02  6.643794455535E+02  1.830370635928E+01  3.993319090476E-14 -3.033717175195E-02  3.353695151045E+02  1.315293193341E-01  1.684806724337E-01 -7.600383736675E-02 -1.813358784566E-03 -5.493002588959E-01  2.015438255999E+00 -7.809638875213E-03  1.431871045686E-02 -6.509071581573E-03 -1.345361435084E-02  5.340244196892E-04  1.142500003238E-06 -1.327843338162E-06 -6.181762477108E-07  4.319914367374E-02 -1.142499983579E-06 -1.785148403344E-03 -3.408362762665E-20  5.715346706795E-22 -3.718023373748E-20 -8.368155458547E-04
  6.718794455535E+02  6.793794455535E+02  1.834427175654E+01  4.249621679582E-14 -3.185014531843E-02  3.368428350843E+02  1.283881844256E-01  1.654532781439E-01 -7.254934275915E-02 -1.687723667525E-03 -5.805996325781E-01  1.987114170012E+00 -7.686071350054E-03  1.389883184435E-02 -6.212760494278E-03 -1.330434547137E-02  4.688907051172E-04 -7.075433799186E-07 -1.291325888940E-06 -6.298302232024E-07  4.365699540533E-02  7.075433261692E-07 -2.223603103048E-03 -2.628884690992E-20  1.872251678097E-21 -3.981131020823E-20 -8.308784119596E-04
  6.868794455535E+02  6.943794455535E+02  1.838556142698E+01  4.352571070492E-14 -3.451482127561E-02  3.383453277749E+02  1.251926716147E-01  1.626267053340E-01 -6.901554918999E-02 -1.620969092511E-03 -6.330191626804E-01  1.954204412749E+00 -7.602515949114E-03  1.360802806985E-02 -6.005512120787E-03 -1.317903104702E-02  6.674310289004E-04 -1.309409749816E-06 -7.027677114765E-07  7.197200620085E-08  4.234070989721E-02  1.309409746957E-06 -2.280026684967E-03 -2.948028584074E-20  2.904510032565E-21 -3.444290724470E-20 -7.993148266740E-04
  7.018794455535E+02  7.093794455535E+02  1.842365802476E+01  4.099941675224E-14 -3.612900029678E-02  3.397348274119E+02  1.218558269711E-01  1.598638996483E-01 -6.556893247492E-02 -1.526407527872E-03 -6.669341492893E-01  1.919115629312E+00 -7.469126718163E-03  1.326126514101E-02 -5.792138422896E-03 -1.238442622267E-02  5.737323799081E-04 -6.120665961956E-07  6.999582328848E-08 -6.252241454991E-07  4.069918094664E-02  6.120665772052E-07 -1.634940826270E-03 -2.859210426927E-20  3.332092421570E-21 -3.055898280407E-20 -7.581681523933E-04
  7.168794455535E+02  7.243794455535E+02  1.846187815548E+01  4.399535893293E-14 -3.758081860414E-02  3.411318252476E+02  1.182572677976E-01  1.573974947978E-01 -6.204076767683E-02 -1.324278310807E-03 -6.971263699250E-01  1.888866258329E+00 -7.210121969570E-03  1.275499147710E-02 -5.544869507643E-03 -1.191789097089E-02  4.504390987749E-04 -6.448046752775E-07  5.699620858165E-07 -6.035922943968E-07  3.946828284932E-02  6.448047126773E-07 -5.579255767790E-04 -2.311004159278E-20 -2.454676641444E-21 -3.178725166726E-20 -7.273981897397E-04
  7.318794455535E+02  7.393794455535E+02  1.849766836353E+01  4.761792963698E-14 -3.716306663765E-02  3.424422557306E+02  1.141426430491E-01  1.525553075618E-01 -5.858394429446E-02 -1.240767993853E-03 -6.932204967511E-01  1.861350330753E+00 -6.967373421145E-03  1.234123042835E-02 -5.373857007064E-03 -1.140851958976E-02  3.560777052383E-05 -7.828510080131E-07  7.036026343475E-07 -1.694844267918E-07  3.820123719048E-02  7.828509732701E-07  1.046518266239E-03 -1.354531961033E-20  3.591341741227E-21 -3.580723219259E-20 -7.078849448600E-04
  7.468794455535E+02  7.543794455535E+02  1.853350510403E+01  4.793314183071E-14 -3.560671153120E-02  3.437554440903E+02  1.097776521831E-01  1.478704192617E-01 -5.512956915529E-02 -1.032831456747E-03 -6.666448661144E-01  1.825671225291E+00 -6.784133471579E-03  1.194572148664E-02 -5.161588015051E-03 -1.118468234030E-02 -3.144710704289E-04 -7.582099682613E-07  8.276102023925E-07  4.578349773655E-07  3.706208314451E-02  7.582099908167E-07  2.552517588021E-03 -1.662046854670E-20  6.251979559811E-21 -2.181633953813E-20 -6.785577728908E-04
  7.618794455535E+02  7.693794455535E+02  1.856715757443E+01  4.670922727016E-14 -3.238348328463E-02  3.449908096871E+02  1.053222764307E-01  1.425107535970E-01 -5.171247339535E-02 -9.063676545114E-04 -6.094387099889E-01  1.785186352883E+00 -6.584187475233E-03  1.152476207301E-02 -4.940574597682E-03 -1.044460953199E-02 -4.558704012122E-04 -1.355920114919E-07  9.536215306706E-07 -4.166022938774E-07  3.512114033426E-02  1.355920036565E-07  2.584356002014E-03 -1.293224945654E-20  4.155239274011E-21 -1.664243794295E-20 -6.344761818753E-04
  7.768794455535E+02  7.843794455535E+02  1.859935280160E+01  4.083125721213E-14 -3.077406477063E-02  3.461764769562E+02  1.007855776368E-01  1.368630374968E-01 -4.830000977094E-02 -8.252485684978E-04 -5.820578126078E-01  1.743324346435E+00 -6.403857051975E-03  1.106240295530E-02 -4.658545903429E-03 -9.799735172290E-03 -3.255153022523E-04  1.851616588183E-07  8.811807099545E-07  1.292621375627E-06  3.186078857596E-02 -1.851616978305E-07  1.451313016060E-03 -1.722796310813E-20 -2.628479478504E-21 -2.373037366725E-20 -5.775445018176E-04
  7.918794455535E+02  7.993794455535E+02  1.862689347655E+01  3.375258695223E-14 -2.966527914421E-02  3.471903742645E+02  9.612515617047E-02  1.317087217341E-01 -4.485426123233E-02 -6.171274536748E-04 -5.623386244224E-01  1.703578009192E+00 -6.152555606123E-03  1.068343262400E-02 -4.530877017715E-03 -8.688755901636E-03 -1.488760297020E-04  8.133091057128E-07  8.280921348981E-07  9.610098886868E-07  2.935849942655E-02 -8.133091074765E-07  1.582490380885E-03 -1.477275829852E-20 -4.480926577384E-22 -2.149916420968E-20 -5.233280502660E-04
  8.068794455535E+02  8.143794455535E+02  1.865440401797E+01  2.828499609010E-14 -2.780038881811E-02  3.482075919173E+02  9.126105495368E-02  1.266346476812E-01 -4.160689895520E-02 -6.065254640364E-04 -5.272165775034E-01  1.662548191045E+00 -5.858020083528E-03  1.010850203713E-02 -4.250481953575E-03 -8.062708496432E-03 -2.013500948142E-04  1.397709524636E-07  6.257018541615E-07  3.958140220136E-07  2.664319002349E-02 -1.397710273797E-07  1.524756304380E-03 -1.289968913892E-20  1.508099091425E-21 -2.065089752843E-20 -4.720956374436E-04
  8.218794455535E+02  8.293794455535E+02  1.867684987971E+01  2.147184817100E-14 -2.679416763076E-02  3.490367159192E+02  8.615094685562E-02  1.216164312908E-01 -3.816706971257E-02 -4.597862387556E-04 -5.080449803330E-01  1.624447293867E+00 -5.685670765128E-03  9.764135855016E-03 -4.078465089885E-03 -6.943265123024E-03 -1.524892869525E-04 -4.844267238407E-07  7.063517360497E-07  1.435756638071E-07  2.311028416546E-02  4.844267031774E-07  8.667736025897E-04 -1.138361143938E-20  5.177354369518E-22 -1.749274932828E-20 -4.080258879990E-04
  8.368794455535E+02  8.443794455535E+02  1.869773421207E+01  1.772828137186E-14 -2.617064877003E-02  3.498090672871E+02  8.101553371119E-02  1.174999453823E-01 -3.492018105638E-02 -3.678384190117E-04 -4.961445261354E-01  1.593269958800E+00 -5.456022753516E-03  9.323262491731E-03 -3.867239738130E-03 -6.222115603642E-03 -8.838187406927E-05  8.309614377641E-07  1.044014583057E-06 -3.915792008987E-08  2.108213183583E-02 -8.309614894388E-07  9.668005650058E-04 -1.025268422369E-20 -1.827179274431E-21 -1.700459872721E-20 -3.658106538334E-04
  8.518794455535E+02  8.593794455535E+02  1.871638441614E+01  1.943700011417E-14 -2.498129556564E-02  3.504999922233E+02  7.583918037413E-02  1.144974147166E-01 -3.143277954965E-02 -2.723200961458E-04 -4.734553626203E-01  1.562385156312E+00 -5.170033544035E-03  8.869112600957E-03 -3.699079056943E-03 -5.525616469318E-03 -1.229606257188E-04 -2.007781959601E-07  1.284568685535E-06 -3.871441281778E-07  2.022765011495E-02  2.007781964086E-07  1.084858758534E-03 -1.281072353792E-20  4.887107776392E-22 -1.456057795530E-20 -3.381663635706E-04
  8.668794455535E+02  8.743794455535E+02  1.873566836197E+01  2.227991149501E-14 -2.413686857302E-02  3.512149865601E+02  7.057274811020E-02  1.105483987880E-01 -2.826551827780E-02 -1.381600336897E-04 -4.583108361457E-01  1.535518110526E+00 -4.848970991531E-03  8.470351794464E-03 -3.621380802931E-03 -5.304062103780E-03 -9.256205664372E-05 -6.889429873009E-07  1.329085415732E-06 -6.822994924581E-07  1.972047312747E-02  6.889429636173E-07  2.110383520942E-03 -5.889781327798E-21 -1.363602759887E-21 -1.817960322138E-20 -3.237204373095E-04
  8.818794455535E+02  8.893794455535E+02  1.875335799561E+01  2.192616057612E-14 -2.103105410801E-02  3.518705976524E+02  6.512975438086E-02  1.068334213861E-01 -2.471427406732E-02 -6.470238857156E-05 -4.010248022364E-01  1.505225359062E+00 -4.470988091433E-03  8.016796572430E-03 -3.545808481010E-03 -4.994811357148E-03 -3.744915524301E-04 -1.480600472168E-06  9.411942824317E-07 -1.908345635599E-06  1.850882362450E-02  1.480600467947E-06  3.247288143674E-03 -1.557088495207E-20 -2.179464420550E-21 -7.373939444873E-21 -2.982363553016E-04
  8.968794455535E+02  9.043794455535E+02  1.877036752241E+01  2.109260747833E-14 -1.805464417688E-02  3.525027330498E+02  5.953521517778E-02  1.038366433415E-01 -2.158118124739E-02 -4.446109807679E-05 -3.467836508078E-01  1.475179281925E+00 -4.012379333865E-03  7.362328567605E-03 -3.349949233702E-03 -4.527169900870E-03 -4.761414083440E-04 -9.656671586765E-07  3.948238292056E-07 -5.719094968026E-07  1.671826471535E-02  9.656671087556E-07  2.832400432743E-03 -5.521151132551E-21 -8.487441858814E-22 -1.337310779766E-20 -2.642002958548E-04
  9.118794455535E+02  9.193794455535E+02  1.878471054482E+01  2.285260742938E-14 -1.571908928675E-02  3.530347726924E+02  5.354122611870E-02  1.002325338043E-01 -1.809310109408E-02  1.066695579801E-04 -3.038578396225E-01  1.449306124913E+00 -3.752077793694E-03  6.715566775750E-03 -2.963488982066E-03 -3.896716241022E-03 -4.067137526718E-04  3.537744022924E-09 -5.860505337015E-08  1.262454095074E-08  1.585262882516E-02 -3.537715625562E-09  3.003292526899E-03 -8.448221626555E-21  3.790269381235E-22 -4.524191155273E-21 -2.344038853409E-04
  9.268794455535E+02  9.343794455535E+02  1.880009482826E+01  2.422026338170E-14 -1.241689471626E-02  3.536084506173E+02  4.687424773054E-02  9.750306298054E-02 -1.485595150234E-02  3.489086332258E-05 -2.415124881269E-01  1.434580575028E+00 -3.220323948624E-03  6.243942007709E-03 -3.023618059071E-03 -3.719079140854E-03 -3.763119045181E-04 -9.171834752763E-08 -3.598121875303E-07  5.648337878590E-07  1.638767296302E-02  9.171829196483E-08  3.239078118140E-03 -7.644894629784E-21  1.998922453362E-21 -2.093209204132E-21 -2.262445818246E-04
  9.418794455535E+02  9.493794455535E+02  1.881543499173E+01  2.281449157920E-14 -9.637873719758E-03  3.541803804724E+02  3.937004955676E-02  9.700966418009E-02 -1.136818860473E-02  1.585164188093E-04 -1.901132686483E-01  1.422757840773E+00 -2.919165631545E-03  5.880929445133E-03 -2.961763813595E-03 -3.548445264375E-03 -4.379209142286E-04  2.513582750830E-08 -4.411933759892E-07  7.531610406394E-07  1.749727727256E-02 -2.513580928723E-08  3.403387377558E-03 -3.862568456856E-21 -2.170489634982E-21 -6.380241552525E-21 -2.281342562440E-04
  9.568794455535E+02  9.643794455535E+02  1.883290124404E+01  1.892908126613E-14 -6.033450498358E-03  3.548347412940E+02  3.036286597608E-02  9.886465617367E-02 -8.108616571572E-03  6.762797269948E-05 -1.231791701517E-01  1.427969552861E+00 -2.597537244103E-03  5.499410466551E-03 -2.901873222424E-03 -3.785910500190E-03 -5.537456735896E-04  6.446555155402E-07 -3.328477768923E-07  1.071661522167E-06  2.055271772172E-02 -6.446556027052E-07  3.090350212196E-03 -4.259673760976E-21 -1.030839741317E-21 -1.098521386821E-20 -2.553104984208E-04
  9.718794455535E+02  9.793794455535E+02  1.885397147710E+01  1.196582575501E-14 -3.848810596471E-03  3.556272460325E+02  2.009754876469E-02  1.044928626582E-01 -4.595895826768E-03  1.091359429676E-04 -8.277765539074E-02  1.566041277412E+00 -4.434272389679E-03  7.279186054025E-03 -2.844913664458E-03 -4.484182163065E-03 -4.409529213241E-04  1.905102054355E-06 -1.035999738816E-07 -3.775369424078E-07  2.273674701577E-02 -1.905102059538E-06  1.996153295950E-04 -4.445992215530E-21 -1.226775746634E-21 -1.619743747260E-21 -3.126508297792E-04
  9.868794455535E+02  9.943794455535E+02  1.887553492043E+01  3.559315927930E-15 -5.659389889209E-03  3.564554057489E+02  5.028405171011E-03  1.274202354383E-01 -1.405072566950E-03 -1.329707936746E-05 -1.157833951639E-01  1.481437365243E+00 -2.471119378984E-03  4.430375270011E-03 -1.959255891198E-03 -4.635089423737E-03  3.154068288870E-04  9.902249485329E-07  1.016980793088E-08 -1.504289502514E-06  1.149975089552E-02 -9.902250170923E-07 -9.669922844876E-04 -9.922763177638E-21  1.147264588992E-21 -5.741577805303E-21 -1.238160821297E-04
