                   y                  ym                   U                   V                   W                 U^2                 V^2                 W^2                  UV                  VW                  UW                VISC               SFSxx               SFSyy               SFSzz               SFSxy               SFSyz                dUdX                dVdX                dWdX                dUdY                dVdY                dWdY                dUdZ                dVdZ                dWdZ              SFSxym
 -4.000000000000E+00 -2.000000000000E+00  0.000000000000E+00  0.000000000000E+00  0.000000000000E+00  0.000000000000E+00  0.000000000000E+00  0.000000000000E+00  0.000000000000E+00  0.000000000000E+00  0.000000000000E+00  0.000000000000E+00  0.000000000000E+00  0.000000000000E+00  0.000000000000E+00  0.000000000000E+00  0.000000000000E+00  0.000000000000E+00  0.000000000000E+00  0.000000000000E+00  0.000000000000E+00  0.000000000000E+00  0.000000000000E+00  0.000000000000E+00  0.000000000000E+00  0.000000000000E+00  0.000000000000E+00
  2.220446049250E-16  2.000000000000E+00  1.034395646850E+01  2.313429395967E-15 -1.265849755301E-01  1.093576821573E+02  5.109815085322E-02  7.110044335820E-01 -1.522977652462E-01 -1.823160191882E-03 -1.308401157778E+00  8.746464838429E-01 -1.461782117558E-03  5.972545011214E-03 -4.510762893719E-03 -4.638425362759E+00  3.553465802030E-02 -8.836025019600E-04 -8.205880356385E-05  3.006769737465E-05  4.424042530521E+01  8.836025020308E-04 -5.471616691157E-01  2.998772423058E-20 -5.137528240403E-22  5.888713581061E-21 -9.046004506682E-03
  4.000000000000E+00  6.000000000000E+00  1.177636777870E+01  6.267282338356E-15 -1.470253446222E-01  1.410339488214E+02  2.039773513789E-01  6.803778531857E-01 -2.954384578421E-01 -8.363433816751E-04 -1.740758427722E+00  5.390092859964E+00  2.053261709799E-01 -2.317798329461E-01  2.645366196359E-02 -1.021087022152E+00 -7.388524061447E-02  2.320920388523E-04 -1.298965650639E-04  1.225657786446E-05  3.790010808799E+00 -2.320920388047E-04 -3.785865737191E-02  5.365839637815E-20  1.194799239147E-21  3.203988079112E-20 -7.322216750985E-02
  8.000000000000E+00  1.000000000000E+01  1.223867731851E+01  8.907750116231E-15 -1.455075518695E-01  1.517752627203E+02  2.462936305613E-01  6.258965315960E-01 -2.868571178692E-01 -1.225548385604E-03 -1.790991739612E+00  5.611314110448E+00  1.174956458942E-01 -3.021937496178E-01  1.846981037227E-01 -5.874143099590E-01 -1.209563084785E-02  1.974041824662E-04 -7.336358091292E-05 -8.228209683606E-07  1.794951923290E+00 -1.974041824263E-04  7.468873486183E-03  3.912367085659E-20  5.938134862255E-22  5.308461257193E-20 -3.557081744679E-02
  1.200000000000E+01  1.400000000000E+01  1.267384637621E+01  1.014490582108E-14 -1.433400849780E-01  1.625741596388E+02  2.691184047488E-01  6.104441387151E-01 -3.082790194458E-01 -7.969884298611E-04 -1.827819330235E+00  5.522547277738E+00  1.120365389326E-01 -2.785172796955E-01  1.664807407634E-01 -5.575572576164E-01  2.710686483579E-03  1.306223252562E-04 -4.025808113452E-05 -1.911575903919E-06  1.490024040181E+00 -1.306223251635E-04  1.134818134850E-02  3.267850086311E-20 -3.610369891611E-21  3.518013840016E-20 -3.032412498579E-02
  1.600000000000E+01  1.800000000000E+01  1.298377765652E+01  9.659244252248E-15 -1.398209867743E-01  1.704368541024E+02  2.875290482887E-01  5.979444545253E-01 -3.069944870658E-01 -8.837999430309E-04 -1.826130558812E+00  5.193664134376E+00  9.286480566742E-02 -2.472689906387E-01  1.544041849725E-01 -4.033402572780E-01  1.472756528644E-03  8.313999181715E-05 -2.505514923948E-05  3.404542282480E-06  1.165198781049E+00 -8.313999183565E-05  1.194519789866E-02  3.814890545476E-20 -8.316912438078E-22  8.668200227063E-20 -2.338718643024E-02
  2.000000000000E+01  2.200000000000E+01  1.325648337939E+01  8.030981840194E-15 -1.373200796090E-01  1.775528423441E+02  3.030274269776E-01  5.918062678375E-01 -3.130049267752E-01 -8.018961565815E-04 -1.830545175377E+00  4.973217463196E+00  8.280767267170E-02 -2.246176761341E-01  1.418100034612E-01 -3.501618602659E-01  4.449313697262E-04  5.479094505331E-05 -1.759125457969E-05 -1.424601339163E-06  9.926399186389E-01 -5.479094494907E-05  8.956477904148E-03  3.351342527516E-20 -7.735877331667E-21  9.593166692435E-20 -1.992245508898E-02
  2.400000000000E+01  2.600000000000E+01  1.348007896039E+01  6.020463207829E-15 -1.353532064759E-01  1.834873820194E+02  3.159314117464E-01  5.859391523396E-01 -3.128564438148E-01 -8.428345855165E-04 -1.833752231970E+00  4.744349234872E+00  7.208478109257E-02 -2.049245871486E-01  1.328398060565E-01 -2.871812821451E-01  8.001345652436E-05  5.496327422034E-05 -1.173619419183E-05 -1.469881197893E-07  8.450361048862E-01 -5.496327426971E-05  5.811232697072E-03  3.207851147654E-20  1.986092806290E-21  9.517725865135E-20 -1.681893249074E-02
  2.800000000000E+01  3.000000000000E+01  1.367904300601E+01  3.780244708119E-15 -1.344226783590E-01  1.888637331939E+02  3.265246511131E-01  5.818470276237E-01 -3.147027001156E-01 -8.293855488085E-04 -1.847195285554E+00  4.564582488960E+00  6.474962390994E-02 -1.896905012333E-01  1.249408773248E-01 -2.525887086648E-01  4.890991422705E-04  4.487177764289E-05 -8.005402711969E-06  4.973193818781E-06  7.438709876150E-01 -4.487177760922E-05  2.807319059146E-03  2.053186965134E-20 -4.513032472146E-21  1.032516612581E-19 -1.474734460180E-02
  3.200000000000E+01  3.400000000000E+01  1.385207115091E+01  1.393454000913E-15 -1.339418351628E-01  1.935995821275E+02  3.352184568461E-01  5.777390302188E-01 -3.143050939764E-01 -7.963489915700E-04 -1.863017375355E+00  4.395377362474E+00  5.811487889313E-02 -1.765466930586E-01  1.184318141635E-01 -2.196660403107E-01  3.557399710987E-04  2.702522026598E-05 -6.999024779163E-06  1.000257372528E-05  6.590985492837E-01 -2.702522034598E-05  1.674431859616E-03  1.428691523038E-20 -8.425956390275E-22  1.124684583725E-19 -1.300625311991E-02
  3.600000000000E+01  3.800000000000E+01  1.400859211201E+01 -3.855491591496E-16 -1.335789060059E-01  1.979390894244E+02  3.423369839767E-01  5.745597512854E-01 -3.145404416542E-01 -7.810836251078E-04 -1.877972386133E+00  4.250970342885E+00  5.281037977458E-02 -1.654333158086E-01  1.126229360328E-01 -1.973232148931E-01  2.329261238825E-04  1.248721617650E-05 -5.874963396190E-06  4.538028676782E-06  5.965522668682E-01 -1.248721612724E-05  1.219639719463E-03  1.173612816999E-20  6.116944519817E-21  1.097304434346E-19 -1.171286270638E-02
  4.000000000000E+01  4.200000000000E+01  1.415034310689E+01 -3.888791777022E-16 -1.333377072381E-01  2.019111486498E+02  3.481388313937E-01  5.718634751000E-01 -3.138348932389E-01 -7.172400976515E-04 -1.892798437357E+00  4.122221384120E+00  4.829084812574E-02 -1.558844989816E-01  1.075936508556E-01 -1.777393440434E-01  1.403647029221E-04  1.111616676455E-05 -4.798242666436E-06 -9.493889417663E-07  5.458604469687E-01 -1.111616679923E-05  6.196448760900E-05  2.075315819342E-20 -3.533456348148E-21  1.070673395806E-19 -1.064802984790E-02
  4.400000000000E+01  4.600000000000E+01  1.428153693952E+01  1.325861657154E-15 -1.335617012715E-01  2.056253436691E+02  3.528519277970E-01  5.694374399724E-01 -3.133266906134E-01 -6.836263818785E-04 -1.912773355317E+00  4.007047369804E+00  4.442798849577E-02 -1.474220447237E-01  1.029940562284E-01 -1.633939846911E-01  4.537998053628E-04  1.666081519462E-05 -5.284590964845E-06 -4.891168422727E-06  5.048355137933E-01 -1.666081516009E-05 -1.618264371409E-03  2.149561521617E-20  4.535541447292E-21  1.224074931028E-19 -9.801237259539E-03
  4.800000000000E+01  5.000000000000E+01  1.440276237198E+01  2.112834755243E-15 -1.341612008611E-01  2.090883996962E+02  3.566614942369E-01  5.672114147773E-01 -3.123983997138E-01 -6.251529534228E-04 -1.937004223897E+00  3.901519857247E+00  4.122067487367E-02 -1.400812841520E-01  9.886060927771E-02 -1.503155632523E-01  7.064150008252E-04  1.807668870086E-05 -6.444727286362E-06 -2.685074604446E-06  4.706502602661E-01 -1.807668867443E-05 -2.181187330048E-03  1.078204001470E-20 -8.523051815431E-21  1.201500916055E-19 -9.071324368009E-03
  5.200000000000E+01  5.400000000000E+01  1.451686024399E+01  5.868197999285E-16 -1.346627597027E-01  2.123760352122E+02  3.597406121968E-01  5.647510673579E-01 -3.115492586488E-01 -5.334921646952E-04 -1.959365683981E+00  3.807148330664E+00  3.859231942996E-02 -1.335516780921E-01  9.495935866243E-02 -1.402864094947E-01  6.582452460673E-04 -1.631485280415E-06 -7.372582820627E-06  7.529367087601E-06  4.425220218340E-01  1.631485192854E-06 -2.541138986626E-03 -5.187780136240E-21  4.603023706786E-21  1.166579785263E-19 -8.477649401699E-03
  5.600000000000E+01  5.800000000000E+01  1.462399629724E+01 -4.078016859384E-16 -1.354333567357E-01  2.154861728747E+02  3.621910940147E-01  5.621423364017E-01 -3.104189100632E-01 -4.792948612092E-04 -1.985236994585E+00  3.717726712771E+00  3.612115131980E-02 -1.275236527062E-01  9.140250138697E-02 -1.310708348442E-01  7.514976146418E-04  1.371736867729E-06 -7.129747746201E-06  3.405294491820E-06  4.168069544250E-01 -1.371736785769E-06 -4.049811895600E-03  9.138357619540E-21 -1.114297551771E-20  1.177558891505E-19 -7.937244569910E-03
  6.000000000000E+01  6.200000000000E+01  1.472526998254E+01 -9.584462853004E-16 -1.366939784573E-01  2.184488589014E+02  3.640552124032E-01  5.603670955748E-01 -3.094037398101E-01 -4.106034231904E-04 -2.017660746171E+00  3.637885104512E+00  3.378617872849E-02 -1.221954273481E-01  8.840924861945E-02 -1.230416908134E-01  1.031550593822E-03  7.424776453820E-06 -6.931080776738E-06 -1.237752055197E-06  3.948080288942E-01 -7.424776435584E-06 -5.727143122278E-03 -2.419663451338E-21 -3.029245999041E-21  9.764933233139E-20 -7.466618023441E-03
  6.400000000000E+01  6.600000000000E+01  1.482141560251E+01 -1.423307001772E-15 -1.382960940632E-01  2.212808703800E+02  3.653748753087E-01  5.587231223562E-01 -3.081784469444E-01 -3.302795941877E-04 -2.054504158175E+00  3.563432221001E+00  3.180861372928E-02 -1.173821234818E-01  8.557350975194E-02 -1.159091649110E-01  1.310392428412E-03 -1.049687064302E-06 -6.993851584980E-06  1.581435575502E-06  3.753882471497E-01  1.049687253078E-06 -6.637083384939E-03 -4.220689655139E-21 -1.313402525770E-20  1.107816698392E-19 -7.039498007425E-03
  6.800000000000E+01  7.000000000000E+01  1.491291981299E+01 -2.541199672565E-15 -1.399919098102E-01  2.239946125365E+02  3.661894809061E-01  5.570009167400E-01 -3.069949447381E-01 -2.441124441080E-04 -2.092569012784E+00  3.494848018102E+00  2.990120626129E-02 -1.130112058358E-01  8.310999957521E-02 -1.094608861284E-01  1.289911524663E-03  5.413454443979E-06 -5.515716407890E-06  2.307959378270E-06  3.577300717317E-01 -5.413454596920E-06 -6.955980240217E-03  1.625408534147E-21 -1.116105223313E-21  1.257863108963E-19 -6.661675403100E-03
  7.200000000000E+01  7.400000000000E+01  1.500027602157E+01 -4.754434620886E-15 -1.417575996831E-01  2.266008115083E+02  3.665622724219E-01  5.554168723458E-01 -3.056880851165E-01 -1.312113141383E-04 -2.131472878750E+00  3.429665950645E+00  2.804998006707E-02 -1.090258437852E-01  8.097586371856E-02 -1.037539596220E-01  1.168155370713E-03  9.283908965995E-06 -4.538256926224E-06 -1.518131462036E-06  3.415468302410E-01 -9.283908928064E-06 -6.837514735980E-03 -1.291920998622E-20  1.055636221549E-20  1.108744078550E-19 -6.318966365834E-03
  7.600000000000E+01  7.800000000000E+01  1.508370724243E+01 -6.707754216078E-15 -1.434093011385E-01  2.291050233690E+02  3.666130475079E-01  5.534132873364E-01 -3.044505053186E-01 -4.006226428501E-05 -2.168425144403E+00  3.369276569399E+00  2.658675957268E-02 -1.053786232740E-01  7.879186369938E-02 -9.854041746462E-02  1.200565838254E-03 -2.953895024066E-06 -5.014152574309E-06 -2.199200677379E-06  3.273359175759E-01  2.953894927570E-06 -6.231213128080E-03  6.649287385841E-21 -1.544025544449E-21  9.765055086038E-20 -6.005059199697E-03
  8.000000000000E+01  8.200000000000E+01  1.516390152507E+01 -7.497854912173E-15 -1.448873743643E-01  2.315249990758E+02  3.664199228983E-01  5.508697058346E-01 -3.031049522174E-01  6.663423884495E-05 -2.202617910400E+00  3.310159184750E+00  2.519078889534E-02 -1.018719270578E-01  7.668113816201E-02 -9.359716302079E-02  1.092338040240E-03  8.492016389836E-07 -4.616752317295E-06 -1.285441153908E-06  3.149717654339E-01 -8.492015836150E-07 -5.243730227360E-03 -1.842878458084E-20  7.894538496109E-21  9.313470864179E-20 -5.715316757831E-03
  8.400000000000E+01  8.600000000000E+01  1.524116438859E+01 -9.015902969224E-15 -1.460432331294E-01  2.338688682027E+02  3.660045748179E-01  5.482542603665E-01 -3.017691900896E-01  1.721421937343E-04 -2.231750304598E+00  3.254122610428E+00  2.390447524839E-02 -9.873436550062E-02  7.482989025178E-02 -8.934753420249E-02  8.520588972345E-04  1.064732194029E-05 -3.513981948869E-06  2.549537114223E-06  3.032549046502E-01 -1.064732197483E-05 -4.744387781964E-03  3.381741660886E-21 -2.180642864131E-21  1.047030917750E-19 -5.463021483809E-03
  8.800000000000E+01  9.000000000000E+01  1.531554068294E+01 -1.293628644599E-14 -1.472543468258E-01  2.361363226888E+02  3.654533606091E-01  5.454766497213E-01 -3.003764878791E-01  2.732407067905E-04 -2.261516710245E+00  3.201625407619E+00  2.288930430453E-02 -9.582784252758E-02  7.293853822361E-02 -8.541576259294E-02  6.827664907053E-04  4.338290318357E-06 -2.971819942385E-06  4.765417259246E-06  2.916928325036E-01 -4.338290299953E-06 -4.734176690740E-03 -1.510405354058E-20 -1.577603493639E-20  1.170353908027E-19 -5.217532596657E-03
  9.200000000000E+01  9.400000000000E+01  1.538703010487E+01 -1.505440057915E-14 -1.484075423358E-01  2.383257535156E+02  3.648371116504E-01  5.426034429459E-01 -2.990082499164E-01  3.763483793824E-04 -2.290069924209E+00  3.149806231337E+00  2.176772468355E-02 -9.288509750285E-02  7.111737281900E-02 -8.156018680830E-02  6.701643153696E-04 -6.913659867680E-07 -3.019078458418E-06  1.068120888865E-06  2.815966010561E-01  6.913659306888E-07 -4.398601367202E-03 -1.091834928689E-20 -1.656838672442E-21  9.464592167598E-20 -4.993775168548E-03
  9.600000000000E+01  9.800000000000E+01  1.545633875031E+01 -1.680711978735E-14 -1.494623869121E-01  2.404573505714E+02  3.641581786917E-01  5.398446314603E-01 -2.975372634462E-01  4.771437762858E-04 -2.316452489178E+00  3.101253296048E+00  2.069610071767E-02 -9.008709326009E-02  6.939099254196E-02 -7.824389791996E-02  6.645335180682E-04 -1.412394622978E-06 -2.616961381689E-06 -3.226742413298E-07  2.718753059704E-01  1.412394632613E-06 -4.783052294468E-03 -1.481124350481E-20 -7.614885517591E-21  1.005198562323E-19 -4.787573209299E-03
  1.000000000000E+02  1.020000000000E+02  1.552296661887E+01 -2.147421303278E-14 -1.507998560315E-01  2.425162333062E+02  3.634260382685E-01  5.375777627203E-01 -2.961120062313E-01  5.593322832366E-04 -2.346883581483E+00  3.054468785448E+00  1.980052254663E-02 -8.761630240289E-02  6.781577985610E-02 -7.486914805710E-02  8.153127641508E-04  1.766980199381E-06 -1.741927921516E-06  2.650163797098E-06  2.619449613294E-01 -1.766980237552E-06 -5.720163802804E-03 -1.815143481025E-20 -4.803503691894E-21  1.078649172185E-19 -4.581024339229E-03
  1.040000000000E+02  1.060000000000E+02  1.558732635365E+01 -2.354704510081E-14 -1.523143217193E-01  2.445123351360E+02  3.626414916070E-01  5.349595825425E-01 -2.946645304367E-01  6.285890708597E-04 -2.379935677600E+00  3.009076877050E+00  1.893220308819E-02 -8.522955662030E-02  6.629735353179E-02 -7.160946205665E-02  9.116279621064E-04  1.371233810560E-06 -1.184857265994E-06  3.302275958573E-06  2.526243441629E-01 -1.371233798707E-06 -6.500653356075E-03 -1.929441052658E-21 -7.703926622516E-21  9.022919876999E-20 -4.375683586678E-03
  1.080000000000E+02  1.100000000000E+02  1.564928046975E+01 -2.238633728622E-14 -1.540465089210E-01  2.464412549634E+02  3.617935805408E-01  5.324107236449E-01 -2.931912038596E-01  7.027966107992E-04 -2.416117734348E+00  2.965250982961E+00  1.808648095701E-02 -8.286613753812E-02  6.477965658133E-02 -6.845794727434E-02  1.107947641349E-03  2.644137013553E-06 -3.214830658491E-07  2.238791394384E-06  2.441243440558E-01 -2.644137044161E-06 -7.106478212269E-03 -7.348908159150E-21 -3.879737862377E-21  8.652066978367E-20 -4.192566523419E-03
  1.120000000000E+02  1.140000000000E+02  1.570940256588E+01 -2.299157377793E-14 -1.558635154075E-01  2.483199612828E+02  3.608330987549E-01  5.303565989580E-01 -2.916937735635E-01  7.701885575386E-04 -2.453417918708E+00  2.924590402297E+00  1.736275328935E-02 -8.071047399732E-02  6.334772070789E-02 -6.573389343965E-02  1.259858422059E-03  9.894348749713E-06  3.659966133055E-07  5.525780246031E-06  2.361744372169E-01 -9.894348724376E-06 -7.714709905281E-03  6.930805939586E-21 -1.769017462461E-20  1.075039046186E-19 -4.027850408864E-03
  1.160000000000E+02  1.180000000000E+02  1.576739518067E+01 -2.337248500931E-14 -1.578891882948E-01  2.501384234014E+02  3.597809614547E-01  5.287681695775E-01 -2.901692835560E-01  8.498823888889E-04 -2.494070571780E+00  2.885209830225E+00  1.669499625612E-02 -7.878970141548E-02  6.209470515947E-02 -6.312422325692E-02  1.409190351387E-03  5.340375548978E-06  6.845854531567E-08  4.972147657872E-06  2.283740433473E-01 -5.340375597446E-06 -8.100126097705E-03 -1.589479583508E-20 -1.940922442865E-20  9.658747107207E-20 -3.870146916872E-03
  1.200000000000E+02  1.220000000000E+02  1.582358256259E+01 -2.305744737213E-14 -1.598971838245E-01  2.519064414971E+02  3.587060043023E-01  5.270038301705E-01 -2.886690798518E-01  9.271087714390E-04 -2.534696146398E+00  2.846929411762E+00  1.600549940246E-02 -7.680209425826E-02  6.079659485571E-02 -6.073919561621E-02  1.341917971877E-03  2.207564148789E-06 -7.515319287949E-08 -6.480629701793E-07  2.211756156630E-01 -2.207564135993E-06 -7.302070595581E-03 -1.914405166368E-20  1.217001164158E-22  1.065439772306E-19 -3.727142027302E-03
  1.240000000000E+02  1.260000000000E+02  1.587796944845E+01 -2.398898737351E-14 -1.615319879348E-01  2.536232984490E+02  3.575984083398E-01  5.248790986334E-01 -2.871361365195E-01  1.018590238300E-03 -2.569541239425E+00  2.809162809021E+00  1.538450738618E-02 -7.497121245866E-02  5.958670507203E-02 -5.846875761798E-02  1.023326357775E-03 -2.323209964494E-06  1.544513398567E-07  3.680499815668E-06  2.147051563202E-01  2.323209928353E-06 -6.042373862181E-03 -4.521815236373E-21 -8.267495532642E-22  8.950049310819E-20 -3.588325437606E-03
  1.280000000000E+02  1.300000000000E+02  1.593092826651E+01 -2.370193921050E-14 -1.628978419472E-01  2.553005913019E+02  3.564894949522E-01  5.222996504799E-01 -2.855957364893E-01  1.075378128506E-03 -2.600026511825E+00  2.772395816462E+00  1.468043273178E-02 -7.319827170301E-02  5.851783897156E-02 -5.637153754591E-02  8.021367062567E-04  7.148798978400E-07  4.839091098390E-07  7.328342957403E-06  2.085636357631E-01 -7.148797878366E-07 -5.276748578009E-03 -2.693279135615E-20 -1.027539447044E-20  8.761809738043E-20 -3.460324042003E-03
  1.320000000000E+02  1.340000000000E+02  1.598225345968E+01 -2.319259136592E-14 -1.641442813102E-01  2.569313953898E+02  3.554369081539E-01  5.193720749270E-01 -2.840293050404E-01  1.132558532445E-03 -2.628455026759E+00  2.738051960656E+00  1.408388432321E-02 -7.154235143443E-02  5.745846711093E-02 -5.434329518595E-02  7.601968376184E-04  8.119206460492E-06  7.932423530700E-07 -1.268357193782E-06  2.026968707636E-01 -8.119206577094E-06 -4.732257392194E-03 -1.082832730225E-20 -1.036290580171E-20  8.561260709310E-20 -3.337871155383E-03
  1.360000000000E+02  1.380000000000E+02  1.603229944565E+01 -2.819290431897E-14 -1.652693682439E-01  2.585262222982E+02  3.544063577039E-01  5.162884858777E-01 -2.824954861461E-01  1.187852147538E-03 -2.655206118428E+00  2.703544768998E+00  1.349124541420E-02 -6.979394544908E-02  5.630270003479E-02 -5.246261281009E-02  7.581856695101E-04 -3.133043427282E-07  5.236760743807E-07  3.172472137946E-07  1.969409871480E-01  3.133044340574E-07 -4.192515457281E-03  2.616560544566E-21 -1.186607817949E-20  8.200560958398E-20 -3.215240025602E-03
  1.400000000000E+02  1.420000000000E+02  1.608073089321E+01 -3.549272478929E-14 -1.662537003429E-01  2.600735770999E+02  3.533484086880E-01  5.132352101763E-01 -2.809094766647E-01  1.245234291588E-03 -2.679928491436E+00  2.668585158203E+00  1.297869232864E-02 -6.815306256096E-02  5.517437023279E-02 -5.044527666113E-02  6.464762031693E-04 -5.170027276062E-06  2.690727185753E-07  8.498125291851E-06  1.913067475014E-01  5.170027077299E-06 -3.970324866373E-03 -1.558786099431E-20 -2.357293199556E-20  9.128524338265E-20 -3.097734911960E-03
  1.440000000000E+02  1.460000000000E+02  1.612794313719E+01 -3.850661694886E-14 -1.672476384775E-01  2.615860117932E+02  3.522484105904E-01  5.098661071057E-01 -2.793757627970E-01  1.283325099624E-03 -2.704858553871E+00  2.636871992879E+00  1.251359145348E-02 -6.667467828356E-02  5.416108682996E-02 -4.871437090696E-02  5.590330023243E-04 -1.546280922182E-06  5.356174239305E-07  5.958089207935E-06  1.858929980484E-01  1.546280921369E-06 -4.240156759378E-03 -1.195626333285E-20 -1.606484155823E-20  1.060791062384E-19 -2.991700946702E-03
  1.480000000000E+02  1.500000000000E+02  1.617368177711E+01 -3.987269003829E-14 -1.683741868689E-01  2.630548686162E+02  3.511494717871E-01  5.067482434757E-01 -2.777885738499E-01  1.323996883027E-03 -2.731732517464E+00  2.606264805988E+00  1.206560641343E-02 -6.521318740321E-02  5.314758099014E-02 -4.708245068219E-02  5.675864586124E-04 -1.854130765215E-06  5.587944602717E-07  8.410611617376E-07  1.805408274478E-01  1.854130698197E-06 -4.540901700741E-03 -2.027371443749E-20 -1.391095667671E-20  8.773494392690E-20 -2.895905598108E-03
  1.520000000000E+02  1.540000000000E+02  1.621822695220E+01 -4.089980079874E-14 -1.695252472143E-01  2.644889369513E+02  3.500699888479E-01  5.035919294915E-01 -2.762215475467E-01  1.351452310080E-03 -2.758877499092E+00  2.573863849415E+00  1.164610675761E-02 -6.370782138321E-02  5.206171462531E-02 -4.560543733335E-02  6.895844422747E-04 -4.666054887998E-06 -1.429442243936E-07  4.732406975000E-06  1.753925881029E-01  4.666054894412E-06 -4.381783335966E-03 -1.929919832280E-20 -3.917445189485E-21  9.117336765342E-20 -2.801062147239E-03
  1.560000000000E+02  1.580000000000E+02  1.626137664651E+01 -4.013455605183E-14 -1.705613127295E-01  2.658817923066E+02  3.489604991861E-01  5.006797685277E-01 -2.746469002652E-01  1.388717515748E-03 -2.783891269061E+00  2.543741377381E+00  1.127010466837E-02 -6.230736954900E-02  5.103726488058E-02 -4.395676318069E-02  5.403380187013E-04 -9.487099587346E-07 -6.299267418856E-07  2.999052520329E-06  1.703634809380E-01  9.487099506355E-07 -3.842355313238E-03 -1.164880883975E-20 -1.987974798812E-20  6.782077364191E-20 -2.705067807516E-03
  1.600000000000E+02  1.620000000000E+02  1.630340811841E+01 -3.898491660424E-14 -1.714523254660E-01  2.672415424941E+02  3.478061358937E-01  4.979240392273E-01 -2.730530274359E-01  1.408217733779E-03 -2.806787913624E+00  2.515108247370E+00  1.099270182630E-02 -6.101117231502E-02  5.001847048877E-02 -4.252949738360E-02  4.715456952154E-04 -7.884993569582E-07 -4.898671366575E-07 -2.078531530444E-06  1.650073243094E-01  7.884993807791E-07 -3.193427604210E-03  2.162704674752E-21 -8.155925294730E-21  9.216974799848E-20 -2.608553705722E-03
  1.640000000000E+02  1.660000000000E+02  1.634388688709E+01 -3.664478388701E-14 -1.721717652398E-01  2.685539820525E+02  3.466341396036E-01  4.949562768920E-01 -2.714905744866E-01  1.425299760388E-03 -2.826852560777E+00  2.486085023343E+00  1.064764585192E-02 -5.975056530133E-02  4.910291944908E-02 -4.091812499683E-02  5.172755290916E-04 -1.748436503380E-06 -1.872271907477E-07  1.558028553344E-07  1.598834202150E-01  1.748436516685E-06 -2.444657370167E-03  1.491384099265E-20 -1.662786930187E-20  8.638020005425E-20 -2.517844788672E-03
  1.680000000000E+02  1.700000000000E+02  1.638334397242E+01 -3.321011234026E-14 -1.726801992760E-01  2.698358804706E+02  3.454646916505E-01  4.920106414316E-01 -2.698890929842E-01  1.465858154744E-03 -2.843296756276E+00  2.457767341676E+00  1.033504339161E-02 -5.851595397024E-02  4.818091057860E-02 -3.966507281851E-02  3.124937996778E-04 -8.324569577734E-07  3.734335435078E-07  2.738754245765E-06  1.554743177949E-01  8.324570003819E-07 -1.382972501389E-03 -2.736128968787E-21 -9.475382884367E-21  8.560902272660E-20 -2.433651833146E-03
  1.720000000000E+02  1.740000000000E+02  1.642161591676E+01 -3.124099409435E-14 -1.728742672238E-01  2.710816716338E+02  3.442799149038E-01  4.891502187870E-01 -2.683202443159E-01  1.474270353149E-03 -2.854543183876E+00  2.429848635426E+00  1.007660609698E-02 -5.733227186775E-02  4.725566577068E-02 -3.821513170167E-02  9.754549070368E-05  4.166457258186E-06  9.158611832008E-07  5.330378180273E-07  1.511392866031E-01 -4.166457234604E-06 -2.439166522055E-04 -1.895984749838E-20 -1.047454091707E-20  9.086232382564E-20 -2.352829482902E-03
  1.760000000000E+02  1.780000000000E+02  1.645891472206E+01 -2.946858666013E-14 -1.728205568560E-01  2.722975972801E+02  3.430416433599E-01  4.865804443405E-01 -2.666884785236E-01  1.498015462073E-03 -2.861649654485E+00  2.403270996442E+00  9.705605208711E-03 -5.619900579209E-02  4.649340058323E-02 -3.703022185403E-02 -1.408484451232E-05 -8.862037585556E-07  1.015026654324E-06 -3.919781409783E-06  1.468746433533E-01  8.862038144515E-07  1.246612922131E-03 -2.562101796900E-20 -7.882558923481E-21  7.618853206658E-20 -2.273325293832E-03
  1.800000000000E+02  1.820000000000E+02  1.649504707024E+01 -2.622586793096E-14 -1.722637392533E-01  2.734785610367E+02  3.417555765817E-01  4.837406291941E-01 -2.651579814039E-01  1.508965962006E-03 -2.860432825120E+00  2.376860466279E+00  9.377390803320E-03 -5.507414617260E-02  4.569675536923E-02 -3.568616197629E-02 -2.310991695247E-04 -2.036699396857E-06  1.345912272528E-06 -1.923025684292E-06  1.430404363134E-01  2.036699396875E-06  2.809747834623E-03 -6.042049311583E-21 -1.586726148395E-20  8.780240954360E-20 -2.194762742476E-03
  1.840000000000E+02  1.860000000000E+02  1.653043454569E+01 -2.288660865099E-14 -1.714144472594E-01  2.746367955212E+02  3.404011568266E-01  4.805717927874E-01 -2.635058026412E-01  1.507900212263E-03 -2.854012967396E+00  2.351347052754E+00  9.098945729038E-03 -5.404114222737E-02  4.494219649883E-02 -3.458724632479E-02 -3.812455521069E-04  9.568943510740E-08  1.862931095536E-06 -2.094176353835E-06  1.391399043082E-01 -9.568939748728E-08  3.433372020677E-03 -3.086425129665E-20 -1.236578615744E-21  8.652458167950E-20 -2.123179545591E-03
  1.880000000000E+02  1.900000000000E+02  1.656463626472E+01 -1.997131303287E-14 -1.705484610858E-01  2.757582539860E+02  3.389883255345E-01  4.774362092494E-01 -2.620066878368E-01  1.490463807692E-03 -2.846838797181E+00  2.327209121368E+00  8.844947161322E-03 -5.300081595317E-02  4.415586879165E-02 -3.334588356519E-02 -4.056910438691E-04 -1.833148221056E-06  1.705195032208E-06 -7.377799187611E-06  1.356760616139E-01  1.833148226672E-06  3.072134657386E-03 -1.358828000130E-20 -1.857199307607E-20  7.778615995641E-20 -2.059974725770E-03
  1.920000000000E+02  1.940000000000E+02  1.659827311571E+01 -1.710282985836E-14 -1.698975223473E-01  2.768620784645E+02  3.375137522205E-01  4.741816368205E-01 -2.603259078568E-01  1.468609612352E-03 -2.842825589682E+00  2.301916307745E+00  8.514605435976E-03 -5.191091093344E-02  4.339630549723E-02 -3.252840760497E-02 -2.996562651925E-04 -3.696496133386E-06  1.513152714467E-06 -5.048339572542E-06  1.321408538518E-01  3.696496139978E-06  2.342529914133E-03 -2.414753917719E-20 -9.812509335590E-21  8.885564810732E-20 -1.999183114988E-03
  1.960000000000E+02  1.980000000000E+02  1.663069355047E+01 -1.490428097056E-14 -1.693926923700E-01  2.779283466055E+02  3.360254398746E-01  4.713088736236E-01 -2.588773015155E-01  1.455301955479E-03 -2.841016002556E+00  2.281010227259E+00  8.283796275810E-03 -5.095264755124E-02  4.266885127508E-02 -3.146629810191E-02 -3.604937610467E-04 -5.350791452175E-06  1.964015565774E-06  1.655682483968E-06  1.292200189680E-01  5.350791485996E-06  2.152958881103E-03 -3.417693541223E-20 -1.494879161457E-20  7.191980091012E-20 -1.942658441490E-03
  2.000000000000E+02  2.020600000000E+02  1.666288711356E+01 -1.280813136396E-14 -1.688178229765E-01  2.789874070179E+02  3.344093726095E-01  4.682727265934E-01 -2.571769537064E-01  1.438234875840E-03 -2.837822536163E+00  2.260745948493E+00  7.678499559514E-03 -4.931801341696E-02  4.163951385739E-02 -3.082202170761E-02 -2.808525155736E-04 -3.170023429395E-06  2.426110720865E-06  3.516998993812E-06  1.252483830008E-01  3.170023470477E-06  2.480188295473E-03 -2.441108291219E-20 -1.892472931480E-20  7.058076800784E-20 -1.907908869241E-03
  2.041200000000E+02  2.062418000000E+02  1.669521651904E+01 -1.011114687347E-14 -1.681002991817E-01  2.800528857538E+02  3.327093239988E-01  4.653833333413E-01 -2.555932610292E-01  1.416982068552E-03 -2.832002872783E+00  2.241617167992E+00  7.064453069182E-03 -4.761182296484E-02  4.054736989575E-02 -3.020247505181E-02 -4.093825880109E-04 -3.200996173404E-06  2.261536951940E-06 -2.845970628026E-07  1.216392962474E-01  3.200996183098E-06  2.629300588647E-03 -1.185901332613E-20 -3.736051944467E-21  8.004663736318E-20 -1.861886812007E-03
  2.083636000000E+02  2.105490540000E+02  1.672742223729E+01 -7.384851627781E-15 -1.674112540172E-01  2.811149200166E+02  3.308654705461E-01  4.622867389520E-01 -2.538598378310E-01  1.397173685906E-03 -2.826525062479E+00  2.221859255915E+00  6.442929731609E-03 -4.586689771076E-02  3.942396797921E-02 -2.940542747505E-02 -2.656771355455E-04 -5.283362649404E-06  1.570333423949E-06 -2.158672965753E-06  1.182899698170E-01  5.283362793771E-06  2.695197545982E-03 -2.682823499007E-20 -9.630658232365E-21  7.722625061267E-20 -1.820076240805E-03
  2.127345080000E+02  2.149855256200E+02  1.675983356352E+01 -3.600607514688E-15 -1.666286567387E-01  2.821856101712E+02  3.289385292158E-01  4.591531731492E-01 -2.521617572418E-01  1.373907618601E-03 -2.819615034730E+00  2.204676957884E+00  5.876568400799E-03 -4.417684197825E-02  3.830027357734E-02 -2.888016712520E-02 -2.335088029493E-04 -4.160265577041E-06  1.037522429933E-06 -7.007640144029E-07  1.150828712824E-01  4.160265552905E-06  3.460498450526E-03 -2.470517323794E-20 -1.498773815447E-20  5.961536513784E-20 -1.783365665303E-03
  2.172365432400E+02  2.195550913886E+02  1.679218197397E+01  3.859250881829E-16 -1.654622319440E-01  2.832552166753E+02  3.270175738201E-01  4.559287386611E-01 -2.503520540266E-01  1.377459513817E-03 -2.806395808392E+00  2.185657306166E+00  5.300250572217E-03 -4.232195942871E-02  3.702170885653E-02 -2.815156368600E-02 -3.319450146955E-04 -6.377124112719E-07  6.602043955426E-07  3.987136346745E-06  1.120616628121E-01  6.377124556159E-07  4.538599579456E-03 -4.607597348109E-20 -1.241491125357E-20  8.213799702935E-20 -1.742951680079E-03
  2.218736395372E+02  2.242617441303E+02  1.682479746105E+01  1.838021633042E-15 -1.639821924395E-01  2.843355184246E+02  3.251404944092E-01  4.525702368725E-01 -2.485428052479E-01  1.338339652544E-03 -2.787921224977E+00  2.167033797872E+00  4.642829259995E-03 -4.042910522640E-02  3.578627596636E-02 -2.762927635562E-02 -4.507647971881E-04 -1.839474791386E-06  3.903756127624E-09  3.622425829547E-06  1.091406088939E-01  1.839474729496E-06  5.353054532510E-03 -1.314703923132E-20 -1.783353667300E-20  6.330805989081E-20 -1.707127139617E-03
  2.266498487233E+02  2.291095964542E+02  1.685734478885E+01  1.540704196168E-15 -1.622477660947E-01  2.854140343862E+02  3.232837832933E-01  4.490241626066E-01 -2.466543857368E-01  1.326214206510E-03 -2.765214632600E+00  2.148495994822E+00  3.837709129120E-03 -3.846725206123E-02  3.462954293140E-02 -2.698823755710E-02 -5.842526896387E-04 -1.869797111050E-06 -7.993086169056E-07  1.420333200805E-06  1.059132877607E-01  1.869797156291E-06  5.735651243734E-03 -2.902595124491E-20 -4.827823536139E-21  6.412946902014E-20 -1.666859645689E-03
  2.315693441850E+02  2.341028843478E+02  1.688992370965E+01  1.098004644382E-15 -1.604515084221E-01  2.864952311659E+02  3.214171427707E-01  4.452898719412E-01 -2.447451123663E-01  1.300731779669E-03 -2.741097622561E+00  2.132918626704E+00  3.170752263715E-03 -3.662622552079E-02  3.345547325750E-02 -2.639287519509E-02 -6.742427341741E-04  9.812831494501E-07 -1.400459290618E-06  5.722566987489E-07  1.032566713107E-01 -9.812831777039E-07  6.133754663050E-03 -3.245825073306E-20 -5.960640515716E-21  5.274182111250E-20 -1.633101046581E-03
  2.366364245106E+02  2.392459708782E+02  1.692274600371E+01  3.612742339084E-16 -1.583689846073E-01  2.875851483803E+02  3.194971417011E-01  4.411681219081E-01 -2.427514457071E-01  1.289601759264E-03 -2.712221070856E+00  2.116868107071E+00  2.514733025372E-03 -3.465486589698E-02  3.214013287170E-02 -2.590416579700E-02 -7.882826024009E-04  2.693857207629E-06 -1.867703507808E-06  2.757430297276E-06  1.012963187655E-01 -2.693857213940E-06  6.651775058269E-03 -2.779545773422E-20 -2.785807471878E-21  6.472431161947E-20 -1.610637587038E-03
  2.418555172459E+02  2.445433500046E+02  1.695601257835E+01 -9.433823803158E-16 -1.561104264200E-01  2.886910994765E+02  3.174995551238E-01  4.365913661644E-01 -2.407347000506E-01  1.248699717077E-03 -2.680422700506E+00  2.100946284189E+00  1.850662568000E-03 -3.263281658499E-02  3.078215401751E-02 -2.564170688291E-02 -8.233935321266E-04  2.312845959802E-06 -2.460987048219E-06  1.441341012436E-06  9.905077270161E-02 -2.312845998646E-06  7.294692305316E-03 -1.225888305734E-20 -6.676470646766E-21  5.399488576109E-20 -1.588844346056E-03
  2.472311827633E+02  2.499996505047E+02  1.698930610403E+01 -2.889724339446E-15 -1.534629068768E-01  2.897994013879E+02  3.154486448699E-01  4.316629532218E-01 -2.386499850908E-01  1.265337634500E-03 -2.642015239072E+00  2.087058650253E+00  1.232550218595E-03 -3.070163179585E-02  2.946908157756E-02 -2.519335175262E-02 -1.039597202400E-03  1.013369263386E-06 -2.744692165782E-06 -2.322517110111E-06  9.580675442145E-02 -1.013369266856E-06  8.417030623550E-03 -1.649763570811E-20 -1.795258733493E-21  5.102601844589E-20 -1.552920768135E-03
  2.527681182462E+02  2.556196400198E+02  1.702232282573E+01 -4.897026505366E-15 -1.502822539722E-01  2.909007967295E+02  3.133684952133E-01  4.264744797255E-01 -2.365356271219E-01  1.215488245181E-03 -2.594397778833E+00  2.072686046044E+00  4.937090708307E-04 -2.879297897554E-02  2.829926990501E-02 -2.439978842892E-02 -1.232828174238E-03 -2.403104155016E-07 -2.431277671375E-06 -5.054529256494E-06  9.210411279552E-02  2.403103698343E-07  8.995623531591E-03 -4.787689653046E-21 -2.468824291339E-20  5.833467559191E-20 -1.497078881414E-03
  2.584711617935E+02  2.614082292204E+02  1.705495850972E+01 -5.987735336490E-15 -1.470444657946E-01  2.919902648105E+02  3.112164690021E-01  4.211889234812E-01 -2.343388926051E-01  1.196181231714E-03 -2.545950771708E+00  2.057628306141E+00 -2.729634059392E-04 -2.684163417185E-02  2.711459757782E-02 -2.355944700796E-02 -1.241287467693E-03 -5.537723672376E-07 -1.908778853631E-06 -6.482873307942E-06  8.859332798598E-02  5.537723765585E-07  8.948889382858E-03 -2.016736235308E-20 -1.267716050128E-21  4.580369862812E-20 -1.452562483540E-03
  2.643452966473E+02  2.673704760971E+02  1.708736195098E+01 -5.968550885009E-15 -1.437012037707E-01  2.930743413539E+02  3.089680705314E-01  4.164278148204E-01 -2.320969408015E-01  1.156235936711E-03 -2.495343774451E+00  2.043933584594E+00 -8.974241778425E-04 -2.482951252247E-02  2.572693670058E-02 -2.296695134970E-02 -1.321763869876E-03 -8.317052800332E-07 -1.610473057458E-06 -6.764145394653E-06  8.550997464944E-02  8.317052617720E-07  9.207444400513E-03 -2.193509951151E-20 -9.316885008514E-21  3.428571337792E-20 -1.417147972495E-03
  2.703956555468E+02  2.735115903800E+02  1.711961097653E+01 -5.191627943518E-15 -1.400683642468E-01  2.941561543046E+02  3.066409773467E-01  4.124140895005E-01 -2.297631321585E-01  1.108655522213E-03 -2.438842537017E+00  2.032623007203E+00 -1.507591037816E-03 -2.284090686456E-02  2.434849790225E-02 -2.244463793216E-02 -1.348446845382E-03 -8.726472267543E-08 -1.375570357368E-06 -6.610885597201E-06  8.243430361170E-02  8.726472305945E-08  9.872110538057E-03 -8.429026870199E-21 -9.712256979998E-21  4.024416940087E-20 -1.390052802418E-03
  2.766275252132E+02  2.798369380914E+02  1.715155348751E+01 -4.215441797711E-15 -1.359991078843E-01  2.952296912484E+02  3.043001712135E-01  4.082668017755E-01 -2.273956965179E-01  1.087476053982E-03 -2.374601288583E+00  2.024256394390E+00 -2.121157995418E-03 -2.081141307541E-02  2.293257107065E-02 -2.200629285844E-02 -1.479327525109E-03 -1.828880788649E-07 -1.196199210707E-06 -6.507892438801E-06  8.014605093635E-02  1.828880810258E-07  1.058013499841E-02 -1.830204632383E-20 -1.183235004903E-20  3.613306774025E-20 -1.366626742918E-03
  2.830463509696E+02  2.863520462341E+02  1.718390594862E+01 -2.681907647351E-15 -1.315692804426E-01  2.963184622245E+02  3.019733406704E-01  4.041703728619E-01 -2.249654273857E-01  1.023893093177E-03 -2.303910762871E+00  2.015674881020E+00 -2.650654479442E-03 -1.883779917421E-02  2.148845365379E-02 -2.176898158674E-02 -1.504810704519E-03 -3.188814882092E-07 -1.172299417267E-06 -5.849672870432E-06  7.753924327996E-02  3.188814933696E-07  1.082642354836E-02 -3.398036308075E-20 -1.418743148557E-20  3.653370502213E-20 -1.341060998438E-03
  2.896577414987E+02  2.930626076211E+02  1.721564269041E+01 -3.798693130885E-16 -1.270395263859E-01  2.973877832153E+02  2.996531161201E-01  4.003026880922E-01 -2.224834292974E-01  9.896499562933E-04 -2.231265156162E+00  2.009747852739E+00 -3.243985137383E-03 -1.696122700511E-02  2.020521214252E-02 -2.110721559785E-02 -1.499067183120E-03  1.600091987994E-07 -1.252796340875E-06 -4.802614399741E-06  7.495164584335E-02 -1.600091623748E-07  1.095425613699E-02 -2.566219959869E-20 -8.849410162222E-21  2.432471637305E-20 -1.308806091174E-03
  2.964674737436E+02  2.999744858498E+02  1.724772061767E+01  7.924329595288E-16 -1.222258460007E-01  2.984716918196E+02  2.973471259835E-01  3.959741631587E-01 -2.199254214177E-01  9.243781284154E-04 -2.153375659694E+00  2.004580256179E+00 -3.844088104520E-03 -1.497635183524E-02  1.882043993983E-02 -2.080913562422E-02 -1.611916778321E-03  1.055923366068E-06 -1.522307808042E-06 -5.168031204685E-06  7.261447102284E-02 -1.055923331235E-06  1.161862143324E-02 -2.558818660284E-20 -2.833575604692E-21  2.155311564384E-20 -1.281256026747E-03
  3.034814979559E+02  3.070937204253E+02  1.727932129380E+01  3.020474495519E-16 -1.168414572472E-01  2.995418134900E+02  2.950134958502E-01  3.912381736890E-01 -2.173064007398E-01  8.817445023235E-04 -2.065263237860E+00  1.999786570716E+00 -4.552317007078E-03 -1.296559523071E-02  1.751791223780E-02 -2.014071527706E-02 -1.846572867063E-03  8.142907833758E-07 -1.984657317785E-06 -4.168600860902E-06  7.027667888644E-02 -8.142907710810E-07  1.186485284057E-02 -8.186064635833E-21 -8.323060533064E-21  1.575894618242E-20 -1.245226662942E-03
  3.107059428946E+02  3.144265320380E+02  1.731118233087E+01 -1.192533340596E-15 -1.115185317096E-01  3.006244748003E+02  2.925300926047E-01  3.859734398775E-01 -2.146473077575E-01  8.121865168537E-04 -1.978196076632E+00  1.995473219168E+00 -5.006552240990E-03 -1.107029852512E-02  1.607685076604E-02 -1.980101625061E-02 -1.765662646053E-03  3.831952294101E-07 -2.478697612191E-06 -2.549819860927E-06  6.862294789109E-02 -3.831952311119E-07  1.129609979192E-02 -1.411294598671E-20 -1.403248129534E-20  2.906785968161E-20 -1.232277085612E-03
  3.181471211814E+02  3.219793279992E+02  1.734313286423E+01 -3.080249597054E-15 -1.063428388695E-01  3.017130788966E+02  2.899162760113E-01  3.812797854816E-01 -2.119396778394E-01  7.493284708804E-04 -1.893068639094E+00  1.995839914692E+00 -5.491391933141E-03 -9.295487844705E-03  1.478687977763E-02 -1.963379350503E-02 -1.775427052336E-03  1.151888023363E-06 -2.850228910662E-06 -1.873100124889E-06  6.792989224669E-02 -1.151888005041E-06  1.107388904767E-02 -8.910696590535E-21 -8.010181016477E-21  1.494612659835E-20 -1.226927379362E-03
  3.258115348169E+02  3.297587078391E+02  1.737624199462E+01 -3.478770512396E-15 -1.009179692770E-01  3.028437918501E+02  2.872686175165E-01  3.760187296466E-01 -2.090863848487E-01  6.435120703353E-04 -1.802409358539E+00  1.997290920179E+00 -5.917714353175E-03 -7.514995709877E-03  1.343271006336E-02 -1.959947275814E-02 -1.751991552648E-03  1.616664026675E-06 -2.953011672156E-06 -1.411191097308E-06  6.662833699709E-02 -1.616664019111E-06  1.161194606894E-02 -1.537842774271E-20 -8.435847043841E-21 -1.257510272394E-22 -1.208973320383E-03
  3.337058808614E+02  3.377714690743E+02  1.740886593623E+01 -3.546525341921E-15 -9.489905761344E-02  3.039607018129E+02  2.846350385651E-01  3.710647930809E-01 -2.062888200520E-01  5.746524661251E-04 -1.700496222890E+00  1.998125783732E+00 -6.404763064179E-03 -5.687174718585E-03  1.209193778267E-02 -1.912427038887E-02 -1.906182751917E-03  1.135494821419E-06 -2.661146569989E-06 -3.492914667089E-07  6.479785720942E-02 -1.135494818071E-06  1.267654233888E-02 -3.318600702326E-20 -5.017741027953E-21 -3.645364639546E-21 -1.194022097363E-03
  3.418370572872E+02  3.460246131465E+02  1.744209528149E+01 -5.347297691444E-15 -8.804326866462E-02  3.051008248222E+02  2.820548605091E-01  3.661708929138E-01 -2.033452778401E-01  4.367493317521E-04 -1.583917513158E+00  2.004535560937E+00 -6.947322225679E-03 -3.918804850832E-03  1.086612707683E-02 -1.911089687515E-02 -2.156854847288E-03  1.114813100695E-06 -2.229654671635E-06 -6.958751907779E-07  6.356987013429E-02 -1.114813099367E-06  1.353013646284E-02 -1.354815537358E-20 -1.480166345252E-20  9.667041433400E-21 -1.187740061753E-03
  3.502121690058E+02  3.545253515409E+02  1.747542549293E+01 -7.523004788568E-15 -8.073329215266E-02  3.062481473098E+02  2.794823231859E-01  3.609903665395E-01 -2.003349111113E-01  3.378020990968E-04 -1.458736030477E+00  2.007476842913E+00 -7.398071144668E-03 -2.339909665096E-03  9.737980809767E-03 -1.881169089912E-02 -2.338056986121E-03  1.374301925049E-06 -2.254640473699E-06 -2.080998258108E-06  6.219974976199E-02 -1.374301932388E-06  1.293963894791E-02 -1.242625575435E-20 -1.144016733631E-20  3.533011531235E-22 -1.165334709919E-03
  3.588385340760E+02  3.632811120872E+02  1.750918578019E+01 -8.929354217840E-15 -7.408505300467E-02  3.074131099130E+02  2.767720500341E-01  3.553271582911E-01 -1.972786002917E-01  1.667664762739E-04 -1.343090995566E+00  2.014161515830E+00 -7.755142763546E-03 -6.287423739205E-04  8.383885137553E-03 -1.853864585990E-02 -1.989446441942E-03  3.487751365267E-07 -2.289267756643E-06 -1.687547504284E-06  6.129774987114E-02 -3.487751115933E-07  1.160677611981E-02 -1.743201606410E-20 -1.764212997816E-21  2.539571809141E-21 -1.160054668800E-03
  3.677236900983E+02  3.722995454498E+02  1.754352356098E+01 -9.870994935786E-15 -6.783910810803E-02  3.086011143986E+02  2.738655891937E-01  3.502716306510E-01 -1.941609149596E-01  6.280689974411E-05 -1.234499381561E+00  2.022669208149E+00 -8.122302191108E-03  1.081320762893E-03  7.040981428340E-03 -1.850236880455E-02 -1.860040642851E-03 -3.008439948790E-07 -1.957255477937E-06 -5.365747710011E-07  5.994573055877E-02  3.008439852425E-07  1.061489205538E-02 -1.653691382050E-20  2.406346532039E-21 -1.392165725110E-20 -1.145844774512E-03
  3.768754008012E+02  3.815885318133E+02  1.757777341938E+01 -1.075734842639E-14 -6.193960611440E-02  3.097890792313E+02  2.708788193481E-01  3.450902496892E-01 -1.908951162516E-01 -1.497649656189E-04 -1.131717838569E+00  2.036090249387E+00 -8.601134401861E-03  2.806252435327E-03  5.794881966736E-03 -1.819375285838E-02 -1.587562125654E-03 -2.721836522486E-07 -1.534710940875E-06 -3.055165526116E-07  5.828997714344E-02  2.721836568975E-07  9.087369603200E-03 -3.669010171967E-20 -2.614216290896E-22 -4.643933172432E-21 -1.128328369280E-03
  3.863016628253E+02  3.911561877677E+02  1.761220565821E+01 -1.043336973529E-14 -5.713267092994E-02  3.109861239421E+02  2.679249850295E-01  3.401057396897E-01 -1.876184740512E-01 -2.186743038258E-04 -1.047839492584E+00  2.053196192933E+00 -8.997280981976E-03  4.402422705827E-03  4.594858276085E-03 -1.794453696574E-02 -1.362165667803E-03 -7.435677392902E-07 -1.013205705168E-06  7.501686432423E-08  5.796199848937E-02  7.435677563844E-07  7.251187377675E-03 -1.029903132726E-20  1.904045509763E-21 -1.255685076029E-20 -1.129514249533E-03
  3.960107127100E+02  4.010108734007E+02  1.764811395085E+01 -9.840323000887E-15 -5.313734739227E-02  3.122371489587E+02  2.649562138931E-01  3.353166846461E-01 -1.842106457453E-01 -4.196286659185E-04 -9.777737402881E-01  2.071948928147E+00 -9.420372400697E-03  5.906062144765E-03  3.514310255837E-03 -1.821723862861E-02 -1.326744381894E-03 -2.160280943467E-06 -3.367083313717E-07  1.841110219916E-06  5.711086839250E-02  2.160280971104E-06  6.396068399984E-03 -1.842092831313E-20 -4.960107165935E-21 -6.004171390056E-21 -1.129776592870E-03
  4.060110340913E+02  4.111611996027E+02  1.768358812229E+01 -1.188697288749E-14 -4.913115262300E-02  3.134741932634E+02  2.619066157233E-01  3.308118564639E-01 -1.806435616003E-01 -4.717915665287E-04 -9.066864093150E-01  2.088189759247E+00 -9.908512214898E-03  7.516275362445E-03  2.392236852134E-03 -1.788665746658E-02 -1.195650137813E-03 -1.377683336090E-06  3.711417456880E-07  2.473076673371E-06  5.537424289807E-02  1.377683301152E-06  6.902928635196E-03 -2.295448750689E-20 -4.600818130169E-21 -1.209846710379E-20 -1.110091002795E-03
  4.163113651141E+02  4.216160355908E+02  1.771939425074E+01 -1.508891507111E-14 -4.425019926224E-02  3.147279761574E+02  2.587133562414E-01  3.263722964127E-01 -1.770995754550E-01 -6.159284773573E-04 -8.197856578915E-01  2.107845301597E+00 -1.023756361736E-02  8.996442198204E-03  1.241121419187E-03 -1.765741586565E-02 -1.411570175217E-03 -1.368522200962E-06  5.891837139152E-07  2.924427172909E-07  5.417529316277E-02  1.368522182225E-06  7.627803030298E-03 -2.503034191105E-20  1.064135424773E-22 -1.667919005607E-20 -1.098052394566E-03
  4.269207060675E+02  4.323845166585E+02  1.775541997705E+01 -1.691058751363E-14 -3.903312515766E-02  3.159928971615E+02  2.552826924210E-01  3.218425896119E-01 -1.734519622811E-01 -6.893146190131E-04 -7.262187437849E-01  2.134086380490E+00 -1.057389154289E-02  1.043075688633E-02  1.431346565746E-04 -1.751734878820E-02 -1.489325134986E-03 -9.804067360072E-07  7.902581755943E-08 -1.781537102746E-07  5.341645809602E-02  9.804067136857E-07  7.785075659511E-03 -2.094674876001E-20 -1.737164029635E-20 -2.969364572432E-20 -1.098039943618E-03
  4.378483272495E+02  4.434760521583E+02  1.779235662562E+01 -1.858004548827E-14 -3.364343841432E-02  3.172914788560E+02  2.516982643958E-01  3.159689973144E-01 -1.696790189290E-01 -7.484039580776E-04 -6.296930999360E-01  2.159318615356E+00 -1.103444850233E-02  1.181578893524E-02 -7.813404327364E-04 -1.761703035405E-02 -1.404656055091E-03  1.202703592464E-06 -9.329600858842E-07 -1.032285898103E-07  5.313544557780E-02 -1.202703571582E-06  7.226868546163E-03 -1.941934501127E-20 -8.439447184880E-21 -2.002746023859E-20 -1.102438242524E-03
  4.491037770670E+02  4.549003337230E+02  1.783017883469E+01 -2.135298824331E-14 -2.887286909589E-02  3.186257712999E+02  2.482795214725E-01  3.108789287351E-01 -1.657756078971E-01 -9.483105183454E-04 -5.439849413918E-01  2.191986665884E+00 -1.138328500750E-02  1.325610438417E-02 -1.872819376616E-03 -1.770880778493E-02 -1.252382889741E-03  9.678414981906E-07 -1.621326118748E-06 -3.939828235961E-07  5.439854304583E-02 -9.678415386263E-07  6.830178782820E-03 -1.993401392214E-20 -6.532028162013E-21 -2.988210282524E-20 -1.127445452519E-03
  4.606968903790E+02  4.666673437347E+02  1.787118195652E+01 -2.286028079797E-14 -2.372436351910E-02  3.200756409680E+02  2.451645588706E-01  3.055743121658E-01 -1.617979801238E-01 -9.666358901217E-04 -4.522692895905E-01  2.223405830486E+00 -1.164250195824E-02  1.460041448190E-02 -2.957912523602E-03 -1.841888012945E-02 -1.336691527544E-03  4.838681840941E-08 -2.171579269042E-06 -7.743650141935E-08  5.413957691018E-02 -4.838682132614E-08  5.774221046654E-03 -3.031124749673E-20 -6.020468431003E-21 -3.731371705613E-20 -1.141157785989E-03
  4.726377970904E+02  4.787873640468E+02  1.791099272602E+01 -2.176325829620E-14 -2.023550555997E-02  3.214857370302E+02  2.420970609716E-01  3.000949974011E-01 -1.577125930744E-01 -1.122994300649E-03 -3.887903899715E-01  2.262763422582E+00 -1.187503742228E-02  1.590692445016E-02 -4.031887028076E-03 -1.811246133599E-02 -1.077468932140E-03 -1.873010116127E-06 -2.653914481697E-06 -6.662305285089E-07  5.400230930233E-02  1.873010114168E-06  4.688266637211E-03 -9.201126796125E-21 -9.469745970418E-21 -3.537331460535E-20 -1.158871127203E-03
  4.849369310031E+02  4.912709849682E+02  1.795422812618E+01 -1.773389146758E-14 -1.650301857831E-02  3.230200924701E+02  2.391543709640E-01  2.940430715384E-01 -1.535882272622E-01 -1.207607935557E-03 -3.222447849741E-01  2.297364263244E+00 -1.203122258121E-02  1.697020286857E-02 -4.938980287387E-03 -1.895512720191E-02 -1.034739011004E-03 -1.797530206116E-06 -2.750521780991E-06  3.790533844765E-07  5.429607552158E-02  1.797530257163E-06  2.284662370052E-03 -2.007175783009E-20  1.488131147415E-21 -3.313079235724E-20 -1.182768186661E-03
  4.976050389332E+02  5.041291145172E+02  1.799698443092E+01 -1.009853543380E-14 -1.660102214232E-02  3.245390511373E+02  2.364630123483E-01  2.863413896614E-01 -1.493720567533E-01 -1.302918466278E-03 -3.233454173330E-01  2.346638170131E+00 -1.229865484030E-02  1.827270862001E-02 -5.974053779665E-03 -1.900729181409E-02 -1.691580224191E-04 -2.071938703539E-06 -2.555580455470E-06  1.388710951584E-06  5.554460191986E-02  2.071938706608E-06  5.055018669768E-04 -3.221494520517E-20  3.838142904516E-21 -3.676830443092E-20 -1.230220962847E-03
  5.106531901012E+02  5.173729879527E+02  1.804481527615E+01 -4.370247508786E-15 -1.567778061130E-02  3.262412501744E+02  2.341156818109E-01  2.809900517155E-01 -1.451129213572E-01 -1.251075625148E-03 -3.070644128510E-01  2.397096691077E+00 -1.247626557578E-02  1.936018591695E-02 -6.883920341140E-03 -2.039118296947E-02 -4.246574590759E-04 -2.332201918933E-06 -2.069426416590E-06 -8.426942013821E-08  5.633844904009E-02  2.332201956541E-06  1.306994271260E-03 -2.847931613519E-21  2.889125337810E-22 -4.466018434434E-20 -1.277275947656E-03
  5.240927858042E+02  5.310141775913E+02  1.809161274889E+01 -2.480759232297E-15 -1.440884022768E-02  3.279103333426E+02  2.317945476340E-01  2.771725472157E-01 -1.407733197628E-01 -1.323688001776E-03 -2.840485915629E-01  2.434866384109E+00 -1.269127152829E-02  2.036856884362E-02 -7.677297315231E-03 -2.030955066672E-02 -5.500869727607E-04 -1.211843592935E-06 -1.066970654954E-06  1.091854090102E-07  5.505165735297E-02  1.211843611438E-06  1.284600741287E-03 -1.042427466923E-20  1.443637098311E-24 -4.329948130262E-20 -1.273755071660E-03
  5.379355693784E+02  5.450646029190E+02  1.814006340991E+01 -4.939538361670E-16 -1.345708036117E-02  3.296439141374E+02  2.293365749154E-01  2.715973729096E-01 -1.362964013597E-01 -1.189944244178E-03 -2.674259320983E-01  2.478440132216E+00 -1.251926666955E-02  2.108337705041E-02 -8.564110380860E-03 -2.062808250163E-02 -6.324482734786E-04 -7.619761487190E-07 -9.981599640173E-08 -6.593323730952E-07  5.531216677844E-02  7.619761718870E-07  2.620721223354E-03 -6.905525458489E-21  4.135078035028E-21 -4.899964554966E-20 -1.297703953783E-03
  5.521936364597E+02  5.595365410066E+02  1.819018627521E+01  2.641639944984E-15 -9.751956834439E-03  3.314446593877E+02  2.265325702573E-01  2.662320070422E-01 -1.317489530694E-01 -1.212829902947E-03 -2.000476771503E-01  2.526477416617E+00 -1.257722560381E-02  2.199301002326E-02 -9.415784419487E-03 -2.087342024458E-02 -1.068369418468E-03  7.817852353464E-07 -1.308054379605E-07 -6.401738925541E-07  5.546770288505E-02 -7.817852350731E-07  4.216748116026E-03 -8.711335321284E-21  7.312932414771E-21 -3.503377725121E-20 -1.316602662019E-03
  5.668794455535E+02  5.743794455535E+02  1.824187133057E+01  5.514865763131E-15 -5.728027802935E-03  3.333071026536E+02  2.236594846510E-01  2.609753231533E-01 -1.271201241328E-01 -1.088354215331E-03 -1.277093865959E-01  2.547021366627E+00 -1.275312146975E-02  2.239255280634E-02 -9.639431336594E-03 -2.100815697199E-02 -1.279038572583E-03  1.025165033812E-06 -3.406097134731E-07 -2.015935135749E-06  5.311682206332E-02 -1.025164998202E-06  4.833505579347E-03 -2.383237976108E-21 -2.138593835869E-21 -3.069361638780E-20 -1.282832688709E-03
  5.818794455535E+02  5.893794455535E+02  1.828977551972E+01  6.818195747577E-15 -6.964232113145E-04  3.350384599357E+02  2.207441626378E-01  2.564900726644E-01 -1.225401860427E-01 -1.032201991201E-03 -3.489119758164E-02  2.512586837627E+00 -1.269768561417E-02  2.199805245845E-02 -9.300366844616E-03 -1.971630556215E-02 -1.498737197583E-03  7.710813153637E-07 -2.850708755701E-07 -1.209024087078E-06  5.087413164302E-02 -7.710813132599E-07  4.154210657085E-03  4.114461370490E-21 -4.240635081616E-21 -4.668033781008E-20 -1.205382833673E-03
  5.968794455535E+02  6.043794455535E+02  1.833726478267E+01  6.487114086647E-15  2.057834615425E-03  3.367597431304E+02  2.175651366674E-01  2.501507122849E-01 -1.180095803996E-01 -8.502832617187E-04  1.859197846611E-02  2.467936895776E+00 -1.251266954894E-02  2.134980272105E-02 -8.837133172210E-03 -1.882442538413E-02 -9.971896682165E-04 -1.298458397569E-06 -3.589815505320E-07  5.137828693623E-07  4.996911631184E-02  1.298458417373E-06  3.765357681940E-03 -6.602760192574E-21  3.646934636928E-21 -3.340151102272E-20 -1.151896357567E-03
  6.118794455535E+02  6.193794455535E+02  1.838346823230E+01  7.140228801735E-15  6.363357979304E-03  3.384358135644E+02  2.142314837140E-01  2.447361088321E-01 -1.134176325342E-01 -7.461665573982E-04  9.941803048186E-02  2.427484385078E+00 -1.227223139782E-02  2.097846397116E-02 -8.706232573265E-03 -1.796547528795E-02 -1.082888161832E-03  7.538984566341E-07 -1.088323774985E-07 -2.056436204321E-07  4.765654739702E-02 -7.538984710217E-07  5.005877156017E-03  9.796937357304E-21  5.525595727066E-21 -3.697173977979E-20 -1.082224397096E-03
  6.268794455535E+02  6.343794455535E+02  1.842661478726E+01  8.065937385597E-15  1.144495950751E-02  3.400058867441E+02  2.107023561506E-01  2.381774364098E-01 -1.088360305839E-01 -6.236739216998E-04  1.957896495779E-01  2.393452819867E+00 -1.209591747652E-02  2.056936915670E-02 -8.473451680094E-03 -1.674687793456E-02 -1.357976958542E-03 -6.967778525580E-07  3.739385540129E-07  1.973107957944E-07  4.465840679461E-02  6.967778427462E-07  5.120027732213E-03 -1.860979023068E-22  9.224215366411E-21 -3.080066726088E-20 -1.021504227518E-03
  6.418794455535E+02  6.493794455535E+02  1.846720926926E+01  7.470410791702E-15  1.596596364514E-02  3.414840489292E+02  2.069624326979E-01  2.309226845361E-01 -1.043146157695E-01 -6.184569852074E-04  2.826297525834E-01  2.350740925511E+00 -1.173514944251E-02  1.999807155953E-02 -8.262922116635E-03 -1.590086602793E-02 -1.234003006637E-03 -1.863464279974E-06  1.016319153855E-06  4.984688765642E-07  4.181238215906E-02  1.863464268688E-06  5.543047906744E-03 -1.640958045970E-21 -2.998860457905E-21 -4.447749188698E-20 -9.556502051230E-04
  6.568794455535E+02  6.643794455535E+02  1.850503499088E+01  7.504869194268E-15  2.182347488090E-02  3.428641290305E+02  2.031090790641E-01  2.233221859189E-01 -9.983188890202E-02 -5.533670407615E-04  3.941183523121E-01  2.310332018191E+00 -1.151801320318E-02  1.955259798750E-02 -8.034584784156E-03 -1.467432796139E-02 -1.475932001247E-03  6.280367742124E-08  1.289701330482E-06  1.506526341629E-06  3.969543676081E-02 -6.280366566900E-08  5.456346745284E-03  3.007343396369E-21 -8.717822619656E-22 -3.294234537002E-20 -8.921543830107E-04
  6.718794455535E+02  6.793794455535E+02  1.854165484159E+01  8.843006694380E-15  2.618596692459E-02  3.442049695053E+02  1.989156097233E-01  2.153876008643E-01 -9.529948863628E-02 -5.816949477678E-04  4.782070057288E-01  2.273221374008E+00 -1.139454926147E-02  1.894071619349E-02 -7.546166932052E-03 -1.379322490439E-02 -1.199348549649E-03  1.501384004289E-06  6.801729729853E-08  6.982080691901E-07  3.667200500521E-02 -1.501383997343E-06  4.665036670171E-03  6.174916086188E-21  1.417044224853E-21 -4.473214598139E-20 -8.154061666355E-04
  6.868794455535E+02  6.943794455535E+02  1.857380540736E+01  9.051848499630E-15  3.056708645892E-02  3.453844100279E+02  1.942364097418E-01  2.096438901116E-01 -9.083850626492E-02 -6.595378216212E-04  5.627922058087E-01  2.228501413415E+00 -1.099507613509E-02  1.833509836053E-02 -7.340022225520E-03 -1.231558977005E-02 -1.066854061311E-03  1.321003750358E-06 -1.569307612938E-06  7.488572357083E-07  3.445527805573E-02 -1.321003752211E-06  2.627757869237E-03  1.026781188049E-20  2.613651835235E-21 -4.771548890616E-20 -7.596156936837E-04
  7.018794455535E+02  7.093794455535E+02  1.860625253649E+01  6.712374507496E-15  3.110420547899E-02  3.465776654323E+02  1.889209123550E-01  2.030426237327E-01 -8.635400251203E-02 -6.885846171310E-04  5.765476376513E-01  2.196491167318E+00 -1.083305469666E-02  1.785124446452E-02 -7.018189767611E-03 -1.201375924000E-02 -3.056366246206E-04  9.041400175244E-07 -2.185811230721E-06  2.328954391322E-06  3.270466397306E-02 -9.041400539937E-07  1.652449539966E-03  1.029240284902E-20  8.731512338011E-22 -4.321514337969E-20 -7.120721023391E-04
  7.168794455535E+02  7.243794455535E+02  1.863510306280E+01  4.980398051976E-15  3.367271156270E-02  3.476418228358E+02  1.830686951493E-01  1.971843181372E-01 -8.194746585884E-02 -7.010741545539E-04  6.286302496822E-01  2.162360357963E+00 -1.069651774042E-02  1.750011531435E-02 -6.803597574151E-03 -1.078431795247E-02 -5.092236876663E-04 -2.063897010204E-07 -1.578900833018E-06  2.235361721149E-06  3.040025539408E-02  2.063897020182E-07  1.984329521464E-03  1.942503258299E-21  5.263681453908E-22 -4.249675111484E-20 -6.519718679585E-04
  7.318794455535E+02  7.393794455535E+02  1.866324698572E+01  4.338373247887E-15  3.483938980407E-02  3.486823258248E+02  1.768689471179E-01  1.910219591628E-01 -7.752529961256E-02 -7.755426354849E-04  6.544435806033E-01  2.116018704448E+00 -1.052274503710E-02  1.703256737262E-02 -6.509822335585E-03 -1.010712470933E-02 -6.625125160888E-05 -8.722735308689E-07 -8.822272465412E-07 -5.170098747753E-07  2.806142412266E-02  8.722735333537E-07  1.362315157282E-03  7.447368437059E-23 -4.988513209174E-21 -4.430769854436E-20 -6.012424027513E-04
  7.468794455535E+02  7.543794455535E+02  1.868773491928E+01  3.960394006376E-15  3.621470878033E-02  3.495883232733E+02  1.704189755786E-01  1.876396509783E-01 -7.307418375608E-02 -7.739833560469E-04  6.834702698951E-01  2.073724829322E+00 -1.026093276917E-02  1.650499845580E-02 -6.244065686700E-03 -9.085773801127E-03 -5.920608173795E-05 -3.217249413490E-07 -6.079276782549E-07 -1.426877923937E-06  2.511387086590E-02  3.217249480526E-07  1.645964988072E-03 -3.505783438935E-21 -4.892336690165E-22 -3.825577220246E-20 -5.461408379700E-04
  7.618794455535E+02  7.693794455535E+02  1.871035033892E+01  4.588309152470E-15  3.790124326150E-02  3.504250992899E+02  1.637536437762E-01  1.842886888942E-01 -6.866526126559E-02 -8.654476063026E-04  7.188055006651E-01  2.031026186003E+00 -9.869300937375E-03  1.601655009222E-02 -6.147249154683E-03 -8.425894915202E-03 -1.290293785681E-04  8.352220544389E-07 -5.102396846012E-07 -1.232951601259E-06  2.342797474011E-02 -8.352220668755E-07  2.259163550039E-03  1.068988567036E-20 -2.238101728646E-21 -4.344695874357E-20 -5.098695873672E-04
  7.768794455535E+02  7.843794455535E+02  1.873166063462E+01  5.420983757373E-15  4.044464248281E-02  3.512166862184E+02  1.568709606363E-01  1.797627803013E-01 -6.430269690126E-02 -7.892229302027E-04  7.691307724087E-01  1.990869804946E+00 -9.590283337495E-03  1.552686185912E-02 -5.936578521716E-03 -7.841673588367E-03 -3.490455890894E-04  7.943992527472E-07 -5.514917758934E-07  9.417517453023E-07  2.152987798455E-02 -7.943992542178E-07  2.890121146816E-03  6.769704673933E-21  2.588122062689E-21 -4.203426320250E-20 -4.666139340966E-04
  7.918794455535E+02  7.993794455535E+02  1.875070299528E+01  6.935449899566E-15  4.332393441178E-02  3.519232614012E+02  1.496205983857E-01  1.757861824697E-01 -5.978506497279E-02 -8.925119796515E-04  8.254789746382E-01  1.959316728365E+00 -9.351045585500E-03  1.505506741755E-02 -5.704021831938E-03 -7.174861271680E-03 -4.419192180764E-04  2.383497761841E-06 -4.564208708720E-07  1.596024498691E-07  1.968897346513E-02 -2.383497725392E-06  3.609585439962E-03  1.344716604169E-21 -3.052553437169E-21 -5.348979035143E-20 -4.331815359548E-04
  8.068794455535E+02  8.143794455535E+02  1.876857171638E+01  8.558259931175E-15  4.722445026159E-02  3.525864666570E+02  1.420531615329E-01  1.719496594438E-01 -5.536636274235E-02 -8.008533184724E-04  8.997181352740E-01  1.934605744497E+00 -9.266931291697E-03  1.478331724836E-02 -5.516385956566E-03 -6.631388012999E-03 -6.093216607383E-04  2.760634740820E-06 -2.734502719524E-07  2.394748707461E-07  1.780584786159E-02 -2.760634734902E-06  4.879961770746E-03  4.303021378834E-21 -5.311085507060E-21 -4.564849029694E-20 -3.917693228634E-04
  8.218794455535E+02  8.293794455535E+02  1.878410487477E+01  8.353519192923E-15  5.248952428262E-02  3.531618142240E+02  1.344384131586E-01  1.690571850224E-01 -5.099979514872E-02 -9.677708733554E-04  9.986882029661E-01  1.904702801352E+00 -9.080549027563E-03  1.447369422760E-02 -5.393145200058E-03 -5.982495568729E-03 -9.128237858498E-04  1.399382632091E-08 -3.928790411578E-07  6.249248649090E-07  1.682837211598E-02 -1.399382090203E-08  4.047438296891E-03  1.085343414992E-20 -1.234015950597E-21 -4.407374873106E-20 -3.685705518988E-04
  8.368794455535E+02  8.443794455535E+02  1.880014039729E+01  8.981667912305E-15  5.482530746625E-02  3.537544858813E+02  1.270538665498E-01  1.651597485402E-01 -4.669525533639E-02 -8.556590348884E-04  1.040962817502E+00  1.876708996953E+00 -8.824379632453E-03  1.412121612370E-02 -5.296836491123E-03 -5.807456673967E-03 -5.651917189818E-04 -1.261208013585E-07 -7.129671317140E-07  1.815473590403E-06  1.621812395871E-02  1.261208018595E-07  3.436812300739E-03  4.264520053812E-21 -6.334629881089E-21 -3.976799653503E-20 -3.525032198537E-04
  8.518794455535E+02  8.593794455535E+02  1.881451037531E+01  1.160437031478E-14  5.893346501718E-02  3.542854803255E+02  1.197502232826E-01  1.614899344799E-01 -4.224544443373E-02 -9.045650731033E-04  1.116319660037E+00  1.844511732717E+00 -8.583415924492E-03  1.368331614908E-02 -5.099900224463E-03 -5.417507944839E-03 -8.187336876169E-04 -1.278131152537E-06 -5.481700998273E-07  1.734914720112E-06  1.466699879399E-02  1.278131161951E-06  3.109632585460E-03 -3.278100924691E-21 -6.877442774788E-21 -5.071047262558E-20 -3.232569670693E-04
  8.668794455535E+02  8.743794455535E+02  1.882763284894E+01  1.312882130846E-14  6.063566777303E-02  3.547699150725E+02  1.122805024604E-01  1.581247136349E-01 -3.789936634985E-02 -8.453374352721E-04  1.147694198776E+00  1.811770071164E+00 -8.317228339132E-03  1.321069057329E-02 -4.893462234171E-03 -4.855682539011E-03 -4.267713406158E-04 -4.603589478639E-08  1.727913194097E-07 -5.319234463906E-07  1.282344524325E-02  4.603585590320E-08  7.429455339808E-04  5.713284427235E-21 -6.465453063985E-21 -3.837115904458E-20 -2.799562783825E-04
  8.818794455535E+02  8.893794455535E+02  1.883855947853E+01  1.225704997568E-14  6.030759081281E-02  3.551740530956E+02  1.041439965323E-01  1.546201695856E-01 -3.352585300289E-02 -8.540038824072E-04  1.140567559541E+00  1.789736675302E+00 -8.263252129583E-03  1.299636068951E-02 -4.733108560008E-03 -4.127571436329E-03  5.901090564714E-05  2.367193218760E-07  3.681031789026E-07 -1.769993223283E-06  1.153209222125E-02 -2.367193175330E-07 -7.935563600030E-04  7.479219494817E-21 -6.347744752758E-21 -3.858701898003E-20 -2.474305816690E-04
  8.968794455535E+02  9.043794455535E+02  1.884926022702E+01  1.002375374544E-14  5.914444894849E-02  3.555710523873E+02  9.511325517759E-02  1.525463329203E-01 -2.902587788383E-02 -7.656894851566E-04  1.118902759373E+00  1.771213015953E+00 -8.062693237823E-03  1.283111725186E-02 -4.768424013957E-03 -3.854246954241E-03  2.316858881905E-04 -4.481905242277E-07 -1.786223405993E-07 -1.560984531267E-06  1.111549354859E-02  4.481904937866E-07 -9.424180134997E-04 -4.227266379595E-21 -1.340283974116E-20 -4.861783444348E-20 -2.341638615825E-04
  9.118794455535E+02  9.193794455535E+02  1.885939917573E+01  8.083003595153E-15  5.854044993307E-02  3.559471835335E+02  8.515446940723E-02  1.522688306187E-01 -2.467056243083E-02 -7.188013526556E-04  1.107540940067E+00  1.758186317004E+00 -7.913438217361E-03  1.275274391984E-02 -4.839305702507E-03 -3.649994120331E-03  2.036923005202E-04 -9.136148064278E-07 -7.559551446277E-08  8.087196078391E-07  1.035198050161E-02  9.136148022333E-07 -2.853278828680E-04 -2.748006803773E-21 -4.450809545843E-21 -4.281384113901E-20 -2.209660446388E-04
  9.268794455535E+02  9.343794455535E+02  1.886867270507E+01  7.897419263686E-15  5.861490583303E-02  3.562933303649E+02  7.409519383863E-02  1.545713783106E-01 -2.010025512449E-02 -6.015628948877E-04  1.107727266691E+00  1.752744590914E+00 -7.841359468630E-03  1.260850638248E-02 -4.767146913821E-03 -3.511638806177E-03  4.788370652516E-05 -6.822625011754E-07  6.119685126538E-07  2.058540991804E-06  1.127183213331E-02  6.822625119433E-07 -9.731672146427E-05 -9.327738260910E-22 -4.123239641475E-21 -4.067745932513E-20 -2.312419774383E-04
  9.418794455535E+02  9.493794455535E+02  1.888053446759E+01  7.375320334203E-15  5.837193317938E-02  3.567385280346E+02  6.165502497223E-02  1.592438983030E-01 -1.561204465645E-02 -4.568997087843E-04  1.101433231751E+00  1.746726696678E+00 -7.773358998296E-03  1.224020223041E-02 -4.466843232094E-03 -3.810006158980E-03  1.875237500620E-04 -2.766564861235E-07  1.172231093213E-06  1.486026658255E-06  1.395647857620E-02  2.766564960936E-07 -3.064539229363E-04 -9.677319753334E-21 -3.865064826934E-21 -3.660832026868E-20 -2.484249303950E-04
  9.568794455535E+02  9.643794455535E+02  1.889484331062E+01  4.868588026942E-15  5.804684682189E-02  3.572805646476E+02  4.714075520132E-02  1.652890435444E-01 -1.097207118689E-02 -3.829398887186E-04  1.094558243954E+00  1.772441224890E+00 -7.682569582454E-03  1.204615910854E-02 -4.363589526105E-03 -4.238661534011E-03  2.776997672624E-04  1.242969148837E-08  1.259824085247E-06  9.262901154746E-07  1.897759145977E-02 -1.242970904244E-08  1.473245870102E-04  4.680216294018E-22 -3.328014238828E-21 -3.431554421912E-20 -3.093507740138E-04
  9.718794455535E+02  9.793794455535E+02  1.891612441345E+01  1.884233058209E-15  5.864437452611E-02  3.580901682740E+02  2.909229512245E-02  1.812647813691E-01 -6.277963762529E-03 -1.448767252014E-04  1.105436277110E+00  1.913149158621E+00 -8.106276781293E-03  1.347694501953E-02 -5.370668238187E-03 -5.959959351919E-03  4.830902568777E-05 -3.285717821451E-07  1.177700982706E-06  1.589047344855E-06  2.651117198969E-02  3.285717809755E-07  3.379503431827E-03  3.750838238372E-21  3.957083920475E-22 -1.764101386155E-20 -4.783743537429E-04
  9.868794455535E+02  9.943794455535E+02  1.894455638010E+01  2.362812320294E-16  6.438139653258E-02  3.591833328113E+02  5.965317071103E-03  2.145114311040E-01 -1.858925592690E-03  3.692348502636E-05  1.212601781033E+00  1.943146664275E+00 -9.091815063507E-03  1.513569515784E-02 -6.043880094722E-03 -8.354529415387E-03 -8.931652410991E-04 -2.165275393040E-06  6.227281978488E-07 -1.327298485048E-07  1.516271430666E-02  2.165275387248E-06  3.059091367844E-03 -1.242676653948E-20 -4.030707037490E-22 -2.190016326853E-20 -2.479737040112E-04
