                   y                  ym                   U                   V                   W                 U^2                 V^2                 W^2                  UV                  VW                  UW                VISC               SFSxx               SFSyy               SFSzz               SFSxy               SFSyz                dUdX                dVdX                dWdX                dUdY                dVdY                dWdY                dUdZ                dVdZ                dWdZ              SFSxym
 -4.000000000000E+00 -2.000000000000E+00  0.000000000000E+00  0.000000000000E+00  0.000000000000E+00  0.000000000000E+00  0.000000000000E+00  0.000000000000E+00  0.000000000000E+00  0.000000000000E+00  0.000000000000E+00  0.000000000000E+00  0.000000000000E+00  0.000000000000E+00  0.000000000000E+00  0.000000000000E+00  0.000000000000E+00  0.000000000000E+00  0.000000000000E+00  0.000000000000E+00  0.000000000000E+00  0.000000000000E+00  0.000000000000E+00  0.000000000000E+00  0.000000000000E+00  0.000000000000E+00  0.000000000000E+00
  2.220446049250E-16  2.000000000000E+00  7.394175103690E+00 -1.323945655075E-15 -1.152014722357E-01  5.740880608373E+01  6.568442323443E-02  8.900412968014E-01 -1.978966419448E-01 -2.431576210612E-03 -8.584823346340E-01  1.840208970928E+00 -3.583860768736E-03  1.507816034733E-02 -1.149429957701E-02 -7.054972858760E+00  7.358878591622E-02 -1.691114148735E-03 -1.441091543782E-04  3.155544187681E-05  3.411083504713E+01  1.691114148707E-03 -4.733519107678E-01  3.348947394954E-20  1.757344813579E-21  1.070559670166E-20 -3.123160067019E-02
  4.000000000000E+00  6.000000000000E+00  9.661357933640E+00 -3.438669777163E-15 -1.215124324106E-01  9.709026997799E+01  2.665942877920E-01  1.010503092554E+00 -4.531954148924E-01 -2.735133451681E-03 -1.181287533467E+00  6.703614832171E+00  4.559653466277E-01 -3.635354971364E-01 -9.242984949090E-02 -2.316865524429E+00 -6.778196577499E-02  4.550266590750E-04 -2.305824235961E-04 -6.372584870840E-05  5.848573682182E+00 -4.550266591114E-04 -5.818082288743E-03  3.882609813279E-20 -7.467538820498E-21  2.500330273552E-21 -1.469766982306E-01
  8.000000000000E+00  1.000000000000E+01  1.031814086217E+01 -4.638375115130E-15 -1.181061372232E-01  1.095641005500E+02  3.476031234203E-01  9.708279202275E-01 -4.333039225033E-01 -2.978510692159E-03 -1.222616591181E+00  7.149580280202E+00  2.143955708539E-01 -4.786844624957E-01  2.642888916434E-01 -1.054744082003E+00 -4.074187744073E-02  3.704972868459E-04 -1.328888633596E-04  2.622832377563E-05  2.554916463971E+00 -3.704972868490E-04  1.549940811833E-02  3.678201602708E-20  1.821635366931E-21  2.690361258565E-20 -6.409358789015E-02
  1.200000000000E+01  1.400000000000E+01  1.093898317501E+01 -5.211345894748E-15 -1.138104475573E-01  1.227298882164E+02  3.954251685661E-01  9.622338628896E-01 -4.750737932332E-01 -2.775009235149E-03 -1.245094143685E+00  7.074365373453E+00  2.022687433829E-01 -4.416197563329E-01  2.393510129511E-01 -1.017268011078E+00 -6.207678726927E-03  2.349725062218E-04 -7.631795253624E-05  2.609661480311E-05  2.103562742253E+00 -2.349725062870E-04  1.561957653212E-02  2.020892622397E-20 -1.524106778715E-20  7.642101048242E-20 -5.465743694916E-02
  1.600000000000E+01  1.800000000000E+01  1.136984200202E+01 -4.693152839732E-15 -1.104106364387E-01  1.321857324926E+02  4.317212989155E-01  9.555677926844E-01 -4.742238087287E-01 -2.988415764719E-03 -1.252008921653E+00  6.685001219054E+00  1.669491910911E-01 -3.997777002687E-01  2.328285091768E-01 -7.169554786617E-01 -3.272283876251E-03  8.859378992189E-05 -4.594666863828E-05 -2.445717537744E-05  1.609272055585E+00 -8.859378989605E-05  1.201118808764E-02  4.429038354357E-20 -1.385648322083E-20  8.015927368301E-20 -4.118704884155E-02
  2.000000000000E+01  2.200000000000E+01  1.174348282809E+01 -3.163396483421E-15 -1.077077169334E-01  1.407604470669E+02  4.615989180127E-01  9.549771287374E-01 -4.863128394663E-01 -2.958436055250E-03 -1.259426423146E+00  6.423507757047E+00  1.483423181173E-01 -3.672529551069E-01  2.189106369902E-01 -6.119715991978E-01 -3.763802129498E-03  1.109097675368E-04 -2.482205961196E-05 -3.201588349296E-05  1.346734611399E+00 -1.109097676041E-04  1.043706130152E-02  2.009340837523E-20 -1.741956638032E-20  1.013794989055E-19 -3.447641920640E-02
  2.400000000000E+01  2.600000000000E+01  1.204330386371E+01 -1.490436246643E-15 -1.051374583834E-01  1.478222564889E+02  4.862827026208E-01  9.530183127409E-01 -4.873714697613E-01 -3.091609061450E-03 -1.259228886456E+00  6.138659057090E+00  1.291152312468E-01 -3.371108029309E-01  2.079955716816E-01 -4.914127176302E-01 -3.598983286716E-03  1.204209286886E-04 -1.434105390222E-05  2.531094658986E-05  1.127593126285E+00 -1.204209286439E-04  8.044647776819E-03  4.541458831452E-20 -1.056981944892E-20  1.185790789241E-19 -2.860640183033E-02
  2.800000000000E+01  3.000000000000E+01  1.230740005080E+01  2.818179717368E-16 -1.036900302655E-01  1.542137567644E+02  5.064947524666E-01  9.523024829662E-01 -4.916199604111E-01 -3.136789720830E-03 -1.267737322265E+00  5.906432177975E+00  1.155761072933E-01 -3.123834709679E-01  1.968073636733E-01 -4.273036165062E-01 -2.843981526518E-03  7.428598175685E-05 -1.010330766724E-05  3.177477617562E-05  9.844871973328E-01 -7.428598178688E-05  3.949496148965E-03  3.717473925668E-20 -2.372011751392E-21  1.240735826950E-19 -2.481286881883E-02
  3.200000000000E+01  3.400000000000E+01  1.253554171451E+01  2.313563981597E-15 -1.031217275209E-01  1.598447624586E+02  5.230813168477E-01  9.501696850685E-01 -4.920440137350E-01 -3.192275762910E-03 -1.282382321614E+00  5.686446625747E+00  1.028789319548E-01 -2.903553927399E-01  1.874764607845E-01 -3.680752765015E-01 -2.249045083256E-03  2.675236258205E-05 -6.123485851509E-06 -1.055614553914E-05  8.672012191158E-01 -2.675236251671E-05  1.547159601207E-03  5.407507614975E-20 -1.071866445213E-21  1.333567021779E-19 -2.169347836423E-02
  3.600000000000E+01  3.800000000000E+01  1.274098308842E+01  4.058537649472E-15 -1.029183885560E-01  1.650145650606E+02  5.367180502408E-01  9.479690338222E-01 -4.934386873854E-01 -3.238791012796E-03 -1.299949999339E+00  5.494887072886E+00  9.330068337932E-02 -2.717997325661E-01  1.784990491864E-01 -3.278685413480E-01 -1.726848782529E-03  5.098285914164E-05 -1.670725974627E-06 -1.660804095071E-06  7.794790055335E-01 -5.098285917026E-05  9.747481439329E-04  4.769071724738E-20  1.219305402676E-20  1.594732984443E-19 -1.939120226086E-02
  4.000000000000E+01  4.200000000000E+01  1.292540762300E+01  4.737603538640E-15 -1.026408327495E-01  1.697265146719E+02  5.479160592101E-01  9.446501141368E-01 -4.932911352331E-01 -3.183113425873E-03 -1.315122094382E+00  5.321390661980E+00  8.518404031632E-02 -2.553082309588E-01  1.701241906436E-01 -2.932078863201E-01 -1.810503426402E-03  3.296576309827E-05 -9.308680470281E-07  1.833687770960E-07  7.084247276752E-01 -3.296576306677E-05  9.951951431998E-04  5.744355755141E-20  5.951236926845E-21  1.360002593285E-19 -1.751929121496E-02
  4.400000000000E+01  4.600000000000E+01  1.309527346523E+01  4.319228134875E-15 -1.024439150843E-01  1.741303424261E+02  5.571178458018E-01  9.416305410545E-01 -4.933903405508E-01 -3.214680243223E-03 -1.329797540795E+00  5.166231951938E+00  7.854778320937E-02 -2.409759587011E-01  1.624281754896E-01 -2.678784095601E-01 -1.559366810267E-03  4.131946144833E-05 -1.821052708393E-06  5.526501738418E-06  6.526806278156E-01 -4.131946146417E-05  5.108411520458E-04  3.969393568369E-20 -7.054192269351E-21  1.355616774306E-19 -1.602786347406E-02
  4.800000000000E+01  5.000000000000E+01  1.325175016605E+01  4.274913828599E-15 -1.023996496528E-01  1.782376120090E+02  5.646280511740E-01  9.384261964395E-01 -4.928550416769E-01 -3.220310738851E-03 -1.344857609852E+00  5.026501717161E+00  7.270582644783E-02 -2.285497211832E-01  1.558438947336E-01 -2.453883368145E-01 -1.094557021309E-03  2.628618933930E-05 -3.307263789028E-06  6.354440764463E-06  6.049467413393E-01 -2.628618935322E-05  4.695460685599E-04  6.012463113926E-20 -6.189393741666E-21  1.388332851194E-19 -1.476258676408E-02
  5.200000000000E+01  5.400000000000E+01  1.339772020411E+01  5.580019880764E-15 -1.022373101185E-01  1.821154881138E+02  5.707309503020E-01  9.348703085772E-01 -4.923366497690E-01 -3.170399667374E-03 -1.357098952482E+00  4.900723646369E+00  6.722414105413E-02 -2.175942315424E-01  1.503700904872E-01 -2.274213899018E-01 -1.259575424492E-03  6.564668366149E-06 -3.660275799878E-06  5.331495149320E-06  5.642411584633E-01 -6.564668297061E-06  6.693862508570E-04  3.914985785907E-20 -4.773355905798E-21  1.557050348060E-19 -1.368238523178E-02
  5.600000000000E+01  5.800000000000E+01  1.353383361437E+01  6.412909627519E-15 -1.021104159999E-01  1.857703415302E+02  5.757310105309E-01  9.309886604327E-01 -4.914826397040E-01 -3.158030088003E-03 -1.368394490206E+00  4.784313517200E+00  6.254816791624E-02 -2.075682778918E-01  1.450201099737E-01 -2.108363361542E-01 -1.150908385266E-03  1.643204188093E-05 -1.542954687913E-06 -3.749715362239E-06  5.290555568308E-01 -1.643204194583E-05 -2.041325524427E-06  2.103188540570E-20 -1.187977092147E-20  1.409963236405E-19 -1.275102143479E-02
  6.000000000000E+01  6.200000000000E+01  1.366218083232E+01  6.807663337852E-15 -1.022263585062E-01  1.892511454025E+02  5.798363816044E-01  9.275580612613E-01 -4.906334753499E-01 -3.124146760486E-03 -1.381900258226E+00  4.680375400426E+00  5.889457905513E-02 -1.990289817335E-01  1.401344026783E-01 -1.977355709285E-01 -6.542420277879E-04  1.594810702410E-06  1.497967036159E-06 -8.354123433961E-06  5.001568738503E-01 -1.594810701536E-06 -1.109722466312E-03  4.610204246742E-20 -8.977956331659E-21  1.516586287716E-19 -1.198477447874E-02
  6.400000000000E+01  6.600000000000E+01  1.378385487177E+01  7.042124984998E-15 -1.026107763361E-01  1.925818356402E+02  5.833035140446E-01  9.248218712428E-01 -4.896093900243E-01 -3.087593672750E-03 -1.398068117254E+00  4.582854586950E+00  5.507395494465E-02 -1.910802082438E-01  1.360062532986E-01 -1.859794330429E-01 -4.358682436533E-04  2.545287217771E-06  4.214943641059E-06 -1.876162824003E-06  4.749037255399E-01 -2.545287356508E-06 -1.833283521892E-03  6.078374744695E-20 -1.154968929943E-20  1.465487887390E-19 -1.128954255537E-02
  6.800000000000E+01  7.000000000000E+01  1.389968735501E+01  7.614124969991E-15 -1.031132775578E-01  1.957811972041E+02  5.862935366969E-01  9.216781796516E-01 -4.885548195528E-01 -3.007971580914E-03 -1.415250864238E+00  4.491946938588E+00  5.193110469881E-02 -1.838751731248E-01  1.319440684272E-01 -1.754652369526E-01 -6.356335087727E-04  3.313836357974E-06  4.388581576281E-06  1.597606531055E-05  4.517920608950E-01 -3.313836250261E-06 -1.631914649255E-03  2.137489990228E-20 -1.068026292175E-20  1.436984196578E-19 -1.065158424870E-02
  7.200000000000E+01  7.400000000000E+01  1.400976110402E+01  8.990147529776E-15 -1.033983179260E-01  1.988451890462E+02  5.887193580070E-01  9.182080837495E-01 -4.874468716975E-01 -2.954911781439E-03 -1.428879022656E+00  4.403973657043E+00  4.885288722918E-02 -1.771647147222E-01  1.283118274938E-01 -1.653897385308E-01 -8.907221684287E-04  4.485287395604E-06  3.756274945368E-06  8.710728421532E-06  4.296255037890E-01 -4.485287421154E-06 -7.353975097999E-04  3.390559628094E-20 -1.513550617980E-20  1.367056653819E-19 -1.004689307931E-02
  7.600000000000E+01  7.800000000000E+01  1.411446100442E+01  1.034963007946E-14 -1.034315600182E-01  2.017814996846E+02  5.906371453929E-01  9.144950792409E-01 -4.862663299085E-01 -2.878127573318E-03 -1.438737136390E+00  4.323478892989E+00  4.629981016063E-02 -1.711842839570E-01  1.248844737975E-01 -1.563927032886E-01 -9.411834901949E-04 -3.796576838751E-06  3.339323401596E-06 -1.134899741106E-05  4.102040478329E-01  3.796576903633E-06  4.604527797027E-04  9.943372610500E-21 -1.942778438696E-21  1.276698934829E-19 -9.535934336819E-03
  8.000000000000E+01  8.200000000000E+01  1.421485289476E+01  1.083335620285E-14 -1.031206196061E-01  2.046172897317E+02  5.922411913260E-01  9.105210026729E-01 -4.849992213043E-01 -2.789634373205E-03 -1.442826877015E+00  4.250693670734E+00  4.395015221574E-02 -1.654755265022E-01  1.215253742875E-01 -1.489099420703E-01 -1.103794862011E-03  1.904392230376E-06  2.351103603433E-06 -2.393572625807E-05  3.935143712446E-01 -1.904392272831E-06  1.662586877363E-03  4.779861692906E-20 -1.633088481846E-20  1.304296649251E-19 -9.087254253683E-03
  8.400000000000E+01  8.600000000000E+01  1.431117275153E+01  1.174190266140E-14 -1.026062083381E-01  2.073570080286E+02  5.935981744008E-01  9.063603496633E-01 -4.837428550843E-01 -2.725763308836E-03 -1.443305500894E+00  4.180606599670E+00  4.176907888927E-02 -1.602550097376E-01  1.184859308478E-01 -1.419470727318E-01 -1.408130901100E-03 -1.189382425964E-05  1.996848557666E-06 -1.121140386821E-05  3.776218331121E-01  1.189382428665E-05  2.281456709569E-03  2.224933865303E-20 -5.944182933452E-21  1.421057079111E-19 -8.658527240137E-03
  8.800000000000E+01  9.000000000000E+01  1.440363029942E+01  1.448537398247E-14 -1.020243451217E-01  2.100023481231E+02  5.946800594706E-01  9.025660826522E-01 -4.824000815812E-01 -2.625874569957E-03 -1.442042308086E+00  4.113275914736E+00  3.968599150611E-02 -1.553276359063E-01  1.156416443993E-01 -1.352792343177E-01 -1.430266565886E-03  3.971832498350E-06  2.022789080550E-06  1.467787613769E-05  3.627389715926E-01 -3.971832509613E-06  3.220901606657E-03  1.247596654921E-20 -1.430207411975E-20  1.167558800013E-19 -8.263695641661E-03
  9.200000000000E+01  9.400000000000E+01  1.449257089292E+01  1.581661219820E-14 -1.010032026532E-01  2.125625996763E+02  5.954550307702E-01  8.985785143617E-01 -4.811078026020E-01 -2.540672698095E-03 -1.434484347611E+00  4.050621636227E+00  3.783475052394E-02 -1.507847026019E-01  1.129499520776E-01 -1.293297753378E-01 -1.865788558675E-03  8.844324967894E-06  9.330961067756E-07  1.775794973336E-05  3.493034550124E-01 -8.844324929422E-06  4.651607057155E-03 -1.567009187487E-20 -1.591040454656E-20  1.173679633144E-19 -7.912188403525E-03
  9.600000000000E+01  9.800000000000E+01  1.457826255808E+01  1.649190144980E-14 -9.967066323745E-02  2.150438281264E+02  5.959379391306E-01  8.943217624864E-01 -4.797050821429E-01 -2.433432423889E-03 -1.422134048535E+00  3.992447324154E+00  3.628457243598E-02 -1.466993832376E-01  1.104148108019E-01 -1.239045772518E-01 -2.141886533562E-03 -1.234458827184E-05  1.512373476957E-06  1.991491465338E-06  3.370673345589E-01  1.234458825569E-05  6.350126934132E-03  2.724938655286E-20 -1.366721822019E-20  1.338332588738E-19 -7.587924088099E-03
  1.000000000000E+02  1.020000000000E+02  1.466105739012E+01  1.922076372484E-14 -9.780129247491E-02  2.174543325334E+02  5.961850260473E-01  8.898806003842E-01 -4.783541410276E-01 -2.367212681148E-03 -1.401506578800E+00  3.936002654472E+00  3.473548609412E-02 -1.428033188107E-01  1.080678327169E-01 -1.188461742520E-01 -2.847333357014E-03  7.526075556419E-06  4.117648013008E-06 -1.229512609430E-05  3.260667990625E-01 -7.526075527883E-06  7.906303506936E-03  1.364000468306E-21 -4.192151342267E-21  1.308329406971E-19 -7.277685748918E-03
  1.040000000000E+02  1.060000000000E+02  1.474134471691E+01  2.043201885171E-14 -9.570764200435E-02  2.198035155238E+02  5.962348047255E-01  8.847148875361E-01 -4.769481765014E-01 -2.284311444037E-03 -1.376955399276E+00  3.880073930715E+00  3.318740232291E-02 -1.390557833277E-01  1.058683810048E-01 -1.139249377607E-01 -2.930420869885E-03  1.512382479104E-05  4.287228403800E-06 -3.930147892145E-07  3.150864156606E-01 -1.512382480558E-05  9.060713327148E-03 -6.838931946319E-21 -1.312149627431E-21  1.295171219515E-19 -6.972169198421E-03
  1.080000000000E+02  1.100000000000E+02  1.481864836499E+01  1.955485780536E-14 -9.325832668894E-02  2.220771670254E+02  5.961269694156E-01  8.795297735718E-01 -4.755317837891E-01 -2.231460201532E-03 -1.346656942779E+00  3.826462548972E+00  3.186828208753E-02 -1.355621639730E-01  1.036938818865E-01 -1.091814703918E-01 -3.156967572471E-03 -4.596838177112E-06  2.611962621467E-06 -5.110882192587E-06  3.043010091596E-01  4.596838191835E-06  1.024963047566E-02 -1.141504285508E-20 -1.049908762580E-20  1.299580419672E-19 -6.679191951847E-03
  1.120000000000E+02  1.140000000000E+02  1.489346031704E+01  1.998531071537E-14 -9.060652090270E-02  2.242884619164E+02  5.959187255391E-01  8.743269822004E-01 -4.741297124403E-01 -2.159965222820E-03 -1.311948007563E+00  3.775205889182E+00  3.055894971934E-02 -1.320915281823E-01  1.015325784633E-01 -1.046470841385E-01 -3.168223209821E-03  2.831953642003E-06  2.504337782713E-06 -1.982126830438E-05  2.939222071288E-01 -2.831953665471E-06  1.098250743574E-02 -1.528824103748E-20 -7.015977231062E-21  1.303559462660E-19 -6.402994282523E-03
  1.160000000000E+02  1.180000000000E+02  1.496560709632E+01  2.017013845442E-14 -8.781839633053E-02  2.264306713627E+02  5.956323881362E-01  8.692896922880E-01 -4.726624521656E-01 -2.140152382161E-03 -1.273960134667E+00  3.725803225952E+00  2.926991446935E-02 -1.288183216446E-01  9.954840717507E-02 -1.002586312843E-01 -3.071889955535E-03  5.765686683333E-06  2.984560042226E-06 -8.240618499935E-06  2.839854046428E-01 -5.765686651323E-06  1.114478400049E-02 -1.222987168152E-20 -9.626207657738E-21  1.352654464250E-19 -6.149678686632E-03
  1.200000000000E+02  1.220000000000E+02  1.503550957767E+01  1.985065204661E-14 -8.502305689711E-02  2.285149320859E+02  5.952341580485E-01  8.642276120081E-01 -4.712039011519E-01 -2.060024481020E-03 -1.235450174232E+00  3.677976860218E+00  2.803543874089E-02 -1.257298584632E-01  9.769441972172E-02 -9.660014409886E-02 -3.069974079573E-03 -1.790523894798E-06  2.343990543155E-06  9.379372795072E-06  2.747843081786E-01  1.790523885917E-06  1.150412622998E-02 -3.512785984387E-20 -6.841311589819E-21  1.168483228163E-19 -5.914547639377E-03
  1.240000000000E+02  1.260000000000E+02  1.510304203191E+01  2.065415351769E-14 -8.202563454096E-02  2.305377924717E+02  5.946663100773E-01  8.589112671530E-01 -4.697122328667E-01 -2.018653367625E-03 -1.193247145222E+00  3.631701665180E+00  2.684179756886E-02 -1.227710792420E-01  9.592928167306E-02 -9.266785094232E-02 -3.215636785329E-03  7.249843458423E-06  1.127029892928E-06  7.404612397545E-06  2.665509058053E-01 -7.249843432948E-06  1.245874039334E-02 -1.535090171266E-20  1.007122585789E-20  1.276356150515E-19 -5.691851781668E-03
  1.280000000000E+02  1.300000000000E+02  1.516879639925E+01  2.067721276318E-14 -7.879838722715E-02  2.325149934855E+02  5.939732857406E-01  8.536172781552E-01 -4.681898396444E-01 -1.941642064031E-03 -1.147320841882E+00  3.590079631345E+00  2.578124398134E-02 -1.201385151746E-01  9.435727119323E-02 -8.947888628642E-02 -3.496953053865E-03 -1.599010809094E-05 -5.731324169391E-07 -6.589277191318E-06  2.589448555938E-01  1.599010802159E-05  1.340943953247E-02  5.170756612366E-21 -6.564362965633E-21  1.077741028919E-19 -5.495905067691E-03
  1.320000000000E+02  1.340000000000E+02  1.523246727585E+01  2.022559853973E-14 -7.536903494272E-02  2.344365360377E+02  5.932536738383E-01  8.483914521935E-01 -4.666618665419E-01 -1.912752076461E-03 -1.097942527922E+00  3.548532337541E+00  2.481588252747E-02 -1.174664127969E-01  9.265053026991E-02 -8.642035030792E-02 -3.687880032235E-03 -2.246358039550E-05 -1.004265164816E-06 -1.634690574258E-05  2.506307249513E-01  2.246358047038E-05  1.399559325319E-02 -1.133749813427E-20 -9.853828386279E-21  1.307013474284E-19 -5.295052212717E-03
  1.360000000000E+02  1.380000000000E+02  1.529408422773E+01  2.356398785588E-14 -7.184862765991E-02  2.363030040808E+02  5.925120799992E-01  8.427441608983E-01 -4.650928209561E-01 -1.855529501285E-03 -1.046980499442E+00  3.507757313477E+00  2.381824475973E-02 -1.149092419097E-01  9.109099715125E-02 -8.305422962293E-02 -3.709725799169E-03  1.399959196697E-05 -3.711904828181E-07 -1.586234712753E-05  2.424410912358E-01 -1.399959202479E-05  1.484305759262E-02 -1.152360651881E-20 -5.363575443521E-21  1.297345524431E-19 -5.094799436957E-03
  1.400000000000E+02  1.420000000000E+02  1.535371414097E+01  2.834180069453E-14 -6.796502853968E-02  2.381160077153E+02  5.917366752177E-01  8.366172833062E-01 -4.636082654491E-01 -1.829177574726E-03 -9.899112892814E-01  3.467780395753E+00  2.292849926907E-02 -1.124438885892E-01  8.951538932035E-02 -7.993191190851E-02 -3.933140523999E-03  1.129534806130E-05 -6.064244315467E-07 -4.329577681246E-06  2.349320617535E-01 -1.129534793757E-05  1.527112906951E-02 -4.241411972205E-20  1.106261891129E-22  1.160402328895E-19 -4.905506482782E-03
  1.440000000000E+02  1.460000000000E+02  1.541153766138E+01  3.011360735425E-14 -6.420619298461E-02  2.398799068656E+02  5.908816251908E-01  8.304111105405E-01 -4.620031545906E-01 -1.825323673689E-03 -9.347129053944E-01  3.429635178634E+00  2.205996538282E-02 -1.101391113886E-01  8.807914600598E-02 -7.704412552966E-02 -3.782385029238E-03 -1.085281568207E-05  1.194788752023E-07  1.399170123663E-05  2.278613947041E-01  1.085281567965E-05  1.470330667086E-02 -3.173996499026E-21 -7.673761271067E-21  1.098108997251E-19 -4.728456039062E-03
  1.480000000000E+02  1.500000000000E+02  1.546764158674E+01  3.110105720415E-14 -6.057073421973E-02  2.415979084723E+02  5.898850764155E-01  8.243713708905E-01 -4.605004062658E-01 -1.819327217492E-03 -8.817056730774E-01  3.394769292918E+00  2.137226243406E-02 -1.080881655931E-01  8.671590315844E-02 -7.423411437781E-02 -3.525873555797E-03  6.773552531499E-06  1.798748163035E-06  1.437382530186E-05  2.204819238292E-01 -6.773552488286E-06  1.443006223502E-02 -1.023870443383E-20 -1.022737898703E-20  1.116133159990E-19 -4.555667265125E-03
  1.520000000000E+02  1.540000000000E+02  1.552183287161E+01  3.179015499917E-14 -5.694201467460E-02  2.432610329574E+02  5.888110166356E-01  8.185320531491E-01 -4.589017672335E-01 -1.798506610333E-03 -8.288628555209E-01  3.358287944145E+00  2.063789389702E-02 -1.060075793794E-01  8.536968548282E-02 -7.146045147008E-02 -3.594575897913E-03  1.653062593218E-05  1.461144407259E-06 -1.427631982851E-05  2.137984711268E-01 -1.653062593351E-05  1.460848780856E-02 -7.410535297932E-21 -3.410556444896E-21  1.161127899612E-19 -4.394608432744E-03
  1.560000000000E+02  1.580000000000E+02  1.557455253569E+01  3.118704643493E-14 -5.329259027569E-02  2.448833866103E+02  5.876978158847E-01  8.125157802465E-01 -4.573508543504E-01 -1.788320082716E-03 -7.758092854927E-01  3.324898010782E+00  1.999421340983E-02 -1.040432465191E-01  8.404903310903E-02 -6.912696471049E-02 -3.613217995648E-03 -3.269035499627E-06  4.026046580094E-07 -1.903458366026E-05  2.077373975814E-01  3.269035507220E-06  1.496407123230E-02  7.278636782693E-21 -3.035359523096E-21  1.028605858199E-19 -4.248587829941E-03
  1.600000000000E+02  1.620000000000E+02  1.562568188792E+01  3.058421195699E-14 -4.953075411189E-02  2.464612929715E+02  5.864771100502E-01  8.064070284493E-01 -4.557448624070E-01 -1.779282942963E-03 -7.209048008166E-01  3.291822015489E+00  1.931239003125E-02 -1.021452935731E-01  8.283290354184E-02 -6.677033342352E-02 -3.651713170793E-03 -1.380844472807E-05  5.599833165822E-07  6.844631108072E-07  2.022646883986E-01  1.380844471501E-05  1.539448254931E-02 -1.834782991248E-20 -6.018158025215E-21  9.643796536496E-20 -4.109504944417E-03
  1.640000000000E+02  1.660000000000E+02  1.567569172189E+01  2.920471763729E-14 -4.560358366243E-02  2.480092969832E+02  5.851743866197E-01  8.009886816120E-01 -4.541784277754E-01 -1.772395973421E-03 -6.631735776800E-01  3.260434016991E+00  1.866287761821E-02 -1.002485649764E-01  8.158568735770E-02 -6.473747310963E-02 -3.630934415250E-03 -7.772729411544E-06  9.696938498710E-07  4.999726573687E-06  1.977009426731E-01  7.772729404032E-06  1.540190771448E-02 -2.019693416891E-20  6.587781903843E-21  1.202709087959E-19 -3.986655694681E-03
  1.680000000000E+02  1.700000000000E+02  1.572453668346E+01  2.698095942268E-14 -4.177109160702E-02  2.495253550868E+02  5.838844171695E-01  7.962109194007E-01 -4.525305446112E-01 -1.777212778432E-03 -6.062804497975E-01  3.229942139919E+00  1.822645625972E-02 -9.857473278510E-02  8.034827652529E-02 -6.284935398480E-02 -3.582963835774E-03  1.415896617642E-05  1.142356355052E-06 -2.953174513993E-06  1.923526389682E-01 -1.415896619954E-05  1.530813840859E-02 -2.165673352661E-20 -9.545460708525E-21  1.023163594353E-19 -3.867193349145E-03
  1.720000000000E+02  1.740000000000E+02  1.577186464359E+01  2.591739930308E-14 -3.791544029732E-02  2.509976214613E+02  5.826219753008E-01  7.921205103372E-01 -4.509364980194E-01 -1.785745627046E-03 -5.486648910451E-01  3.201220879047E+00  1.786852449410E-02 -9.704705243452E-02  7.917852794082E-02 -6.093465203097E-02 -3.657587110693E-03  7.427297165668E-06  1.493567691952E-06 -1.088757042462E-05  1.878116134665E-01 -7.427297175990E-06  1.548524570734E-02 -3.214576782162E-20 -1.503611901463E-20  8.452120237450E-20 -3.755496501668E-03
  1.760000000000E+02  1.780000000000E+02  1.581844946529E+01  2.493057727852E-14 -3.406088480231E-02  2.524509617284E+02  5.813590191282E-01  7.882919706934E-01 -4.492678564113E-01 -1.817131928159E-03 -4.906616191630E-01  3.174926569629E+00  1.734475936836E-02 -9.553540152549E-02  7.819064215705E-02 -5.941680493658E-02 -3.730894847499E-03  1.112294398736E-06  1.982137163853E-06 -5.722068161490E-06  1.841367381752E-01 -1.112294431405E-06  1.518986266445E-02 -2.972330575541E-20  2.014276174297E-21  9.432863715197E-20 -3.662838167997E-03
  1.800000000000E+02  1.820000000000E+02  1.586397635997E+01  2.287235273864E-14 -3.035678810244E-02  2.538745460424E+02  5.800786257880E-01  7.844273590653E-01 -4.476720800992E-01 -1.858257724058E-03 -4.345035779491E-01  3.148060729770E+00  1.682887526513E-02 -9.396994942194E-02  7.714107415696E-02 -5.777427057329E-02 -3.426661787640E-03  7.383761384382E-06  1.123981881007E-06  4.456456665660E-06  1.805044094752E-01 -7.383761380958E-06  1.422434208400E-02 -2.446740336143E-20  2.574923553469E-22  1.020205230976E-19 -3.568829311503E-03
  1.840000000000E+02  1.860000000000E+02  1.590871596162E+01  2.102358767399E-14 -2.693104313730E-02  2.552760386199E+02  5.787673133517E-01  7.808665781215E-01 -4.459442733068E-01 -1.916064933952E-03 -3.825204575933E-01  3.120979646880E+00  1.631860731215E-02 -9.244483635949E-02  7.612622904740E-02 -5.641346684044E-02 -3.178290478977E-03  7.339254964617E-06 -5.157356769034E-07 -7.936342177828E-08  1.768675437479E-01 -7.339254985149E-06  1.314739068358E-02 -1.723803580281E-20 -6.984452438163E-22  7.915066484413E-20 -3.475507295896E-03
  1.880000000000E+02  1.900000000000E+02  1.595237854574E+01  1.941405485447E-14 -2.376165888716E-02  2.566468277403E+02  5.774457140828E-01  7.777694530287E-01 -4.443603673468E-01 -1.957097020837E-03 -3.342532074871E-01  3.095848453975E+00  1.597037744374E-02 -9.110482192190E-02  7.513444447853E-02 -5.488988363346E-02 -2.981842417772E-03 -2.766585618252E-06 -1.463091985986E-06 -6.426184920592E-06  1.735163950799E-01  2.766585620603E-06  1.178753049117E-02 -2.476597571218E-20 -1.338658367612E-20  9.217150681620E-20 -3.392334801293E-03
  1.920000000000E+02  1.940000000000E+02  1.599545624955E+01  1.759564224648E-14 -2.104539212181E-02  2.580019957491E+02  5.761091972207E-01  7.744292359139E-01 -4.425566820039E-01 -2.022263917213E-03 -2.933961363801E-01  3.066898587493E+00  1.550282534684E-02 -8.947777258821E-02  7.397494724137E-02 -5.363574870034E-02 -2.577195084008E-03 -6.577058043529E-06 -1.951384089384E-06 -2.962044781015E-06  1.704583340929E-01  6.577058038336E-06  1.080041927738E-02 -6.497748483374E-20 -1.852895086172E-21  8.389750193272E-20 -3.304853938975E-03
  1.960000000000E+02  1.980000000000E+02  1.603757504761E+01  1.623781910436E-14 -1.836478386224E-02  2.593310787931E+02  5.747550965567E-01  7.716453131904E-01 -4.409910077045E-01 -2.078507056391E-03 -2.528764752536E-01  3.043269836615E+00  1.512736461140E-02 -8.812406082504E-02  7.299669621308E-02 -5.217405136967E-02 -2.667160946961E-03  2.770997775227E-06 -1.653322036514E-06 -1.479381374644E-06  1.681816960343E-01 -2.770997795870E-06  1.028595669667E-02 -3.816170857674E-20 -6.748224738988E-21  8.706532644761E-20 -3.225435891188E-03
  2.000000000000E+02  2.020600000000E+02  1.607952428335E+01  1.492546176351E-14 -1.590328948538E-02  2.606580226786E+02  5.731890890415E-01  7.686078270083E-01 -4.391603183890E-01 -2.157148413720E-03 -2.156823202302E-01  3.022979515930E+00  1.411563236933E-02 -8.548693743085E-02  7.137130506110E-02 -5.130474858643E-02 -2.085393883909E-03  7.738766802343E-06 -9.352904433552E-07 -1.991496695425E-06  1.643434737037E-01 -7.738766837060E-06  9.222158074416E-03 -3.572256595176E-20 -1.374925963661E-20  1.071808686263E-19 -3.192574208097E-03
  2.041200000000E+02  2.062418000000E+02  1.612222644215E+01  1.327673416808E-14 -1.362406202388E-02  2.620124970200E+02  5.716321666656E-01  7.658806544072E-01 -4.374101227360E-01 -2.216678507999E-03 -1.813498010939E-01  3.005612886559E+00  1.291574890421E-02 -8.270825450822E-02  6.979250560402E-02 -5.081516120403E-02 -1.922875030988E-03  5.742250257089E-06 -1.254885923068E-06 -6.137750828507E-06  1.606931515131E-01 -5.742250243053E-06  8.787394031516E-03 -2.884221383201E-20 -1.046498297733E-20  8.652583602862E-20 -3.144501963638E-03
  2.083636000000E+02  2.105490540000E+02  1.616476342080E+01  1.206155372339E-14 -1.126050416522E-02  2.633643982006E+02  5.700776243203E-01  7.627113425205E-01 -4.354559239654E-01 -2.278095728298E-03 -1.456673196469E-01  2.985242515883E+00  1.177387745398E-02 -7.976090897405E-02  6.798703151929E-02 -4.981739053660E-02 -1.700713176746E-03  4.015471608078E-07 -2.086312073015E-06 -5.724210615804E-06  1.570645953336E-01 -4.015472630234E-07  8.488506854432E-03 -1.118705132950E-20 -6.758576334909E-21  6.776883047484E-20 -3.094657203024E-03
  2.127345080000E+02  2.149855256200E+02  1.620802796262E+01  1.038132644085E-14 -8.996999008982E-03  2.647439702466E+02  5.685495782310E-01  7.593849699333E-01 -4.335662115657E-01 -2.342648435577E-03 -1.110465869116E-01  2.967867491111E+00  1.066493250293E-02 -7.681990177415E-02  6.615496927122E-02 -4.921690899576E-02 -1.638923342265E-03 -6.664911954745E-07 -2.415755177608E-06  3.596997593136E-06  1.546297353728E-01  6.664912386351E-07  7.949269118303E-03 -2.948347359570E-20 -1.215930887213E-20  8.175949900497E-20 -3.053541895460E-03
  2.172365432400E+02  2.195550913886E+02  1.625177933562E+01  8.156615573934E-15 -6.762216227841E-03  2.661422525145E+02  5.670577247884E-01  7.558476835282E-01 -4.314732030425E-01 -2.413773969478E-03 -7.632720694228E-02  2.950046742626E+00  9.572241172523E-03 -7.382817155955E-02  6.425593038641E-02 -4.854974463551E-02 -1.533498784464E-03 -6.926586331213E-07 -2.274583249765E-06  2.113964041949E-06  1.523974277631E-01  6.926585984809E-07  8.169833589296E-03 -3.976174846503E-20 -6.989045820225E-21  6.049903881091E-20 -3.021950210412E-03
  2.218736395372E+02  2.242617441303E+02  1.629636994662E+01  7.311473764389E-15 -4.237166081799E-03  2.675720787254E+02  5.655895221100E-01  7.519888862343E-01 -4.294101461956E-01 -2.489371191865E-03 -3.634655810698E-02  2.933520654609E+00  8.531189742371E-03 -7.075988935397E-02  6.222869961147E-02 -4.816673357693E-02 -1.498690246466E-03  9.819420976929E-08 -2.286143089848E-06 -6.296900424824E-06  1.502735741078E-01 -9.819416376552E-08  8.477529151564E-03 -2.590434395730E-20  3.557528824064E-21  8.083664560065E-20 -2.996342850988E-03
  2.266498487233E+02  2.291095964542E+02  1.634149725779E+01  7.689819990266E-15 -1.715557937907E-03  2.690238437292E+02  5.642051293128E-01  7.473664938295E-01 -4.271932941485E-01 -2.536149227493E-03  3.776111236595E-03  2.915767172521E+00  7.400118205285E-03 -6.760985238522E-02  6.020973417985E-02 -4.762739494508E-02 -1.376000618663E-03 -5.916418144086E-06 -2.385014350007E-06 -4.637667140769E-06  1.467026601894E-01  5.916418113821E-06  7.802515326428E-03 -1.118872734866E-20 -7.178643723700E-21  7.055358127967E-20 -2.940348335076E-03
  2.315693441850E+02  2.341028843478E+02  1.638657181715E+01  8.227256549642E-15  5.475140541998E-04  2.704785884630E+02  5.628464540237E-01  7.427438734816E-01 -4.249765126079E-01 -2.633882554412E-03  4.019646392880E-02  2.897709610884E+00  6.175792536259E-03 -6.446595464955E-02  5.829016211352E-02 -4.656014305331E-02 -1.156418250294E-03  9.264016003685E-07 -2.177682616230E-06  3.480887562350E-06  1.426172663696E-01 -9.264015769185E-07  6.509303770464E-03 -2.282660091971E-20 -8.325558085821E-21  7.795313522383E-20 -2.885435414707E-03
  2.366364245106E+02  2.392459708782E+02  1.643184127392E+01  8.899193592686E-15  2.421238795887E-03  2.719431934760E+02  5.613679472694E-01  7.374216340187E-01 -4.226151546797E-01 -2.698369838112E-03  7.062018580013E-02  2.879268709856E+00  5.017403547058E-03 -6.117570771598E-02  5.615830416925E-02 -4.580905021356E-02 -8.309612835088E-04 -1.216818132268E-06 -2.398241047552E-06  4.259622842377E-06  1.390331843930E-01  1.216818138742E-06  6.125015571943E-03 -9.298615040942E-21 -1.826087491693E-20  5.232183278162E-20 -2.840615994682E-03
  2.418555172459E+02  2.445433500046E+02  1.647729191012E+01  9.845074697608E-15  4.542106832963E-03  2.734176705214E+02  5.596575516678E-01  7.321923669342E-01 -4.201939593416E-01 -2.747166453657E-03  1.050547409359E-01  2.863606761053E+00  3.754705569436E-03 -5.789067193339E-02  5.413596636397E-02 -4.501191079501E-02 -8.946632259475E-04 -1.509176844429E-06 -2.821521144083E-06  1.110099796206E-06  1.356581296772E-01  1.509176873233E-06  6.860294985216E-03 -2.284102238472E-20 -1.473947071945E-20  6.751585654494E-20 -2.792957264180E-03
  2.472311827633E+02  2.499996505047E+02  1.652299187273E+01  1.111941976574E-14  7.000634412858E-03  2.749034076733E+02  5.577249862387E-01  7.272002007779E-01 -4.176642586528E-01 -2.757379505375E-03  1.450104816507E-01  2.851619484752E+00  2.603316252880E-03 -5.472320073466E-02  5.211988448182E-02 -4.444165228979E-02 -1.062985037976E-03 -5.676052989025E-07 -2.451540898527E-06  4.832272626920E-06  1.324217266037E-01  5.676052972641E-07  6.539598951208E-03 -2.608303801996E-20 -3.725774681442E-21  5.713504210063E-20 -2.757660917068E-03
  2.527681182462E+02  2.556196400198E+02  1.656895304023E+01  1.242406467058E-14  9.050645698566E-03  2.764021328163E+02  5.556668062392E-01  7.223933951292E-01 -4.149909070970E-01 -2.837311559432E-03  1.784583207060E-01  2.839013597981E+00  1.446829768771E-03 -5.135724197124E-02  4.991041220271E-02 -4.384263995443E-02 -7.422873960780E-04  4.767830573805E-06 -1.907140023541E-06  5.941904462335E-06  1.293595074888E-01 -4.767830539366E-06  5.113567862489E-03 -4.414655709840E-21 -1.030119914630E-20  6.065585337788E-20 -2.722513407489E-03
  2.584711617935E+02  2.614082292204E+02  1.661524013484E+01  1.328041452850E-14  1.063855621268E-02  2.779153010341E+02  5.535740526210E-01  7.176726506873E-01 -4.122884162222E-01 -2.834184494354E-03  2.037966281669E-01  2.826062555782E+00  1.947652721135E-04 -4.793677633261E-02  4.774201106013E-02 -4.325533794650E-02 -4.838727430576E-04  2.337786698287E-06 -2.496402162250E-06  1.335240426969E-06  1.270287870424E-01 -2.337786703008E-06  3.860130370209E-03 -1.944460699290E-20 -8.281956469338E-21  6.126970109050E-20 -2.690843789180E-03
  2.643452966473E+02  2.673704760971E+02  1.666224291381E+01  1.352901341303E-14  1.187528909432E-02  2.794572120577E+02  5.513762977272E-01  7.129226178111E-01 -4.093742661785E-01 -2.892179896048E-03  2.233715996863E-01  2.816797119054E+00 -9.698054932917E-04 -4.462618256120E-02  4.559598805390E-02 -4.279698510171E-02 -4.863937918951E-04 -5.860615704953E-07 -3.480906567806E-06  4.693115332387E-06  1.246884301573E-01  5.860615845021E-07  3.440181990947E-03 -4.401854477718E-21 -1.515016052639E-21  4.665085092607E-20 -2.654274615405E-03
  2.703956555468E+02  2.735115903800E+02  1.670953736499E+01  1.319146542579E-14  1.324544625467E-02  2.810136367879E+02  5.490525041570E-01  7.087103150886E-01 -4.064471474460E-01 -2.879479170944E-03  2.453981882661E-01  2.805357441575E+00 -2.063502608712E-03 -4.112799214567E-02  4.319149475378E-02 -4.216345223944E-02 -5.122766657682E-04 -2.278700330662E-07 -3.742223302700E-06  4.190456210550E-06  1.213226451812E-01  2.278700287166E-07  2.989702989468E-03 -1.197170162894E-20 -1.320888931357E-20  3.980667751659E-20 -2.610330686258E-03
  2.766275252132E+02  2.798369380914E+02  1.675675060714E+01  1.257552091974E-14  1.420414223460E-02  2.825728595105E+02  5.465247912556E-01  7.061381636426E-01 -4.033326490215E-01 -2.915021223208E-03  2.613855333204E-01  2.794396584458E+00 -3.020922452340E-03 -3.756862695549E-02  4.058954940785E-02 -4.144443493267E-02 -2.150121440770E-04  1.497503076937E-06 -3.465764725803E-06  3.847803736245E-06  1.178829157753E-01 -1.497503080998E-06  2.516391407129E-03 -1.019780055778E-20 -2.653648642702E-20  3.559383774049E-20 -2.575104974086E-03
  2.830463509696E+02  2.863520462341E+02  1.680413455338E+01  1.164572778489E-14  1.526216108497E-02  2.841424369655E+02  5.438370620389E-01  7.038617670481E-01 -4.001489054404E-01 -2.856861974276E-03  2.794380526232E-01  2.790003917973E+00 -4.298232268698E-03 -3.406778014755E-02  3.836601241609E-02 -4.092848556197E-02 -3.231634019365E-04  2.765261290179E-06 -3.008810635993E-06  4.841147784717E-06  1.140736639668E-01 -2.765261296548E-06  2.261459347134E-03 -7.262328608998E-22 -1.760966623424E-20  3.147059550994E-20 -2.530847167353E-03
  2.896577414987E+02  2.930626076211E+02  1.685102569105E+01  1.038336488549E-14  1.608376545464E-02  2.857006158853E+02  5.410617032314E-01  7.012629401622E-01 -3.967427765428E-01 -2.902279657910E-03  2.936295093493E-01  2.786790924344E+00 -5.561997929538E-03 -3.072204612552E-02  3.628404405488E-02 -4.003615495789E-02 -1.440216079692E-04  8.099555730161E-07 -2.409459282459E-06  1.688094004643E-06  1.107013188052E-01 -8.099555906927E-07  2.388703726574E-03 -7.392076702647E-21 -7.786474266699E-21  2.410776584103E-20 -2.485889348393E-03
  2.964674737436E+02  2.999744858498E+02  1.689833843352E+01  9.797018809636E-15  1.732160122872E-02  2.872759872279E+02  5.381481444269E-01  6.979071712509E-01 -3.932724621377E-01 -2.778436125890E-03  3.160141040262E-01  2.782954904726E+00 -6.663052001634E-03 -2.738616424603E-02  3.404921624810E-02 -3.956272685898E-02 -2.942750883036E-04 -1.102364290843E-06 -1.497357450621E-06  5.028953506749E-06  1.079578474442E-01  1.102364267698E-06  2.464259496355E-03 -2.153469831969E-21 -1.146154171628E-20  2.137175334660E-20 -2.445831020705E-03
  3.034814979559E+02  3.070937204253E+02  1.694564067441E+01  1.026829605140E-14  1.828587662215E-02  2.888566062492E+02  5.349787064355E-01  6.940745635771E-01 -3.896622232445E-01 -2.771511600014E-03  3.344823347410E-01  2.781930397207E+00 -7.581998926252E-03 -2.405436289486E-02  3.163636182066E-02 -3.876755468634E-02  1.601961985140E-05  2.380636153148E-06 -2.305513531173E-07  4.477183990483E-06  1.056120944866E-01 -2.380636159566E-06  2.315660235849E-03 -2.752125202792E-20 -1.770141905718E-20  2.021057451499E-20 -2.410942582441E-03
  3.107059428946E+02  3.144265320380E+02  1.699368803130E+01  1.121233126599E-14  1.943530082341E-02  2.904663111183E+02  5.314867490596E-01  6.898821641671E-01 -3.859184547626E-01 -2.672620581031E-03  3.564259592966E-01  2.781936903816E+00 -8.702006651749E-03 -2.055479459451E-02  2.925680124648E-02 -3.841330114694E-02  1.442644408075E-04  2.433354168853E-06  2.933035670040E-07  4.696277659391E-07  1.031928079072E-01 -2.433354170678E-06  1.993897823247E-03 -1.675635988473E-22 -1.284989707276E-20  1.867311151438E-20 -2.382200190701E-03
  3.181471211814E+02  3.219793279992E+02  1.704161357826E+01  1.217773422611E-14  2.013681366779E-02  2.920772872179E+02  5.278308659502E-01  6.864063873534E-01 -3.820310184105E-01 -2.619931620703E-03  3.708457373232E-01  2.786327476736E+00 -9.781533631904E-03 -1.698625059039E-02  2.676778422201E-02 -3.780329297643E-02  3.453501155913E-04 -1.075301954190E-06 -8.724858684416E-08  2.079553389794E-06  1.012905009999E-01  1.075301946279E-06  6.854935688555E-04  1.006542728333E-21 -2.005035040077E-21  3.175700994474E-21 -2.359905896516E-03
  3.258115348169E+02  3.297587078391E+02  1.709072987748E+01  1.216221105308E-14  2.008627424484E-02  2.937345643504E+02  5.240066796411E-01  6.832272642440E-01 -3.779726432068E-01 -2.622502974515E-03  3.723256579952E-01  2.793220907055E+00 -1.084819637321E-02 -1.348404712321E-02  2.433224349686E-02 -3.773391704204E-02  6.063069198087E-04  1.467849101243E-07 -4.072909537418E-07  2.743984404649E-06  9.982187255210E-02 -1.467849132228E-07 -1.609016032007E-04 -1.487826290348E-20 -1.426496590645E-20  2.169101953444E-21 -2.346983511234E-03
  3.337058808614E+02  3.377714690743E+02  1.714012752824E+01  1.179878764135E-14  1.998325925463E-02  2.954056540461E+02  5.199128939522E-01  6.786222309616E-01 -3.737591886220E-01 -2.474733398344E-03  3.733894227397E-01  2.802646121398E+00 -1.187612607693E-02 -1.023435526735E-02  2.211048134454E-02 -3.734776490185E-02  5.501350222107E-04  9.555503021082E-07 -1.077164528102E-06  2.580572183364E-06  9.721958193516E-02 -9.555503042432E-07 -7.134879735097E-04  5.378291898107E-21 -1.781726618560E-20  5.553072967849E-21 -2.323620192743E-03
  3.418370572872E+02  3.460246131465E+02  1.718955375278E+01  1.259087510178E-14  1.937274066177E-02  2.970813890603E+02  5.156090946884E-01  6.738938003606E-01 -3.694034367429E-01 -2.498914465799E-03  3.658050860363E-01  2.811307730077E+00 -1.291795114407E-02 -7.007327834028E-03  1.992527897809E-02 -3.702475715135E-02  6.977650072257E-04 -1.431346140873E-06 -1.691316880613E-06  8.612440501817E-07  9.550154652995E-02  1.431346139875E-06 -1.608711104191E-03 -1.520560686976E-20 -4.257755323545E-21  1.774708500666E-20 -2.313474199093E-03
  3.502121690058E+02  3.545253515409E+02  1.724012132726E+01  1.379043638542E-14  1.829640296729E-02  2.987994104001E+02  5.109441092436E-01  6.687824836267E-01 -3.648727266107E-01 -2.347715509037E-03  3.504285488804E-01  2.823273462473E+00 -1.378934001507E-02 -3.791157460253E-03  1.758049747560E-02 -3.703835538548E-02  1.082248699500E-03  5.366162836960E-08 -1.632141041675E-06  2.724980447280E-07  9.436138026875E-02 -5.366162653898E-08 -1.864538263010E-03 -1.152275443565E-20 -9.648874086149E-21 -2.692571051564E-21 -2.310218620089E-03
  3.588385340760E+02  3.632811120872E+02  1.729131377382E+01  1.454189676661E-14  1.734614353712E-02  3.005437709539E+02  5.058051663027E-01  6.637379177627E-01 -3.602570149454E-01 -2.308256027495E-03  3.359957324753E-01  2.834135610638E+00 -1.455513301831E-02 -5.118633476497E-04  1.506699636593E-02 -3.686767054566E-02  1.050797216352E-03 -2.565326755985E-06 -1.233772680604E-06 -1.319466978350E-06  9.360154009842E-02  2.565326739370E-06 -1.347386958059E-03 -1.472238238501E-20 -3.107289730604E-21 -2.621369068896E-20 -2.306970582044E-03
  3.677236900983E+02  3.722995454498E+02  1.734408617005E+01  1.508112500622E-14  1.677732342726E-02  3.023440156482E+02  5.000873156481E-01  6.577335279720E-01 -3.553618028463E-01 -2.185509873307E-03  3.272572372033E-01  2.852004187269E+00 -1.549517062693E-02  2.585515593087E-03  1.290965503432E-02 -3.690038039804E-02  9.194907970516E-04 -2.011030965738E-07 -4.432236419727E-07 -3.491433843837E-06  9.168129552035E-02  2.011031022116E-07 -1.429554397564E-03 -5.106490315696E-21 -1.588899400179E-20 -1.159513899281E-20 -2.293073834151E-03
  3.768754008012E+02  3.815885318133E+02  1.739621134503E+01  1.562083289687E-14  1.568735903669E-02  3.041266710886E+02  4.940661963675E-01  6.515717570523E-01 -3.503870514980E-01 -2.140252061296E-03  3.099399765556E-01  2.872737720326E+00 -1.631720044454E-02  5.680207372971E-03  1.063699307145E-02 -3.656928168426E-02  1.196721062130E-03 -4.822749675630E-07 -1.261079779222E-08 -5.467186618284E-06  9.086636016998E-02  4.822749643167E-07 -1.665679233019E-03 -9.291770297837E-21 -1.488893003079E-20 -4.323978369536E-20 -2.303711049948E-03
  3.863016628253E+02  3.911561877677E+02  1.745116330962E+01  1.537389370902E-14  1.480218084727E-02  3.060124514438E+02  4.879484222237E-01  6.443804030394E-01 -3.450072414855E-01 -2.021668937916E-03  2.955590476198E-01  2.893134200154E+00 -1.709728920721E-02  8.647191429275E-03  8.450097777721E-03 -3.709849986384E-02  1.183161186929E-03 -2.444776266595E-06 -1.523272382651E-07 -7.527571930831E-06  9.078781237648E-02  2.444776256070E-06 -2.422159100869E-03 -1.596946935573E-20 -1.184163018720E-20 -4.483780785415E-20 -2.315762261148E-03
  3.960107127100E+02  4.010108734007E+02  1.750638862620E+01  1.494977983999E-14  1.274573404228E-02  3.079140302396E+02  4.815805246168E-01  6.357631459032E-01 -3.397483814187E-01 -2.071776509310E-03  2.609873726498E-01  2.921481388771E+00 -1.777403931475E-02  1.168644067585E-02  6.087598639333E-03 -3.709106507103E-02  1.736970555386E-03 -2.988851001512E-06 -4.435367247531E-08 -7.080864858605E-06  8.953501345390E-02  2.988850984172E-06 -5.233593774451E-03  8.635134631212E-21 -4.196234352178E-21 -2.734141002979E-20 -2.327463853014E-03
  4.060110340913E+02  4.111611996027E+02  1.756307079666E+01  1.615884148131E-14  8.255784672055E-03  3.098733515139E+02  4.749283560157E-01  6.276324332994E-01 -3.339899551461E-01 -1.790879958323E-03  1.814457509947E-01  2.948329469660E+00 -1.847815345698E-02  1.441075825887E-02  4.067395198252E-03 -3.725435098238E-02  2.478867807297E-03 -1.455345205837E-06  9.814943083354E-08 -3.734967789814E-06  8.756745886117E-02  1.455345226885E-06 -8.034634322867E-03  1.025304764761E-20 -8.737357248719E-21 -1.885383006415E-20 -2.306314769020E-03
  4.163113651141E+02  4.216160355908E+02  1.761911810924E+01  1.811221109436E-14  2.393560830291E-03  3.118211124500E+02  4.680455738524E-01  6.181674089735E-01 -3.283730078462E-01 -1.870005858708E-03  7.549775187321E-02  2.982782064208E+00 -1.930177827595E-02  1.716994710300E-02  2.131831173312E-03 -3.660692350746E-02  3.157993705102E-03  4.358601192474E-07  1.620334160918E-07 -3.589005512142E-06  8.603541271537E-02 -4.358601070690E-07 -9.376875289256E-03 -2.334424585482E-21 -1.362366079210E-20 -3.828284403932E-20 -2.294789037780E-03
  4.269207060675E+02  4.323845166585E+02  1.767716186823E+01  1.927929719805E-14 -4.167377136482E-03  3.138450785682E+02  4.609672587307E-01  6.081609341604E-01 -3.222541731630E-01 -1.658529136807E-03 -4.231620165255E-02  3.016989026255E+00 -1.995316499720E-02  1.989205768008E-02  6.110731697548E-05 -3.689983463025E-02  3.374449408065E-03 -6.792441452487E-08  4.265977282360E-07 -9.145832280946E-07  8.479710058031E-02  6.792442683368E-08 -1.034842965543E-02  1.163888527982E-20 -1.829920620717E-20 -3.024532329024E-20 -2.292673558845E-03
  4.378483272495E+02  4.434760521583E+02  1.773494810364E+01  2.038769406481E-14 -1.171754153144E-02  3.158656366656E+02  4.538231764374E-01  5.959798541482E-01 -3.161099725436E-01 -1.542880405988E-03 -1.778424064536E-01  3.053132688701E+00 -2.090745291330E-02  2.251953896785E-02 -1.612086054079E-03 -3.649622931952E-02  3.788743374881E-03  1.665423148006E-06  6.633095489976E-07 -2.295272745412E-06  8.378979840105E-02 -1.665423160927E-06 -1.066850960153E-02  5.220307626301E-21  3.332296374003E-21 -4.505542071556E-20 -2.290401430815E-03
  4.491037770670E+02  4.549003337230E+02  1.779504589060E+01  2.209015023853E-14 -1.916080162772E-02  3.179719280008E+02  4.467154777806E-01  5.861995600395E-01 -3.094911252289E-01 -1.360442102913E-03 -3.143159418201E-01  3.095407136115E+00 -2.141465222797E-02  2.521070110052E-02 -3.796048872934E-03 -3.696595803879E-02  3.899418303534E-03  2.096956623421E-06  6.328415170232E-07 -5.176151750748E-06  8.495903553226E-02 -2.096956601257E-06 -1.047967099157E-02  3.764434682560E-21 -2.661381197721E-21 -5.633988601126E-20 -2.340837511757E-03
  4.606968903790E+02  4.666673437347E+02  1.785807965583E+01  2.288149212927E-14 -2.690631343750E-02  3.201865860795E+02  4.394901628096E-01  5.768514280978E-01 -3.029032152144E-01 -1.234458919525E-03 -4.569884930656E-01  3.137292532604E+00 -2.183983411906E-02  2.757371767675E-02 -5.733883557515E-03 -3.812005273029E-02  3.810202020068E-03  4.826850106553E-07  1.819505913557E-07 -4.077509543214E-06  8.679278704557E-02 -4.826850053415E-07 -9.308534335055E-03  1.956863771737E-20  6.528369101682E-21 -3.217388807337E-20 -2.420709840888E-03
  4.726377970904E+02  4.787873640468E+02  1.792462608083E+01  2.178136273775E-14 -3.304910780122E-02  3.225362909940E+02  4.322920964289E-01  5.699919157461E-01 -2.959644622986E-01 -1.064198956020E-03 -5.720047725947E-01  3.182963024450E+00 -2.228014860677E-02  2.989321758975E-02 -7.613068983300E-03 -3.917255962481E-02  3.138373269494E-03  7.769160110231E-07 -3.518018861741E-07 -2.983491335610E-06  8.745887978509E-02 -7.769160147345E-07 -8.241809870368E-03  1.857392227356E-20 -9.078232589575E-21 -5.177284173163E-20 -2.464194908267E-03
  4.849369310031E+02  4.912709849682E+02  1.799254947252E+01  1.864370058798E-14 -3.954471932821E-02  3.249446109343E+02  4.249640570481E-01  5.641829446657E-01 -2.889313971979E-01 -9.893020000458E-04 -6.921284140061E-01  3.235366483176E+00 -2.260519487647E-02  3.231301938830E-02 -9.707824511889E-03 -3.976424757869E-02  3.156348491682E-03  4.423747882663E-07 -7.948690492262E-08 -6.251973561236E-06  8.803006616404E-02 -4.423748163448E-07 -7.518269663267E-03 -2.151127695779E-22 -1.508727460856E-20 -4.634731598075E-20 -2.521154080680E-03
  4.976050389332E+02  5.041291145172E+02  1.806401991291E+01  1.307371196256E-14 -4.494766051990E-02  3.274899921518E+02  4.174135474877E-01  5.585762746224E-01 -2.814818397045E-01 -7.215476114005E-04 -7.941977549522E-01  3.292870846860E+00 -2.323372033674E-02  3.469324625316E-02 -1.145952591616E-02 -4.079027405808E-02  2.743155358108E-03  1.825132472268E-06  3.395722355930E-07 -6.623515120839E-06  8.758614567397E-02 -1.825132479896E-06 -6.651068525633E-03  1.177703872661E-20 -4.072212190208E-21 -3.664312140068E-20 -2.552858080643E-03
  5.106531901012E+02  5.173729879527E+02  1.813540362821E+01  8.803361034940E-15 -5.041613951911E-02  3.300373031926E+02  4.098368914900E-01  5.518055829505E-01 -2.742117808898E-01 -6.969785642522E-04 -8.991891300438E-01  3.345042299417E+00 -2.342213130161E-02  3.650758753152E-02 -1.308545622975E-02 -4.095777533727E-02  2.675638163020E-03  2.478960374282E-07  2.981982417653E-07 -7.070492190042E-06  8.762131428659E-02 -2.478960611322E-07 -6.320861220025E-03  6.680279798595E-21 -1.111958751426E-20 -4.464791428084E-20 -2.599356231385E-03
  5.240927858042E+02  5.310141775913E+02  1.821121351435E+01  7.258862058888E-15 -5.558745377519E-02  3.327513008669E+02  4.020931817969E-01  5.419841020324E-01 -2.663929029285E-01 -3.915087334155E-04 -1.000943173330E+00  3.401333014511E+00 -2.342727248304E-02  3.820050547212E-02 -1.477323298884E-02 -4.236547377538E-02  2.084078936389E-03  5.826716336442E-08  5.664182077127E-08 -7.191057682157E-06  8.839335332179E-02 -5.826717571752E-08 -6.114378747720E-03  1.091412201221E-20 -1.031873023691E-20 -6.031266794066E-20 -2.658141245321E-03
  5.379355693784E+02  5.450646029190E+02  1.828833660458E+01  5.772565440700E-15 -6.100161294526E-02  3.355295875781E+02  3.939182456418E-01  5.315843432898E-01 -2.586753793982E-01 -4.351383068341E-04 -1.106912256681E+00  3.470625303170E+00 -2.352055515259E-02  3.986094337531E-02 -1.634038822254E-02 -4.267352964450E-02  2.155060193544E-03 -1.381083231665E-06 -6.444143337912E-07 -2.980486778118E-06  8.802419795022E-02  1.381083217526E-06 -5.746643516532E-03  2.550094416507E-20 -1.433605455966E-20 -4.203586796688E-20 -2.686573173634E-03
  5.521936364597E+02  5.595365410066E+02  1.836808009047E+01  3.689094602716E-15 -6.582525497746E-02  3.384155105653E+02  3.851952271578E-01  5.193073365376E-01 -2.506054433124E-01 -1.513256521152E-04 -1.204166565700E+00  3.532157014975E+00 -2.364086453638E-02  4.147079030163E-02 -1.782992576531E-02 -4.335019491066E-02  2.005755959715E-03 -3.683805515799E-06 -1.062737421159E-06  1.380422822197E-07  8.700563018477E-02  3.683805515082E-06 -6.359974666998E-03  4.251859504807E-21 -8.167173178063E-21 -5.613705532175E-20 -2.718165217005E-03
  5.668794455535E+02  5.743794455535E+02  1.844805914497E+01  1.760833323045E-15 -7.268038692652E-02  3.413221441821E+02  3.766344175306E-01  5.078264624162E-01 -2.422466907818E-01 -1.597778417288E-04 -1.337888028172E+00  3.557799612083E+00 -2.355865539021E-02  4.247318748815E-02 -1.891453209733E-02 -4.341746218237E-02  2.671222184211E-03 -2.711736219569E-06 -8.941980103634E-07  2.290007650788E-07  8.575903769834E-02  2.711736198670E-06 -7.037607392319E-03  3.051906099546E-21 -1.325590113200E-20 -5.018184278173E-20 -2.723687616835E-03
  5.818794455535E+02  5.893794455535E+02  1.852888985701E+01  7.330140906874E-16 -7.902442050694E-02  3.442770511549E+02  3.691124388806E-01  5.007193829357E-01 -2.340886343098E-01  1.150948611359E-04 -1.460626086637E+00  3.502597249532E+00 -2.267353124297E-02  4.106539599542E-02 -1.839186475240E-02 -4.312573447800E-02  2.343346863431E-03 -2.790082657365E-06 -1.944345280358E-06  4.423664096353E-07  8.500994138824E-02  2.790082653749E-06 -6.668133979386E-03  9.809363069232E-21 -8.035460693435E-21 -4.228577147252E-20 -2.670521436467E-03
  5.968794455535E+02  6.043794455535E+02  1.860747235204E+01  7.765297538785E-16 -8.518078105063E-02  3.471603720960E+02  3.619801961225E-01  4.862902249416E-01 -2.257046165872E-01  1.306776290934E-04 -1.582756009426E+00  3.438139251454E+00 -2.217381986320E-02  3.981897424568E-02 -1.764515438199E-02 -4.195314647160E-02  2.237441279329E-03 -3.117580797948E-06 -3.066000430044E-06  5.170601077394E-07  8.236294765146E-02  3.117580786886E-06 -6.493397724322E-03  8.469247923570E-21 -8.130326625669E-21 -4.401706492942E-20 -2.553556902803E-03
  6.118794455535E+02  6.193794455535E+02  1.868331820767E+01  2.715408193438E-16 -9.120464833010E-02  3.499562059822E+02  3.547522187631E-01  4.738149068947E-01 -2.174220593843E-01  3.315715321053E-04 -1.701785445510E+00  3.371984317314E+00 -2.182098559095E-02  3.874311572137E-02 -1.692213013019E-02 -3.972911990370E-02  1.962615792250E-03 -1.481427446429E-06 -2.728732657124E-06  4.028972852631E-06  7.924328025611E-02  1.481427453060E-06 -5.237518275275E-03  1.450274944350E-21 -1.796531150847E-21 -5.773469767311E-20 -2.418286680851E-03
  6.268794455535E+02  6.343794455535E+02  1.875601436086E+01 -4.420937357516E-16 -9.501393901226E-02  3.526445311638E+02  3.471980150814E-01  4.591438450747E-01 -2.090936164449E-01  3.316325483982E-04 -1.781010830031E+00  3.317172184258E+00 -2.122480627549E-02  3.770015673844E-02 -1.647535046298E-02 -3.767484524122E-02  1.296925699493E-03  3.472087168102E-07 -2.490339307619E-06  2.627654157219E-06  7.745620043201E-02 -3.472087107491E-07 -3.588809799560E-03  1.494878232563E-20 -2.498549659758E-21 -4.099950826374E-20 -2.319301915982E-03
  6.418794455535E+02  6.493794455535E+02  1.882852267642E+01 -1.947870937174E-16 -9.794086097479E-02  3.553354726785E+02  3.391799315883E-01  4.470600762669E-01 -2.007603193155E-01  5.956083239712E-04 -1.844120320518E+00  3.260920380287E+00 -2.085020874031E-02  3.643982285410E-02 -1.558961411374E-02 -3.670014543123E-02  9.845822894955E-04  1.478789384088E-06 -2.336189129906E-06  2.305375497114E-06  7.672740365004E-02 -1.478789377901E-06 -2.095684159947E-03  1.484445558391E-20 -6.652242504950E-21 -3.740036370772E-20 -2.265329462682E-03
  6.568794455535E+02  6.643794455535E+02  1.889989407355E+01 -2.915227376628E-16 -9.893187769131E-02  3.579949197361E+02  3.304833912244E-01  4.326207673057E-01 -1.924043604214E-01  6.222909628143E-04 -1.868684919778E+00  3.212866431854E+00 -2.049394178020E-02  3.563484092631E-02 -1.514089914608E-02 -3.560873454767E-02  7.574267173967E-04  3.511130607775E-06 -1.910502937496E-06  5.238806943979E-07  7.458282860011E-02 -3.511130615405E-06 -2.410746330185E-03  5.305936748142E-21 -5.927596324255E-21 -4.220706081616E-20 -2.175844191041E-03
  6.718794455535E+02  6.793794455535E+02  1.896837783604E+01 -1.117366579759E-15 -1.024472115829E-01  3.605552570814E+02  3.215419445247E-01  4.197699024203E-01 -1.840446046796E-01  7.611973021678E-04 -1.940471553076E+00  3.151598999707E+00 -1.981450613873E-02  3.440484915208E-02 -1.459034301321E-02 -3.389569423401E-02  1.293747123740E-03  1.485141332792E-06 -1.560655687643E-06 -6.273110009522E-08  7.234878110799E-02 -1.485141336222E-06 -2.754793186470E-03  3.680425338589E-21 -5.616504772216E-21 -3.529256120570E-20 -2.077628503937E-03
  6.868794455535E+02  6.943794455535E+02  1.903553198857E+01 -1.179344743969E-15 -1.041091040607E-01  3.630738386870E+02  3.119578537556E-01  4.045873498453E-01 -1.754948569609E-01  6.471922742975E-04 -1.976933856294E+00  3.098085178672E+00 -1.937219131565E-02  3.356145762284E-02 -1.418926630724E-02 -3.277705260347E-02  8.678183428336E-04  2.463282883722E-07 -1.683063797668E-06  1.914758986544E-06  7.080509850851E-02 -2.463282876665E-07 -2.975985982929E-03  6.017995014390E-21  2.323850980713E-21 -5.219250900168E-20 -2.015949515049E-03
  7.018794455535E+02  7.093794455535E+02  1.910111830658E+01  4.701265057227E-16 -1.080375389489E-01  3.655470753498E+02  3.019305539755E-01  3.914131425573E-01 -1.669327429920E-01  7.366757589494E-04 -2.056088691096E+00  3.042064074627E+00 -1.885274167013E-02  3.260795471312E-02 -1.375521304306E-02 -3.164993180151E-02  1.384422740708E-03 -8.331909970653E-07 -1.486224048817E-06  9.403128905632E-08  6.880981140037E-02  8.331910207159E-07 -4.159866291330E-03 -8.692487715423E-21 -7.645322457470E-21 -4.933123824014E-20 -1.929837040472E-03
  7.168794455535E+02  7.243794455535E+02  1.916453683084E+01  1.691806236481E-15 -1.118920225586E-01  3.679460412423E+02  2.918233159892E-01  3.761268945326E-01 -1.582726740926E-01  4.988301130763E-04 -2.134827136842E+00  2.979590198635E+00 -1.813591833157E-02  3.167873068492E-02 -1.354281235342E-02 -3.021919067179E-02  1.013974484075E-03 -5.139872836361E-07 -1.418437563571E-06 -1.089589491587E-06  6.686562576853E-02  5.139872827338E-07 -5.372521775618E-03  1.838113099707E-20 -1.234632198625E-20 -3.866937120050E-20 -1.863832977178E-03
  7.318794455535E+02  7.393794455535E+02  1.922649152988E+01  1.935401555093E-15 -1.180885760685E-01  3.702981438711E+02  2.815650970996E-01  3.607230062497E-01 -1.497299050047E-01  5.639348508419E-04 -2.258165051658E+00  2.925497417626E+00 -1.757802948280E-02  3.056414484960E-02 -1.298611536686E-02 -2.927546757161E-02  1.685502537259E-03 -1.427769434692E-06 -1.792961996695E-06  6.167783261457E-07  6.478393938010E-02  1.427769431903E-06 -5.102285735384E-03  6.825090135662E-21 -1.006401630007E-20 -3.564732055986E-20 -1.783164241980E-03
  7.468794455535E+02  7.543794455535E+02  1.928601608189E+01  1.716679054045E-15 -1.214451610687E-01  3.725638105909E+02  2.710823450864E-01  3.424773952081E-01 -1.409712689593E-01  4.577958278589E-04 -2.326893569997E+00  2.861622069905E+00 -1.722726409905E-02  2.939079984621E-02 -1.216353574724E-02 -2.762285692538E-02  8.240353648262E-04 -2.133153335141E-06 -1.017496823767E-06  5.112699675139E-08  6.058719076709E-02  2.133153329149E-06 -3.091911682878E-03  8.875363395238E-21 -5.080123027586E-21 -4.202780970206E-20 -1.652835999104E-03
  7.618794455535E+02  7.693794455535E+02  1.934010462726E+01  7.088171647575E-16 -1.238987938947E-01  3.746264969228E+02  2.603182665259E-01  3.241719507492E-01 -1.323782562060E-01  5.294483877279E-04 -2.379127458710E+00  2.800664605229E+00 -1.687116405662E-02  2.870812327253E-02 -1.183695921590E-02 -2.530193575993E-02  4.486308724509E-04 -1.959029453874E-06  6.561953439548E-08 -1.273596281834E-07  5.682575758802E-02  1.959029462109E-06 -1.782837095046E-03 -2.914640670735E-21 -4.149728198752E-21 -3.301489493865E-20 -1.532609809455E-03
  7.768794455535E+02  7.843794455535E+02  1.939257663052E+01 -3.591897287415E-16 -1.248272419430E-01  3.766343243451E+02  2.495488330068E-01  3.093938416061E-01 -1.234202336094E-01  4.494940114294E-04 -2.402000363617E+00  2.733191958922E+00 -1.633649959247E-02  2.751816236469E-02 -1.118166277235E-02 -2.350164383436E-02 -6.364477264577E-05  2.641887849983E-07  3.729016218340E-07 -2.110139995190E-06  5.322008454177E-02 -2.641887868489E-07 -5.105938457902E-04  7.362394842138E-22 -7.805649891483E-21 -3.537958329573E-20 -1.397855434397E-03
  7.918794455535E+02  7.993794455535E+02  1.943989968504E+01 -1.715621243160E-15 -1.248751052453E-01  3.784493518620E+02  2.385307086716E-01  2.970789986166E-01 -1.148587222739E-01  4.046986308822E-04 -2.408392922659E+00  2.669758584196E+00 -1.565717103610E-02  2.651341782362E-02 -1.085624678744E-02 -2.137940276318E-02 -3.232782159004E-04 -7.712046116698E-07  3.664253021749E-07 -2.664218913172E-06  4.927032311779E-02  7.712045889000E-07 -7.421124299440E-04  9.169687106230E-22 -2.150085776491E-21 -5.133268747212E-20 -1.294848447321E-03
  8.068794455535E+02  8.143794455535E+02  1.948495857752E+01 -3.019606844660E-15 -1.262098194457E-01  3.801785834109E+02  2.272563312274E-01  2.882824326084E-01 -1.059771819133E-01  4.991723094162E-04 -2.438936207035E+00  2.606889132063E+00 -1.505720091908E-02  2.542586990767E-02 -1.036866898874E-02 -2.008654228176E-02 -1.174527178540E-04 -1.602987081793E-06  2.870987974384E-07 -1.109483773879E-06  4.644449363876E-02  1.602987077791E-06  7.728562387827E-04 -1.100406107817E-20 -6.217389837653E-21 -3.352317907449E-20 -1.209234461622E-03
  8.218794455535E+02  8.293794455535E+02  1.952697398903E+01 -3.064646337629E-15 -1.234080444914E-01  3.817960108195E+02  2.155195817638E-01  2.804609895360E-01 -9.715355855857E-02  5.243911257228E-04 -2.390613030965E+00  2.550417278701E+00 -1.460761814457E-02  2.460488926921E-02 -9.997271124897E-03 -1.845459471267E-02 -1.126814021374E-03 -1.731913905358E-06  4.142553243494E-08 -1.386149736713E-06  4.312683507478E-02  1.731913902844E-06  2.847018304631E-03 -5.899154113144E-21  4.825381988959E-21 -3.257787872371E-20 -1.104771739512E-03
  8.368794455535E+02  8.443794455535E+02  1.956581511695E+01 -3.569273891203E-15 -1.208575436358E-01  3.832956791392E+02  2.030483690584E-01  2.737908173619E-01 -8.855618510110E-02  4.681299025315E-04 -2.346718620139E+00  2.486411112031E+00 -1.425672573159E-02  2.374300070992E-02 -9.486274978437E-03 -1.697358151935E-02 -9.865477663545E-04  1.882245739740E-07 -1.586937548286E-07 -1.015545789355E-06  3.997978330423E-02 -1.882245751049E-07  2.975965250682E-03 -3.530962921800E-21 -3.637087004853E-21 -1.836192765220E-20 -1.015078866311E-03
  8.518794455535E+02  8.593794455535E+02  1.960194641372E+01 -5.318442517985E-15 -1.178292516054E-01  3.846921790925E+02  1.899414744879E-01  2.633704660756E-01 -7.984554646594E-02  4.961073704298E-04 -2.294715204517E+00  2.427062519998E+00 -1.393681084882E-02  2.294255718526E-02 -9.005746336467E-03 -1.541046256556E-02 -1.065617886188E-03  3.569871092274E-07 -3.333288305306E-07  1.039926921448E-06  3.544223309144E-02 -3.569871142313E-07  2.580560494172E-03 -1.165107449578E-20 -6.438080552983E-21 -1.700721207471E-20 -9.025142761714E-04
  8.668794455535E+02  8.743794455535E+02  1.963227068674E+01 -6.453478701950E-15 -1.160325746329E-01  3.858647125925E+02  1.763727147077E-01  2.553767450252E-01 -7.137132832038E-02  2.679013260338E-04 -2.267022753689E+00  2.365644826762E+00 -1.358259072459E-02  2.179261231444E-02 -8.210021589890E-03 -1.347596393618E-02 -7.364272969523E-04  2.178345349869E-06  8.992726022067E-08 -1.498862003111E-06  3.156357531725E-02 -2.178345328517E-06  8.444766349814E-04 -5.258107011567E-21 -4.184760070837E-22 -3.238872237665E-20 -7.953243879903E-04
  8.818794455535E+02  8.893794455535E+02  1.966111559092E+01 -6.138591678520E-15 -1.162601914346E-01  3.869840710117E+02  1.621061992866E-01  2.476603829494E-01 -6.278059802415E-02  1.962668657210E-04 -2.279758002926E+00  2.319291467498E+00 -1.325206908325E-02  2.111833693273E-02 -7.866267849521E-03 -1.204821720866E-02 -2.825399416625E-04  1.220555862039E-06  8.023276194594E-07 -1.713616066142E-06  2.828955394416E-02 -1.220555863953E-06  8.652579178089E-04 -2.228799305834E-20  5.390512300991E-22 -1.803379138120E-20 -7.028588813556E-04
  8.968794455535E+02  9.043794455535E+02  1.968531180702E+01 -4.972240194087E-15 -1.144115005276E-01  3.879257608138E+02  1.467392234146E-01  2.418412562677E-01 -5.445593899315E-02  7.384682718925E-05 -2.250387143293E+00  2.260613137227E+00 -1.303346733951E-02  2.029703083340E-02 -7.263563494175E-03 -1.034014469149E-02 -9.370088108599E-04 -1.486811993640E-07  1.406664657976E-06 -1.023134739360E-06  2.521932135762E-02  1.486812163932E-07  1.657731378293E-03 -9.208813767270E-21 -1.019344991611E-22 -2.741780476737E-20 -6.084760464151E-04
  9.118794455535E+02  9.193794455535E+02  1.970840930216E+01 -3.993312200371E-15 -1.131435215852E-01  3.888245695484E+02  1.301641813356E-01  2.387761648629E-01 -4.592996122778E-02 -9.239706448970E-06 -2.233400750415E+00  2.208921108263E+00 -1.255900500996E-02  1.946879929715E-02 -6.909794287255E-03 -9.338297178968E-03 -9.383457727317E-04  1.594313376672E-06  1.992845750231E-06 -1.079462237711E-06  2.451152290939E-02 -1.594313374041E-06  1.235827803818E-03 -1.441229242119E-20 -6.431327533643E-21 -1.558743210947E-20 -5.676685318591E-04
  9.268794455535E+02  9.343794455535E+02  1.973128703840E+01 -4.111696617314E-15 -1.120869356377E-01  3.897184610752E+02  1.121093099922E-01  2.405456334934E-01 -3.751599241789E-02 -5.554312762011E-05 -2.217267082136E+00  2.178571341118E+00 -1.227481544442E-02  1.909724461282E-02 -6.822429168438E-03 -8.827932571905E-03 -8.404338474691E-04  2.769953660470E-06  1.809341596660E-06 -9.360055375188E-07  2.536027383638E-02 -2.769953668856E-06  1.187933144277E-03 -1.449731072241E-20  8.949549754672E-22 -1.186871297895E-20 -5.490744045056E-04
  9.418794455535E+02  9.493794455535E+02  1.975597181240E+01 -4.072438682123E-15 -1.109195816622E-01  3.906875954128E+02  9.203530541991E-02  2.445874289633E-01 -2.899153820936E-02 -1.435283393535E-04 -2.199492020727E+00  2.165516131224E+00 -1.187268981017E-02  1.878416761764E-02 -6.911477807554E-03 -8.895585790109E-03 -9.575335753467E-04  1.755617761405E-06  1.198265594950E-06 -5.398950562062E-08  2.857164103531E-02 -1.755617766656E-06  1.499300474857E-03 -2.416570888990E-20 -7.206681518068E-21 -2.395289312778E-21 -5.870274300162E-04
  9.568794455535E+02  9.643794455535E+02  1.978486018199E+01 -2.815719084397E-15 -1.092853519887E-01  3.918241447177E+02  6.929727749361E-02  2.526727371127E-01 -2.038033692697E-02 -1.263082196882E-04 -2.172715338238E+00  2.176211092789E+00 -1.137368574865E-02  1.838106872070E-02 -7.007382972089E-03 -9.846440046474E-03 -1.001509339001E-03  9.053363335459E-07  3.034530252462E-07  3.748908031538E-07  3.435640205267E-02 -9.053363246625E-07  1.874452091977E-03 -1.821218661770E-20 -2.951017347972E-21  1.150799361370E-20 -6.648697124086E-04
  9.718794455535E+02  9.793794455535E+02  1.982038949345E+01 -1.131738131306E-15 -1.074048805476E-01  3.932293847995E+02  4.213878539115E-02  2.690689997778E-01 -1.174903827244E-02 -5.622349478735E-05 -2.141168323682E+00  2.329672861620E+00 -1.198755574025E-02  2.033420765476E-02 -8.346651914261E-03 -1.177739838287E-02 -8.839409714807E-04  8.234957567265E-07 -4.867776366659E-08 -1.744333913301E-07  4.504926729676E-02 -8.234957554110E-07  2.898081040230E-04 -1.160201136381E-20  1.057541673963E-21  1.236107754176E-20 -9.006591639618E-04
  9.868794455535E+02  9.943794455535E+02  1.986932688737E+01 -1.435439833945E-16 -1.087391307204E-01  3.951900012494E+02  8.577543899198E-03  3.093129548421E-01 -3.428114994346E-03 -9.606137268446E-05 -2.173891176598E+00  2.327257635304E+00 -1.359785697409E-02  2.181633255980E-02 -8.218475585422E-03 -1.529790654002E-02  3.201322081937E-04  4.795542412677E-07  1.170402656193E-07  1.166997746901E-06  2.609993684365E-02 -4.795542373626E-07 -7.114187268384E-04 -2.181301975627E-20  2.260458861877E-21  1.365238450335E-20 -4.442598512991E-04
