                   y                  ym                   U                   V                   W                 U^2                 V^2                 W^2                  UV                  VW                  UW                VISC               SFSxx               SFSyy               SFSzz               SFSxy               SFSyz                dUdX                dVdX                dWdX                dUdY                dVdY                dWdY                dUdZ                dVdZ                dWdZ              SFSxym
 -4.000000000000E+00 -2.000000000000E+00  0.000000000000E+00  0.000000000000E+00  0.000000000000E+00  0.000000000000E+00  0.000000000000E+00  0.000000000000E+00  0.000000000000E+00  0.000000000000E+00  0.000000000000E+00  0.000000000000E+00  0.000000000000E+00  0.000000000000E+00  0.000000000000E+00  0.000000000000E+00  0.000000000000E+00  0.000000000000E+00  0.000000000000E+00  0.000000000000E+00  0.000000000000E+00  0.000000000000E+00  0.000000000000E+00  0.000000000000E+00  0.000000000000E+00  0.000000000000E+00  0.000000000000E+00
  2.220446049250E-16  2.000000000000E+00  8.297559048055E+00 -2.526203349516E-16 -7.963759428799E-02  7.167097912290E+01  6.429191040990E-02  8.500896062670E-01 -1.941353137440E-01 -2.154056526290E-03 -6.676006385061E-01  1.528200464775E+00 -2.931571820590E-03  1.367127388503E-02 -1.073970206503E-02 -6.589683546310E+00  4.948500304738E-02 -1.548034845496E-03 -1.466738619561E-04  3.649286074978E-06  3.730555921727E+01  1.548034845502E-03 -3.146298354425E-01 -1.954885891994E-20  9.823731307933E-22 -1.301699933091E-20 -2.325235172412E-02
  4.000000000000E+00  6.000000000000E+00  1.035534079403E+01 -5.060382090212E-16 -7.774145528277E-02  1.108150166293E+02  2.585122454505E-01  9.096095716476E-01 -4.215082779047E-01 -3.085745821722E-03 -8.076424277498E-01  6.500734292142E+00  3.893747246194E-01 -3.360179851815E-01 -5.335673943951E-02 -1.948749853813E+00 -9.056825203207E-02  3.436217862879E-04 -2.286629524929E-04  4.272953734444E-06  5.339351578777E+00 -3.436217862988E-04  1.576364116723E-02 -4.353246542433E-20  2.694071487199E-21 -6.864574965171E-21 -1.284444792584E-01
  8.000000000000E+00  1.000000000000E+01  1.096673369260E+01 -4.064413736127E-16 -7.170390231595E-02  1.233111550949E+02  3.282774411648E-01  8.598269866003E-01 -4.043213483465E-01 -3.065231690011E-03 -7.881238124721E-01  6.858290529841E+00  1.899498356660E-01 -4.416787668611E-01  2.517289312034E-01 -9.438179005543E-01 -3.761042896158E-02  3.387257595624E-04 -1.243188072742E-04 -1.928326196987E-06  2.379921186510E+00 -3.387257595515E-04  2.456825451178E-02 -3.455628501743E-20 -1.177606247799E-20  2.545796226367E-20 -5.727600279180E-02
  1.200000000000E+01  1.400000000000E+01  1.154559802963E+01 -3.275358861447E-16 -6.538787587542E-02  1.363384665532E+02  3.685268582529E-01  8.444836206754E-01 -4.411289371999E-01 -2.994549045624E-03 -7.565990800407E-01  6.772800500346E+00  1.813178774853E-01 -4.072545577178E-01  2.259366802302E-01 -9.089244131251E-01 -7.477744373411E-03  1.912161730135E-04 -6.831883619826E-05  1.500574480692E-05  1.965264848482E+00 -1.912161730313E-04  2.374921590029E-02 -6.832340773286E-20 -2.067411639710E-21  2.302572487365E-20 -4.895334341961E-02
  1.600000000000E+01  1.800000000000E+01  1.194951162376E+01  1.859876546754E-18 -5.972911386924E-02  1.457094624045E+02  3.994374820384E-01  8.340066372972E-01 -4.397988582865E-01 -3.026054865226E-03 -7.170042011025E-01  6.389462215120E+00  1.494516909439E-01 -3.664414687806E-01  2.169897778398E-01 -6.425196539217E-01 -5.301775576387E-03  1.822940785463E-04 -4.202514052889E-05 -3.051193277542E-06  1.512148668817E+00 -1.822940785310E-04  2.136124007841E-02  2.210818836618E-20 -1.132377634986E-20  5.534314726929E-20 -3.704932070741E-02
  2.000000000000E+01  2.200000000000E+01  1.230169239155E+01  7.611086059722E-16 -5.473121631873E-02  1.542131185108E+02  4.246644488160E-01  8.313683434007E-01 -4.502471326130E-01 -3.012026017432E-03 -6.776785735149E-01  6.139851866899E+00  1.340708023140E-01 -3.358630801276E-01  2.017922778114E-01 -5.524298592813E-01 -6.530263622557E-03  1.074661070620E-04 -2.670426482568E-05 -1.953887412643E-05  1.275030219610E+00 -1.074661070852E-04  1.916395324282E-02 -4.885247468055E-21 -3.659973488399E-21  4.191274071691E-20 -3.124929573794E-02
  2.400000000000E+01  2.600000000000E+01  1.258702267213E+01  1.438697063428E-15 -5.017239720962E-02  1.612675849971E+02  4.453552269665E-01  8.273564500651E-01 -4.506640886583E-01 -3.059122005658E-03 -6.369328260335E-01  5.864225315040E+00  1.167567360979E-01 -3.076931407958E-01  1.909364047009E-01 -4.477840752723E-01 -5.854565528624E-03  5.554622128992E-05 -1.759658241505E-05 -3.746316886270E-06  1.076158035288E+00 -5.554622126896E-05  1.728787396386E-02  3.574500777937E-21 -4.273569849423E-21  1.022439514940E-19 -2.611689005173E-02
  2.800000000000E+01  3.000000000000E+01  1.283978256726E+01  2.163739312143E-15 -4.617836612290E-02  1.676731297424E+02  4.621473662107E-01  8.241799614336E-01 -4.541187149813E-01 -3.023647144516E-03 -5.993654435630E-01  5.644573951608E+00  1.046489455165E-01 -2.849205717205E-01  1.802716262038E-01 -3.912026840633E-01 -5.752155696724E-03  4.076675612646E-05 -1.272584156440E-05  1.254252663535E-05  9.445548574291E-01 -4.076675613614E-05  1.647395531773E-02 -2.167059895107E-20  1.697306988192E-20  7.571688821449E-20 -2.277916458653E-02
  3.200000000000E+01  3.400000000000E+01  1.305924155091E+01  3.176854323587E-15 -4.193753259965E-02  1.733343260428E+02  4.755422533775E-01  8.190830142612E-01 -4.542304192326E-01 -3.000423229336E-03 -5.542063393177E-01  5.435238675266E+00  9.411926999641E-02 -2.649122849362E-01  1.707930149397E-01 -3.385765290548E-01 -5.869075402797E-03  4.125347931564E-05 -8.113756035420E-06 -1.206009805111E-05  8.366219169639E-01 -4.125347928966E-05  1.727202100642E-02 -2.563331983872E-20 -1.154564525294E-20  9.508895350585E-20 -2.004022859799E-02
  3.600000000000E+01  3.800000000000E+01  1.325801788911E+01  4.077494563058E-15 -3.747756855396E-02  1.785535542927E+02  4.861508926217E-01  8.127083245609E-01 -4.550558786181E-01 -2.924167184900E-03 -5.040582477290E-01  5.254430428454E+00  8.584483865435E-02 -2.480944269590E-01  1.622495883053E-01 -3.037389468078E-01 -6.044385338209E-03  3.797728161109E-05 -2.338845070494E-06 -2.233687752252E-05  7.561168353262E-01 -3.797728161703E-05  1.821576577417E-02  4.148766838860E-22  2.854753559588E-22  9.649317300221E-20 -1.800372422460E-02
  4.000000000000E+01  4.200000000000E+01  1.343736652138E+01  4.792789212379E-15 -3.289885556533E-02  1.833312937633E+02  4.945974234846E-01  8.054852620928E-01 -4.546313267880E-01 -2.870373139195E-03 -4.496774889189E-01  5.092322139383E+00  7.857943388093E-02 -2.334526435492E-01  1.548732096676E-01 -2.726058356895E-01 -6.254039902875E-03  4.492595097670E-05 -4.165929344051E-07 -1.091185871086E-05  6.898676294558E-01 -4.492595096717E-05  1.815400183366E-02  1.762949880967E-20 -1.331447862184E-20  1.159977509367E-19 -1.630428454987E-02
  4.400000000000E+01  4.600000000000E+01  1.360298111240E+01  5.414382917707E-15 -2.846186765326E-02  1.878039161695E+02  5.013317679670E-01  7.987341718117E-01 -4.543577589890E-01 -2.847781372368E-03 -3.947233997245E-01  4.944767621810E+00  7.252756305145E-02 -2.203461782688E-01  1.478186152158E-01 -2.494970372755E-01 -5.728460875780E-03  4.115243102349E-05 -3.712233142454E-07  1.812124420921E-06  6.372890353383E-01 -4.115243102780E-05  1.687416851319E-02  7.093965071426E-21 -5.315843633610E-22  7.392854208463E-20 -1.494851118663E-02
  4.800000000000E+01  5.000000000000E+01  1.375600627009E+01  6.029241595278E-15 -2.439672696376E-02  1.919866009750E+02  5.066369235772E-01  7.924120415647E-01 -4.536102239376E-01 -2.803658295436E-03 -3.435064277856E-01  4.808804692680E+00  6.709345870935E-02 -2.086632764469E-01  1.415698177368E-01 -2.291189352936E-01 -5.348675073773E-03  1.506256378855E-05 -8.242889334068E-07  5.849968114940E-06  5.928294240912E-01 -1.506256378139E-05  1.577964656449E-02  1.405592168492E-21 -4.249154140316E-21  1.117460195509E-19 -1.378042704584E-02
  5.200000000000E+01  5.400000000000E+01  1.389938293551E+01  6.920087260743E-15 -2.055506464045E-02  1.959489283203E+02  5.107359051813E-01  7.853924124637E-01 -4.527854348998E-01 -2.770714414790E-03 -2.936233467806E-01  4.685201237933E+00  6.223039865627E-02 -1.984357534165E-01  1.362053547589E-01 -2.123256006943E-01 -5.189370509427E-03 -1.636333141558E-07 -1.731108633069E-06 -3.574228700708E-06  5.546421956718E-01  1.636333267939E-07  1.463636251159E-02  2.310568599575E-20 -1.391014611138E-21  1.134386488421E-19 -1.277708927079E-02
  5.600000000000E+01  5.800000000000E+01  1.403326082978E+01  7.680757234656E-15 -1.713425502737E-02  1.996864225605E+02  5.137639519804E-01  7.780000413022E-01 -4.517619945754E-01 -2.723171448921E-03 -2.479800071817E-01  4.569708972510E+00  5.794725677768E-02 -1.892062884514E-01  1.312590316741E-01 -1.968535579599E-01 -4.596190404979E-03  1.112720079050E-05 -6.320109954479E-07 -1.104348299186E-05  5.191992528595E-01 -1.112720080095E-05  1.374835035585E-02  2.660317888074E-20  3.224667259060E-21  9.322198546446E-20 -1.187932690132E-02
  6.000000000000E+01  6.200000000000E+01  1.415897178956E+01  8.357113178564E-15 -1.372178972516E-02  2.032288888402E+02  5.159143748290E-01  7.707805273302E-01 -4.507111410768E-01 -2.648512352500E-03 -2.012230060202E-01  4.464093479056E+00  5.423087948664E-02 -1.809740592920E-01  1.267431798048E-01 -1.834986480784E-01 -4.211732605824E-03  3.488818509938E-05  4.614982998725E-07  6.407671130020E-06  4.890549977833E-01 -3.488818507926E-05  1.357215111873E-02  8.091227073066E-21 -1.563972698195E-20  1.027424887285E-19 -1.109601760482E-02
  6.400000000000E+01  6.600000000000E+01  1.427779965842E+01  8.751772924709E-15 -1.036174132086E-02  2.066070254848E+02  5.173707444223E-01  7.634279886216E-01 -4.495096051165E-01 -2.610847045269E-03 -1.540221117199E-01  4.362786614069E+00  5.068993628859E-02 -1.731548380924E-01  1.224649018043E-01 -1.716163991424E-01 -4.163507192937E-03  1.777435183725E-05  3.774330750666E-07  1.340907735371E-05  4.621281819456E-01 -1.777435188185E-05  1.233441422491E-02  1.913429051312E-20  1.107591896643E-20  1.361591532658E-19 -1.038432421721E-02
  6.800000000000E+01  7.000000000000E+01  1.439003386259E+01  9.146075137118E-15 -7.550607988161E-03  2.098244476728E+02  5.181940855947E-01  7.561113053121E-01 -4.482957882613E-01 -2.607576143222E-03 -1.137848614794E-01  4.269355085725E+00  4.768147646836E-02 -1.662953446290E-01  1.186138681611E-01 -1.608232656286E-01 -3.533725255571E-03  1.843982899451E-06 -2.834045712218E-07  4.391080846866E-06  4.376298800511E-01 -1.843982853539E-06  1.023715678369E-02  5.428802857976E-20 -2.155611852581E-21  1.065180727192E-19 -9.748509380425E-03
  7.200000000000E+01  7.400000000000E+01  1.449660191396E+01  9.541423604623E-15 -5.272674990248E-03  2.129025155513E+02  5.184964561030E-01  7.486655712201E-01 -4.469651104239E-01 -2.575647053540E-03 -8.101349045386E-02  4.183023738692E+00  4.489886982982E-02 -1.597841055415E-01  1.148852357120E-01 -1.513023658535E-01 -3.034235012683E-03 -7.388277502682E-07 -1.429275572991E-06  8.802149479034E-06  4.165464065177E-01  7.388277371265E-07  7.688704508193E-03  4.142205537666E-20 -6.428979708776E-22  1.054722493003E-19 -9.201417425670E-03
  7.600000000000E+01  7.800000000000E+01  1.459824950601E+01  9.594640909318E-15 -3.707431901485E-03  2.158596949879E+02  5.183726436016E-01  7.411614705024E-01 -4.455866491717E-01 -2.556819048242E-03 -5.831136209627E-02  4.100523506878E+00  4.239453958412E-02 -1.537834226831E-01  1.113888830999E-01 -1.432059274017E-01 -2.200299208468E-03  1.158527591788E-05 -1.572429126337E-06  1.921932068021E-05  3.970715364218E-01 -1.158527591017E-05  5.858359952236E-03  2.112555139172E-20  3.157004149148E-21  9.216167035528E-20 -8.695947386394E-03
  8.000000000000E+01  8.200000000000E+01  1.469509482049E+01  9.446215258208E-15 -2.286948967168E-03  2.186962124386E+02  5.178423989931E-01  7.338852520887E-01 -4.441950198222E-01 -2.498386772408E-03 -3.776394506681E-02  4.025553789971E+00  4.038667176786E-02 -1.484954762398E-01  1.081088044720E-01 -1.351764770860E-01 -2.089799923795E-03  1.954767520973E-05 -9.297069969175E-07  6.553462720783E-06  3.790270820267E-01 -1.954767521607E-05  6.119020168166E-03  3.336286604779E-20  1.081974378596E-20  1.098701666571E-19 -8.225533319211E-03
  8.400000000000E+01  8.600000000000E+01  1.478775754806E+01  9.368352935860E-15 -6.166605097078E-04  2.214267990519E+02  5.170495432468E-01  7.268222893513E-01 -4.427055500656E-01 -2.419280282093E-03 -1.372349665005E-02  3.955173846730E+00  3.843459966358E-02 -1.436265859368E-01  1.051919862734E-01 -1.281744124178E-01 -2.315937776165E-03  7.532881626502E-06 -8.284158954744E-07 -4.633662944072E-06  3.639856564038E-01 -7.532881625539E-06  6.520151815250E-03  4.904473499083E-20  6.428486092401E-21  1.188196369224E-19 -7.824764792104E-03
  8.800000000000E+01  9.000000000000E+01  1.487711039304E+01  9.901925669744E-15  9.837995425214E-04  2.240747158677E+02  5.161129856357E-01  7.198066089193E-01 -4.412674639507E-01 -2.361642171950E-03  9.858846643270E-03  3.887839617326E+00  3.669927195445E-02 -1.391880472034E-01  1.024887752495E-01 -1.222743082969E-01 -2.167865959278E-03 -1.485058075037E-06 -2.215236968405E-06  1.713657155016E-06  3.499672023682E-01  1.485058073633E-06  5.908573510501E-03  7.575855340412E-20  4.488719674898E-21  1.193478004582E-19 -7.451398953552E-03
  9.200000000000E+01  9.400000000000E+01  1.496275142446E+01  1.006634330290E-14  2.358543477013E-03  2.266262162596E+02  5.150792980597E-01  7.131908570272E-01 -4.397028800288E-01 -2.324475539679E-03  3.087517806191E-02  3.823228230002E+00  3.484994789615E-02 -1.349300269731E-01  1.000800790774E-01 -1.162803831554E-01 -1.888505528485E-03 -5.170575744845E-06 -4.194843672276E-06  9.333129166277E-07  3.359028442094E-01  5.170575751695E-06  4.361512687897E-03  5.762318673169E-20  9.947399081977E-21  1.028054491773E-19 -7.093995290462E-03
  9.600000000000E+01  9.800000000000E+01  1.504502994416E+01  9.824635390533E-15  3.170516901669E-03  2.290907684532E+02  5.139701400771E-01  7.065953597253E-01 -4.382256234690E-01 -2.290031463248E-03  4.346502903579E-02  3.761053760942E+00  3.315725387139E-02 -1.307462993725E-01  9.758904550152E-02 -1.108702628434E-01 -1.199598451338E-03  4.446288690563E-06 -4.730237238731E-06 -5.641916392161E-06  3.232816920208E-01 -4.446288702328E-06  2.933107111320E-03  8.519852951104E-20  1.492851469741E-20  1.168662965502E-19 -6.773569354185E-03
  1.000000000000E+02  1.020000000000E+02  1.512438320960E+01  1.019249304459E-14  3.829086093102E-03  2.314795567429E+02  5.127734228601E-01  7.001544147925E-01 -4.366137630185E-01 -2.225012733219E-03  5.421309529826E-02  3.700248642255E+00  3.163196373635E-02 -1.268244809819E-01  9.519251724493E-02 -1.058570790448E-01 -1.019857389751E-03  9.982438721165E-06 -4.337832583964E-06 -1.420087040065E-06  3.117570235607E-01 -9.982438717657E-06  2.376810131480E-03  9.246505143962E-20  1.692478257521E-21  1.234152281750E-19 -6.472881582725E-03
  1.040000000000E+02  1.060000000000E+02  1.520094499436E+01  1.046222201755E-14  4.378893532257E-03  2.337958166711E+02  5.114613666449E-01  6.943608616874E-01 -4.351110411405E-01 -2.164366581498E-03  6.359947108243E-02  3.642558377993E+00  3.015223833713E-02 -1.232436591732E-01  9.309142083635E-02 -1.011315226137E-01 -9.002636041145E-04  3.803789774544E-07 -4.017433499750E-06 -4.325279272079E-06  3.005302808486E-01 -3.803789760919E-07  1.905119527279E-03  7.516182973896E-20 -5.142250612466E-21  1.208238745943E-19 -6.183425426241E-03
  1.080000000000E+02  1.100000000000E+02  1.527470440720E+01  1.022708942996E-14  4.782434507254E-03  2.360355493318E+02  5.100688042711E-01  6.887993257576E-01 -4.334962349627E-01 -2.095148476250E-03  7.133766010035E-02  3.588488392877E+00  2.876492135346E-02 -1.197641998155E-01  9.099927846303E-02 -9.677776701462E-02 -7.310832745558E-04 -9.539621344889E-07 -4.163029605524E-06 -1.267078493004E-05  2.898611092796E-01  9.539621314999E-07  1.900326678401E-03  1.028490666109E-19  7.381952558283E-21  1.094125476588E-19 -5.919659567285E-03
  1.120000000000E+02  1.140000000000E+02  1.534589190677E+01  1.031507792954E-14  5.319238744138E-03  2.382065289992E+02  5.086057924810E-01  6.836507415681E-01 -4.319466482161E-01 -2.032365966386E-03  8.104807608800E-02  3.535014774275E+00  2.752745117883E-02 -1.165220586131E-01  8.899460743473E-02 -9.271175573548E-02 -6.629860852942E-04 -1.983902173411E-06 -4.210204428630E-06 -3.542723989830E-06  2.803391800746E-01  1.983902172001E-06  1.941258959313E-03  1.145058614520E-19  3.031078364496E-21  1.061172382618E-19 -5.677022175805E-03
  1.160000000000E+02  1.180000000000E+02  1.541487815360E+01  1.027292935325E-14  5.749760669823E-03  2.403190442387E+02  5.071168996312E-01  6.788888155281E-01 -4.303002633212E-01 -1.967665574186E-03  8.961545359823E-02  3.487618163091E+00  2.650728185109E-02 -1.136171876322E-01  8.710990578157E-02 -8.898237521330E-02 -6.419620257709E-04 -2.769067337876E-06 -3.863324332187E-06 -4.438045385834E-06  2.724379080329E-01  2.769067339017E-06  1.227344731395E-03  1.225239160154E-19  7.437826030849E-21  1.008048037132E-19 -5.470636311721E-03
  1.200000000000E+02  1.220000000000E+02  1.548214605697E+01  1.009914229790E-14  5.924952444081E-03  2.423873332794E+02  5.056308519352E-01  6.738990953777E-01 -4.287078937937E-01 -1.907945783830E-03  9.397335551551E-02  3.441069616731E+00  2.537842069573E-02 -1.106663263537E-01  8.528790565854E-02 -8.596486615401E-02 -3.648485401794E-04  5.202749265255E-06 -3.579423449313E-06 -1.504494910056E-05  2.650490350610E-01 -5.202749261391E-06 -7.309952281957E-06  1.025090872162E-19 -6.187696206807E-22  9.812862779095E-20 -5.278491289136E-03
  1.240000000000E+02  1.260000000000E+02  1.554741850752E+01  1.035380910059E-14  5.732346525920E-03  2.444010646264E+02  5.041600637908E-01  6.688402968329E-01 -4.270710986627E-01 -1.830570232385E-03  9.258916467065E-02  3.393971244385E+00  2.432213054779E-02 -1.079111202067E-01  8.358898965831E-02 -8.285545296346E-02 -9.073341249816E-05  6.379831624476E-06 -2.513322669529E-06 -1.020370460055E-05  2.569284643388E-01 -6.379831635121E-06 -1.136843542318E-03  1.065209856167E-19  1.118800428010E-20  1.083957000594E-19 -5.081234307537E-03
  1.280000000000E+02  1.300000000000E+02  1.561062253307E+01  1.023719217036E-14  5.352886350755E-03  2.463578155874E+02  5.027054535703E-01  6.634498225731E-01 -4.254544263981E-01 -1.762901416572E-03  8.829605506502E-02  3.350922246586E+00  2.348173882373E-02 -1.055112608768E-01  8.202952205296E-02 -7.970784844281E-02  8.293927360591E-07  8.660386996354E-06 -1.382161019566E-06 -2.085833781192E-07  2.489723884986E-01 -8.660387006494E-06 -1.488243863972E-03  1.114739950429E-19 -1.185448296878E-22  1.008397696666E-19 -4.894739641167E-03
  1.320000000000E+02  1.340000000000E+02  1.567194175886E+01  9.697871195327E-15  4.992383695183E-03  2.482616283153E+02  5.012811224625E-01  6.576804386501E-01 -4.238317210640E-01 -1.697005166191E-03  8.402476700101E-02  3.308947978272E+00  2.260569574079E-02 -1.030629800800E-01  8.045728433924E-02 -7.687806058252E-02  5.085897167046E-05  3.753155190614E-06 -1.447056416244E-06 -3.608980701385E-06  2.416287597278E-01 -3.753155191814E-06 -2.161890474698E-03  1.317666227025E-19 -9.830212168776E-21  1.039946268754E-19 -4.722717043638E-03
  1.360000000000E+02  1.380000000000E+02  1.573142747864E+01  1.030288600383E-14  4.266495233042E-03  2.501129162750E+02  4.999154999643E-01  6.519748962229E-01 -4.221989079676E-01 -1.623708165482E-03  7.398183272757E-02  3.268015512019E+00  2.175133993023E-02 -1.006915154953E-01  7.894017556559E-02 -7.425406787857E-02  3.485397630128E-04 -1.150670898600E-05 -9.411213940764E-07 -8.213407202055E-06  2.345288823228E-01  1.150670898807E-05 -3.101708758817E-03  1.222589850218E-19 -1.234201823883E-20  9.283431955590E-20 -4.556602724656E-03
  1.400000000000E+02  1.420000000000E+02  1.578918018639E+01  1.124996182727E-14  3.431547817333E-03  2.519161040117E+02  4.986297870590E-01  6.464372040288E-01 -4.205440629975E-01 -1.556445876029E-03  6.251818819745E-02  3.228998450883E+00  2.103421597228E-02 -9.846276436656E-02  7.742854839389E-02 -7.160859646117E-02  5.023288292728E-04 -6.551429585648E-06  2.207948575119E-07 -5.689463439485E-06  2.277720606775E-01  6.551429588601E-06 -3.345435662744E-03  1.309999799731E-19 -5.241947197832E-21  7.411925003069E-20 -4.392830271075E-03
  1.440000000000E+02  1.460000000000E+02  1.584534680144E+01  1.138890887703E-14  2.587027050897E-03  2.536751276336E+02  4.974525273922E-01  6.410776056803E-01 -4.189498441844E-01 -1.453135990321E-03  5.100967128173E-02  3.191342311682E+00  2.039028658259E-02 -9.626122588023E-02  7.587093929705E-02 -6.898941653134E-02  5.117766086202E-04  4.434764485978E-06 -4.443031799493E-08 -5.240760260708E-06  2.211982132021E-01 -4.434764485351E-06 -3.135229848490E-03  1.236787828152E-19  7.298503837035E-21  8.374500080330E-20 -4.237135064993E-03
  1.480000000000E+02  1.500000000000E+02  1.589979357705E+01  1.169998631218E-14  1.866122241953E-03  2.553856988408E+02  4.963596013394E-01  6.360608243760E-01 -4.173190190430E-01 -1.371718726733E-03  4.164749315976E-02  3.153797059025E+00  1.952959515211E-02 -9.401763632154E-02  7.448804116898E-02 -6.652634695755E-02  2.488465445284E-04  2.511352248556E-06 -8.900925400091E-07 -1.657786155387E-06  2.138310124384E-01 -2.511352242449E-06 -3.092751271518E-03  1.480065154684E-19  5.511018635974E-22  1.074318104093E-19 -4.074589859370E-03
  1.520000000000E+02  1.540000000000E+02  1.595224542538E+01  1.182693830024E-14  1.042715803612E-03  2.570389703756E+02  4.953094324499E-01  6.311180368950E-01 -4.157165822337E-01 -1.292153647323E-03  3.070317308304E-02  3.116116582230E+00  1.878037703709E-02 -9.201287525462E-02  7.323249821756E-02 -6.381480170037E-02  4.125710981055E-04 -3.774085744722E-06 -1.037264063564E-06 -5.798914303515E-06  2.057801718837E-01  3.774085746658E-06 -3.287977200394E-03  1.595389685766E-19  2.584374304652E-21  8.106800758843E-20 -3.904284584000E-03
  1.560000000000E+02  1.580000000000E+02  1.600269027044E+01  1.149321194043E-14  2.113808262569E-04  2.586329176177E+02  4.942805479372E-01  6.261355479582E-01 -4.141038288102E-01 -1.198047838353E-03  1.947035877203E-02  3.078131137520E+00  1.809786604167E-02 -9.008404155860E-02  7.198617551692E-02 -6.117797408323E-02  4.531534555037E-04  5.229947519598E-06 -8.714480725346E-07 -7.210139512391E-06  1.987905197067E-01 -5.229947522474E-06 -3.372369722347E-03  1.434081612600E-19 -1.395998682320E-20  8.307086424243E-20 -3.752190417895E-03
  1.600000000000E+02  1.620000000000E+02  1.605166477453E+01  1.139203136573E-14 -6.454650874610E-04  2.601855457676E+02  4.932405312502E-01  6.214465537645E-01 -4.124797134501E-01 -1.129631270683E-03  7.794132636383E-03  3.043999820234E+00  1.746570291921E-02 -8.828783404540E-02  7.082213112582E-02 -5.893680293551E-02  4.792111491393E-04  3.487430133487E-06 -1.401075676273E-06 -2.421681107489E-06  1.927512682672E-01 -3.487430133965E-06 -3.467041147227E-03  1.517487378218E-19 -6.010199450808E-21  9.630763159276E-20 -3.617800690891E-03
  1.640000000000E+02  1.660000000000E+02  1.609908074176E+01  1.102770217084E-14 -1.515195725533E-03  2.616930588278E+02  4.922129092435E-01  6.166264069318E-01 -4.108832633546E-01 -1.058730072844E-03 -3.750224458456E-03  3.011113436113E+00  1.684912625611E-02 -8.657287670074E-02  6.972375044393E-02 -5.685516395278E-02  5.210019033852E-04 -9.906821697087E-06 -2.570968816568E-06 -4.805773842529E-06  1.864841516878E-01  9.906821694059E-06 -3.161176819869E-03  1.481728519167E-19 -8.843371658036E-21  9.384748428183E-20 -3.482172053339E-03
  1.680000000000E+02  1.700000000000E+02  1.614488502588E+01  1.032161767442E-14 -2.232527132833E-03  2.631524561736E+02  4.912079808818E-01  6.114596050890E-01 -4.092247629039E-01 -9.901748168991E-04 -1.241950096693E-02  2.977205341344E+00  1.620588568122E-02 -8.476474745776E-02  6.855886177617E-02 -5.465454267663E-02  4.927108589427E-04 -5.816261836570E-06 -2.751936367706E-06 -6.286716322472E-07  1.805045864700E-01  5.816261833375E-06 -2.982218515646E-03  1.399423068096E-19 -1.817959164684E-20  9.475701343403E-20 -3.355920909421E-03
  1.720000000000E+02  1.740000000000E+02  1.618930075575E+01  1.015940847074E-14 -3.002663061251E-03  2.645708081534E+02  4.902220463950E-01  6.060083278030E-01 -4.076407409102E-01 -9.261143206645E-04 -2.220820313860E-02  2.943953094045E+00  1.561485263128E-02 -8.287875647959E-02  6.726390384881E-02 -5.277379235964E-02  5.928606527230E-04  1.064550346237E-05 -1.983379888138E-06  6.966925850505E-06  1.754775119510E-01 -1.064550346740E-05 -3.440819641940E-03  1.785503439062E-19 -1.447086141062E-20  9.180175271962E-20 -3.246892618191E-03
  1.760000000000E+02  1.780000000000E+02  1.623262703696E+01  9.987147719069E-15 -3.924343490980E-03  2.659571707255E+02  4.892444905852E-01  6.007550542588E-01 -4.059872062187E-01 -8.617923565881E-04 -3.474099874786E-02  2.910505810537E+00  1.518445359036E-02 -8.124035946406E-02  6.605590587310E-02 -5.104426813858E-02  7.214486827806E-04  1.219989099216E-05 -1.792427684904E-06  3.208994063819E-06  1.695107531305E-01 -1.219989100001E-05 -3.693198960194E-03  1.549290807220E-19 -2.508741160374E-20  7.398006996974E-20 -3.124531768765E-03
  1.800000000000E+02  1.820000000000E+02  1.627406595529E+01  9.349996399228E-15 -4.842332937205E-03  2.672855700033E+02  4.882857986525E-01  5.958715089028E-01 -4.044419337136E-01 -7.924272084175E-04 -4.756654690316E-02  2.879923482221E+00  1.476327416989E-02 -7.972814717420E-02  6.496487300416E-02 -4.889932179593E-02  6.671207156706E-04 -9.417317696695E-06 -2.311732589874E-06 -8.895532670740E-06  1.642424558721E-01  9.417317692973E-06 -3.779110824221E-03  1.541423694604E-19 -8.044465589900E-21  7.672632328258E-20 -3.006247228403E-03
  1.840000000000E+02  1.860000000000E+02  1.631471943003E+01  8.929618871591E-15 -5.853708788403E-03  2.685911462546E+02  4.873562996107E-01  5.910056392247E-01 -4.027450391481E-01 -7.261503057887E-04 -6.194382357519E-02  2.851011035195E+00  1.426924516022E-02 -7.826124815234E-02  6.399200299165E-02 -4.736575988443E-02  6.199574588445E-04 -9.434966853643E-06 -2.392002404507E-06 -9.419912185351E-06  1.600409594671E-01  9.434966849988E-06 -4.019318966972E-03  1.872864103380E-19 -6.618404281731E-21  6.712701796399E-20 -2.907447646976E-03
  1.880000000000E+02  1.900000000000E+02  1.635404111128E+01  8.553875381449E-15 -6.870437081017E-03  2.698566936636E+02  4.864401028695E-01  5.866960984125E-01 -4.011949285982E-01 -6.441039143889E-04 -7.686520457675E-02  2.824911484981E+00  1.389573355026E-02 -7.695885951821E-02  6.306312596753E-02 -4.571871739271E-02  7.161898417647E-04  3.563792630770E-06 -1.606484432743E-06  7.453907244578E-06  1.549760769141E-01 -3.563792631783E-06 -4.293001507821E-03  1.831885628008E-19 -8.881141925914E-21  1.052200635109E-19 -2.813542911220E-03
  1.920000000000E+02  1.940000000000E+02  1.639220103308E+01  7.942790522519E-15 -7.961264800875E-03  2.710866565277E+02  4.855109326927E-01  5.821742352971E-01 -3.994527208655E-01 -5.843298979499E-04 -9.362336791760E-02  2.795810518923E+00  1.350787087861E-02 -7.549999249762E-02  6.199212161838E-02 -4.425550159898E-02  8.831121133060E-04  1.798555228045E-05 -1.187393311302E-06  7.555752902439E-06  1.498835339476E-01 -1.798555227714E-05 -4.279448067118E-03  1.530796470267E-19 -1.213006425569E-20  8.317863167032E-20 -2.714910877914E-03
  1.960000000000E+02  1.980000000000E+02  1.642901500473E+01  7.513894201572E-15 -8.980224784239E-03  2.722776073522E+02  4.846021468631E-01  5.785979074186E-01 -3.979682090362E-01 -4.896358637161E-04 -1.101083272282E-01  2.773182315289E+00  1.324662770405E-02 -7.438131786450E-02  6.113469016110E-02 -4.259807127663E-02  6.610231446992E-04  4.691278089662E-06 -1.875031849893E-06 -3.573043663594E-06  1.462778133415E-01 -4.691278100482E-06 -3.976186869392E-03  1.636193539239E-19  6.624995090726E-22  6.332011262937E-20 -2.622030677685E-03
  2.000000000000E+02  2.020600000000E+02  1.646533544425E+01  7.070960498258E-15 -9.958410109566E-03  2.734536345186E+02  4.836243798002E-01  5.749266662595E-01 -3.961978008355E-01 -4.085382934022E-04 -1.261091268618E-01  2.752416683401E+00  1.238317893608E-02 -7.217016198011E-02  5.978698304392E-02 -4.154340926803E-02  7.805400955018E-04 -1.181568190120E-05 -2.110065664725E-06 -8.750583925858E-06  1.413699785461E-01  1.181568188977E-05 -3.821515835729E-03  1.810603571510E-19 -5.362099140448E-21  8.234049266040E-20 -2.562861033409E-03
  2.041200000000E+02  2.062418000000E+02  1.650178468100E+01  6.450548211898E-15 -1.095945705910E-02  2.746373315988E+02  4.827140644281E-01  5.714789999392E-01 -3.945215472414E-01 -3.173702581437E-04 -1.427761060848E-01  2.731707065756E+00  1.145553082486E-02 -6.974527010923E-02  5.828973928478E-02 -4.051972739516E-02  7.552263657629E-04  4.575517039248E-06 -1.241307193261E-06 -4.348379147273E-06  1.367192652445E-01 -4.575517033669E-06 -3.996867398795E-03  1.738932954056E-19 -1.020443847954E-20  8.025826191955E-20 -2.492172330563E-03
  2.083636000000E+02  2.105490540000E+02  1.653784880340E+01  6.113101019313E-15 -1.206287657010E-02  2.758090537139E+02  4.817912587044E-01  5.677528564054E-01 -3.926831062876E-01 -2.313828758424E-04 -1.616817214478E-01  2.708861297242E+00  1.041047022960E-02 -6.705161228160E-02  5.664114205171E-02 -3.927977361865E-02  8.703214973356E-04  5.649512210687E-06 -5.920501783933E-07  5.529367075348E-07  1.321470088222E-01 -5.649512233183E-06 -4.279438208801E-03  1.860420834914E-19 -1.418090755420E-20  7.169986593893E-20 -2.425865773397E-03
  2.127345080000E+02  2.149855256200E+02  1.657397952949E+01  5.691410414424E-15 -1.327162940938E-02  2.769847284811E+02  4.808572795880E-01  5.643885237225E-01 -3.908779067206E-01 -1.402609241918E-04 -1.824756804652E-01  2.688271512482E+00  9.464003904350E-03 -6.455807686049E-02  5.509407295595E-02 -3.835357824983E-02  9.744869738233E-04  2.393861407704E-06 -1.505020671364E-07 -1.120792943305E-06  1.280540639059E-01 -2.393861391613E-06 -4.529960107549E-03  1.805632940613E-19 -1.678182780713E-20  8.383753003639E-20 -2.362126419673E-03
  2.172365432400E+02  2.195550913886E+02  1.660990580846E+01  4.991940942643E-15 -1.460902834701E-02  2.781549962805E+02  4.799435404107E-01  5.606000695604E-01 -3.889235575557E-01 -4.426915654173E-05 -2.054463892376E-01  2.667646620379E+00  8.464349024875E-03 -6.198236515568E-02  5.351801613131E-02 -3.721664302589E-02  1.101227735665E-03 -7.764881276338E-07  2.246355825914E-07 -1.996219927943E-06  1.243684292008E-01  7.764881170890E-07 -4.644600885960E-03  1.634594708776E-19 -9.033011821875E-21  5.880788025893E-20 -2.301056428730E-03
  2.218736395372E+02  2.242617441303E+02  1.664606431689E+01  4.698268503122E-15 -1.597111953027E-02  2.793339342163E+02  4.789807260555E-01  5.569349493040E-01 -3.869598792563E-01  4.364351822099E-05 -2.293902741805E-01  2.648040921432E+00  7.435739715550E-03 -5.928922703728E-02  5.185348732135E-02 -3.646672489869E-02  1.125278700866E-03  1.739661097160E-06  5.035337126289E-07 -1.728015138363E-06  1.212400524529E-01 -1.739661085870E-06 -4.708785692292E-03  1.929422764042E-19 -1.586941617018E-20  6.322992359189E-20 -2.256381752078E-03
  2.266498487233E+02  2.291095964542E+02  1.668229055027E+01  4.743884502526E-15 -1.742738925486E-02  2.805150503498E+02  4.779230948320E-01  5.534872489034E-01 -3.848544633436E-01  1.440729245145E-04 -2.554490279903E-01  2.630521809568E+00  6.418505100100E-03 -5.665262040871E-02  5.023411530827E-02 -3.579472661821E-02  1.097160266135E-03  6.770984206462E-06  4.514031032228E-07 -2.560300341779E-06  1.172232984714E-01 -6.770984213520E-06 -4.174472989815E-03  1.932790541587E-19 -1.764623538196E-20  6.481358079279E-20 -2.209630661260E-03
  2.315693441850E+02  2.341028843478E+02  1.671816637755E+01  4.850161613480E-15 -1.854419135700E-02  2.816869211726E+02  4.768645852704E-01  5.502340258681E-01 -3.828062115388E-01  2.375438298231E-04 -2.759943482058E-01  2.613373865995E+00  5.340398452680E-03 -5.394908184419E-02  4.860868339168E-02 -3.488054922402E-02  9.297258137472E-04 -9.378424392232E-07 -2.675664980008E-07  1.205388759162E-06  1.138664857862E-01  9.378424452609E-07 -3.628730528700E-03  1.720695816578E-19 -1.790578191948E-20  8.615735032245E-20 -2.160162661094E-03
  2.366364245106E+02  2.392459708782E+02  1.675441735718E+01  5.090067401135E-15 -1.971932773912E-02  2.828720450253E+02  4.758539395544E-01  5.467661403854E-01 -3.805758143073E-01  3.213523379671E-04 -2.979621120348E-01  2.597558581752E+00  4.191569096718E-03 -5.122667227802E-02  4.703510318125E-02 -3.431304220039E-02  1.057417103032E-03 -5.154505416817E-06 -6.785689026062E-07  2.973257934426E-06  1.107428105151E-01  5.154505417435E-06 -3.292158024519E-03  1.661107591157E-19 -9.861261328765E-21  6.384358371148E-20 -2.116490731369E-03
  2.418555172459E+02  2.445433500046E+02  1.679041157279E+01  5.495197685200E-15 -2.069351094081E-02  2.840509148607E+02  4.748042605875E-01  5.432656893550E-01 -3.783477270569E-01  4.254648582638E-04 -3.162915713076E-01  2.581483465546E+00  3.140773324186E-03 -4.858819312053E-02  4.544741979607E-02 -3.339723253110E-02  8.391831869788E-04  2.873216650544E-06 -5.367267744108E-07 -3.586944096720E-06  1.078076138872E-01 -2.873216640639E-06 -3.180243477121E-03  1.827071335803E-19 -3.114924754057E-20  3.800035205124E-20 -2.073682637349E-03
  2.472311827633E+02  2.499996505047E+02  1.682687636056E+01  5.947362683352E-15 -2.187603194728E-02  2.852473900132E+02  4.736409170971E-01  5.400296638907E-01 -3.759731864796E-01  4.966865042416E-04 -3.380813789377E-01  2.567794619328E+00  2.178207647897E-03 -4.598472585221E-02  4.380651820407E-02 -3.295974808114E-02  8.041333166629E-04  7.610412373622E-07 -9.840658123573E-07 -4.151798336610E-06  1.054492163764E-01 -7.610412372033E-07 -3.733106210506E-03  1.901324661115E-19 -2.064659376893E-20  4.227194704752E-20 -2.040502207631E-03
  2.527681182462E+02  2.556196400198E+02  1.686341340771E+01  6.280331578864E-15 -2.328697938282E-02  2.864486778389E+02  4.723503765096E-01  5.374150470820E-01 -3.736114254834E-01  5.548611474647E-04 -3.630871684571E-01  2.556248637241E+00  1.185926494392E-03 -4.326545629814E-02  4.207952980346E-02 -3.241328078432E-02  1.036918609071E-03 -3.657377420901E-06 -1.973403509938E-06  1.370376828838E-06  1.035117592151E-01  3.657377432295E-06 -3.868436591564E-03  1.599111951471E-19 -1.881192787910E-20  4.834390916720E-20 -2.015241459139E-03
  2.584711617935E+02  2.614082292204E+02  1.690067149996E+01  6.499741572510E-15 -2.463643353760E-02  2.876771714993E+02  4.709251752982E-01  5.349472240058E-01 -3.710258007937E-01  6.363774486043E-04 -3.871457988268E-01  2.545690377458E+00  3.012433887049E-04 -4.045095306401E-02  4.014970967545E-02 -3.213012640388E-02  1.034623454100E-03 -2.738257372928E-06 -2.221356770032E-06  8.172907163990E-07  1.016033283177E-01  2.738257373948E-06 -3.781581111531E-03  1.642346034718E-19 -1.126556144091E-20  2.809116561892E-20 -1.994509358359E-03
  2.643452966473E+02  2.673704760971E+02  1.693801474412E+01  6.662897880996E-15 -2.607356443517E-02  2.889108104047E+02  4.692652194411E-01  5.325501929167E-01 -3.684917055356E-01  6.976767909231E-04 -4.128411383036E-01  2.537816176960E+00 -7.836885908525E-04 -3.764646585285E-02  3.843015444454E-02 -3.164640195696E-02  1.164681810975E-03  3.183963285235E-07 -1.795442550674E-06 -4.093729031830E-06  9.856425356386E-02 -3.183963222141E-07 -3.942552385395E-03  1.791441510809E-19 -1.115593126746E-20  4.317252639440E-20 -1.959168876277E-03
  2.703956555468E+02  2.735115903800E+02  1.697521034576E+01  6.741965203709E-15 -2.763409057904E-02  2.901419250998E+02  4.672083975934E-01  5.302918529871E-01 -3.657659675944E-01  7.517283101949E-04 -4.413677591292E-01  2.530934854878E+00 -1.780325127577E-03 -3.492782060074E-02  3.670814572850E-02 -3.101992138128E-02  1.204830699199E-03 -1.979868289299E-06 -1.754820719589E-06 -2.009705695701E-06  9.620940567049E-02  1.979868288558E-06 -4.105131583973E-03  1.772267299095E-19 -1.299214930534E-20  4.187157674180E-20 -1.925186022734E-03
  2.766275252132E+02  2.798369380914E+02  1.701294857619E+01  6.697126794103E-15 -2.928231142522E-02  2.913928332826E+02  4.647776228771E-01  5.277916918652E-01 -3.630249675175E-01  8.463211907685E-04 -4.714201750801E-01  2.524700483316E+00 -2.771603448426E-03 -3.210363989874E-02  3.487524334707E-02 -3.065773511083E-02  1.184045468423E-03 -2.511429072018E-06 -1.664648464348E-06  1.887557969485E-06  9.400481321954E-02  2.511429072636E-06 -4.613366937930E-03  1.728146283100E-19 -8.692023461071E-21  2.064794240590E-20 -1.898890477748E-03
  2.830463509696E+02  2.863520462341E+02  1.705062062659E+01  6.432949369954E-15 -3.133025413026E-02  2.926428606083E+02  4.620564545862E-01  5.255836363276E-01 -3.600953618732E-01  8.876197729365E-04 -5.078481844797E-01  2.517631252424E+00 -3.738287187245E-03 -2.927979902856E-02  3.301808621545E-02 -3.013554449673E-02  1.522536949783E-03 -8.824767064718E-08 -8.369435881435E-07 -1.040686413032E-06  9.037922579456E-02  8.824766511165E-08 -5.157160987692E-03  1.481581387288E-19 -8.267651649131E-21  2.246292530882E-20 -1.863479452741E-03
  2.896577414987E+02  2.930626076211E+02  1.708764507472E+01  6.033184079638E-15 -3.353726550025E-02  2.938742560984E+02  4.591714886910E-01  5.234672152356E-01 -3.571402505139E-01  9.658605232780E-04 -5.474823579358E-01  2.513061886803E+00 -4.778341491958E-03 -2.641286868743E-02  3.119121017931E-02 -2.951323820225E-02  1.524870974021E-03 -1.122932010508E-06 -3.052209719398E-09 -3.064876929632E-06  8.756614456066E-02  1.122932008110E-06 -5.722454542842E-03  1.658691958524E-19 -1.987879887753E-20  1.734845695757E-20 -1.837372485833E-03
  2.964674737436E+02  2.999744858498E+02  1.712518012044E+01  5.858846827828E-15 -3.620023957637E-02  2.951253296927E+02  4.560864178639E-01  5.211833105398E-01 -3.540047953501E-01  1.061438143594E-03 -5.946227432779E-01  2.508492713018E+00 -5.513833019880E-03 -2.362202266570E-02  2.913585568557E-02 -2.927187222219E-02  1.847890792167E-03  1.596787650283E-06  9.270419844285E-07  2.101204543550E-07  8.575444072802E-02 -1.596787659426E-06 -6.181362064703E-03  1.658061454841E-19 -1.632462070706E-20  2.636061809111E-20 -1.824178342125E-03
  3.034814979559E+02  3.070937204253E+02  1.716285275917E+01  6.093101283938E-15 -3.894550855863E-02  2.963834446688E+02  4.527460363740E-01  5.183569058241E-01 -3.508193192529E-01  1.130298022604E-03 -6.441533225733E-01  2.505648496419E+00 -6.326035706463E-03 -2.078281789101E-02  2.710885359754E-02 -2.912330776898E-02  1.988451068871E-03  1.166646714551E-06  1.651979196713E-06 -3.329497641519E-06  8.413884804461E-02 -1.166646714746E-06 -6.090307241726E-03  1.589332440829E-19 -2.200419875247E-20  1.517270165713E-20 -1.817125237270E-03
  3.107059428946E+02  3.144265320380E+02  1.720118220400E+01  6.480183432680E-15 -4.168693955337E-02  2.976658086370E+02  4.491030124608E-01  5.148007390398E-01 -3.474862630212E-01  1.193880633802E-03 -6.939078347825E-01  2.507906707491E+00 -7.211515375158E-03 -1.796543125945E-02  2.517694663438E-02 -2.900244421283E-02  1.977207613226E-03  1.234758504485E-06  1.868200732448E-06 -6.688684572706E-06  8.202270625106E-02 -1.234758505596E-06 -5.941977415205E-03  1.439187794562E-19 -1.608048941224E-20  2.404732725850E-20 -1.801887614336E-03
  3.181471211814E+02  3.219793279992E+02  1.723917230454E+01  6.883285102200E-15 -4.447084268391E-02  2.989376007780E+02  4.454081090586E-01  5.108381726295E-01 -3.440137678505E-01  1.242525089661E-03 -7.447705999920E-01  2.510322180691E+00 -8.138060032263E-03 -1.504033991586E-02  2.317839994773E-02 -2.866115118698E-02  1.894563996137E-03  9.353459586431E-07  1.804729502900E-06 -6.706810149650E-06  7.983821525084E-02 -9.353459540040E-07 -5.419767186806E-03  1.392839026098E-19 -1.036373519305E-20  9.827164298490E-21 -1.783385356187E-03
  3.258115348169E+02  3.297587078391E+02  1.727768770750E+01  6.992199643359E-15 -4.688119774629E-02  3.002288588928E+02  4.418902762676E-01  5.073925913355E-01 -3.404829224635E-01  1.337860419272E-03 -7.894606205674E-01  2.514004059956E+00 -9.006626617210E-03 -1.215040274113E-02  2.115702935831E-02 -2.847146556432E-02  1.687063865035E-03  1.115205965196E-07  1.420048986566E-06 -9.684484966983E-06  7.943759378004E-02 -1.115205986998E-07 -4.940773478182E-03  1.472154192965E-19 -2.317456880552E-20  4.965427153320E-21 -1.787135931694E-03
  3.337058808614E+02  3.377714690743E+02  1.731755168324E+01  6.937298825671E-15 -4.934788091947E-02  3.015708926543E+02  4.384446041373E-01  5.036804179796E-01 -3.367253256526E-01  1.325402020986E-03 -8.355452379600E-01  2.519937042009E+00 -9.798313472145E-03 -9.311465109997E-03  1.910977858204E-02 -2.872139043677E-02  1.796455365121E-03  5.261733815501E-07  9.955963707266E-07 -9.612782087104E-06  7.850235517505E-02 -5.261733789156E-07 -4.014037376100E-03  1.593131322799E-19 -2.122106715499E-20  6.409996479081E-21 -1.789844587593E-03
  3.418370572872E+02  3.460246131465E+02  1.735746132350E+01  7.292970878534E-15 -5.096855514884E-02  3.029171958260E+02  4.348538050987E-01  5.003067135672E-01 -3.329101314444E-01  1.486351564529E-03 -8.675570688043E-01  2.530984812195E+00 -1.063974905301E-02 -6.570763065907E-03  1.721051211901E-02 -2.856871597240E-02  1.504776722741E-03  4.765675966795E-07  9.258090109186E-07 -9.969218442544E-06  7.711972775257E-02 -4.765675973252E-07 -3.400105768866E-03  1.246490519349E-19 -2.372287473629E-20 -8.787743238069E-21 -1.789550456238E-03
  3.502121690058E+02  3.545253515409E+02  1.739827021637E+01  7.772447308882E-15 -5.292550911119E-02  3.042970315814E+02  4.311425007220E-01  4.971742672479E-01 -3.289307821280E-01  1.487448235270E-03 -9.051721921967E-01  2.540389526708E+00 -1.139045437822E-02 -3.808586930933E-03  1.519904130896E-02 -2.865701198514E-02  1.540386805092E-03  2.787049820827E-07  1.059231325600E-06 -1.068174258505E-05  7.546419147176E-02 -2.787049808126E-07 -3.651107641844E-03  1.429787357812E-19 -1.466882478282E-20 -9.960424177440E-21 -1.778095066242E-03
  3.588385340760E+02  3.632811120872E+02  1.743881066513E+01  8.048888378714E-15 -5.491725067286E-02  3.056719832900E+02  4.273916548838E-01  4.944377431325E-01 -3.247695983295E-01  1.628160539319E-03 -9.434512038716E-01  2.552477786960E+00 -1.192697255635E-02 -1.278733022446E-03  1.320570557919E-02 -2.830396782700E-02  1.652455730272E-03  1.782013300729E-07  1.071514684170E-06 -9.375833706424E-06  7.437751818726E-02 -1.782013356240E-07 -3.458779457393E-03  1.262087962047E-19 -2.763656859993E-20 -2.934006567057E-20 -1.773610605199E-03
  3.677236900983E+02  3.722995454498E+02  1.748084531425E+01  8.183768116302E-15 -5.676711562139E-02  3.071010906930E+02  4.235066882361E-01  4.911696977077E-01 -3.204736582521E-01  1.603850781811E-03 -9.789022633947E-01  2.566179905084E+00 -1.263743100943E-02  1.488842028266E-03  1.114858898125E-02 -2.851923147960E-02  1.666991820316E-03 -8.198102975461E-07  9.918516255047E-07 -8.696459360132E-06  7.385252564389E-02  8.198102980408E-07 -3.324621661290E-03  1.266249656733E-19 -4.443482357485E-20 -1.729767550325E-20 -1.778531059377E-03
  3.768754008012E+02  3.815885318133E+02  1.752328492458E+01  8.323466192904E-15 -5.872946163451E-02  3.085480043840E+02  4.192733214508E-01  4.873595034448E-01 -3.160233511152E-01  1.688740054008E-03 -1.017221630763E+00  2.580058507032E+00 -1.346844569183E-02  4.112840960536E-03  9.355604731243E-03 -2.834297316658E-02  1.650934485119E-03 -1.627838137242E-06  6.297644889959E-07 -7.363801364633E-06  7.249600810981E-02  1.627838134178E-06 -3.789727352429E-03  1.323552068764E-19 -1.448813589687E-20 -1.783904246704E-20 -1.771879145581E-03
  3.863016628253E+02  3.911561877677E+02  1.756627801880E+01  8.366258243189E-15 -6.124504026963E-02  3.100175964038E+02  4.147482131651E-01  4.838304672064E-01 -3.113794641666E-01  1.650204173861E-03 -1.065277316240E+00  2.602568163545E+00 -1.405009319722E-02  6.729358998761E-03  7.320734198412E-03 -2.843063762710E-02  1.877964146766E-03 -2.126291767863E-06 -5.145485483326E-07 -5.734105673912E-06  7.135114485003E-02  2.126291766143E-06 -4.514259573680E-03  1.084130739061E-19 -2.909686522995E-20 -5.608439066559E-21 -1.775845813473E-03
  3.960107127100E+02  4.010108734007E+02  1.760987368308E+01  8.359898277105E-15 -6.420467709138E-02  3.115137454152E+02  4.101718836270E-01  4.795011026617E-01 -3.066069026268E-01  1.788316293174E-03 -1.122574498114E+00  2.624723277967E+00 -1.469233892762E-02  9.110246692672E-03  5.582092234952E-03 -2.838153088828E-02  2.002224171011E-03 -2.557095908599E-06 -1.776707991698E-06 -2.218245227889E-06  7.117893408637E-02  2.557095903798E-06 -5.176126223143E-03  1.163102854988E-19 -2.308407925052E-20 -9.646118766055E-21 -1.783656601697E-03
  4.060110340913E+02  4.111611996027E+02  1.765525909991E+01  8.636880056631E-15 -6.770400155699E-02  3.130801925439E+02  4.054418815856E-01  4.765530773215E-01 -3.015602986726E-01  1.787191745178E-03 -1.189948115275E+00  2.651877708426E+00 -1.532917376438E-02  1.153978571855E-02  3.789388046111E-03 -2.876216688985E-02  2.187796086044E-03 -2.501342317461E-06 -2.062113811963E-06 -1.375920968052E-06  7.139583713049E-02  2.501342323201E-06 -4.881142909368E-03  1.065495528496E-19 -2.331490645262E-20 -3.210905231918E-20 -1.801971188933E-03
  4.163113651141E+02  4.216160355908E+02  1.770181551206E+01  9.136270480032E-15 -7.048930077481E-02  3.146925175755E+02  4.006187962495E-01  4.715400486236E-01 -2.964290971335E-01  1.994072155667E-03 -1.245270644237E+00  2.682409143325E+00 -1.595471295329E-02  1.389967115757E-02  2.055041796105E-03 -2.886591676870E-02  1.915511727724E-03 -3.266434882936E-06 -1.938682042929E-06 -3.780097039956E-06  7.064277705552E-02  3.266434887312E-06 -4.199459598843E-03  7.981800574114E-20 -1.902736881046E-20 -3.404741525108E-20 -1.795786856650E-03
  4.269207060675E+02  4.323845166585E+02  1.774893738683E+01  9.484307364356E-15 -7.328997830369E-02  3.163327811770E+02  3.958714385640E-01  4.658361793971E-01 -2.910759945741E-01  2.090447549550E-03 -1.299372781237E+00  2.713094980659E+00 -1.648912679070E-02  1.601162757463E-02  4.774992159284E-04 -2.853047048352E-02  1.844366543706E-03 -2.363202409463E-06 -1.468639749796E-06 -2.748785672765E-06  6.980880478689E-02  2.363202411392E-06 -3.936454876421E-03  1.085312982090E-19 -1.579231947364E-20 -3.488603523661E-20 -1.793484897353E-03
  4.378483272495E+02  4.434760521583E+02  1.779715867534E+01  9.733192911944E-15 -7.586928929282E-02  3.180178820191E+02  3.910705218604E-01  4.589974839959E-01 -2.855497714790E-01  2.230328967448E-03 -1.349893529823E+00  2.747692749119E+00 -1.710457255845E-02  1.817072486594E-02 -1.066152307740E-03 -2.895577569055E-02  1.835858580044E-03 -1.247827751510E-06 -1.116958934202E-06 -2.814553391092E-06  6.983164324044E-02  1.247827749035E-06 -4.025994412928E-03  9.534505007591E-20 -3.046033148551E-20 -4.159347830970E-20 -1.824429974755E-03
  4.491037770670E+02  4.549003337230E+02  1.784718540123E+01  1.010078883960E-14 -7.894879160727E-02  3.197714039144E+02  3.860135073014E-01  4.518280719523E-01 -2.796883093101E-01  2.438778321481E-03 -1.409332238683E+00  2.777685442090E+00 -1.761203828206E-02  2.007666039782E-02 -2.464622115820E-03 -2.929329590742E-02  1.878725842986E-03  1.255768288108E-06 -1.323733896029E-06 -1.021407751390E-06  7.026590568758E-02 -1.255768286222E-06 -3.195792819435E-03  9.463087358012E-20 -2.135717980138E-20 -4.906559365306E-20 -1.831091577240E-03
  4.606968903790E+02  4.666673437347E+02  1.789899578176E+01  1.025161776938E-14 -8.050200546120E-02  3.215923378287E+02  3.805608760187E-01  4.463375224664E-01 -2.737047376713E-01  2.532815882342E-03 -1.442659781666E+00  2.818260462508E+00 -1.817619930575E-02  2.223910824485E-02 -4.062908939284E-03 -2.955355672590E-02  1.387119597281E-03  2.567388207490E-06 -1.179113954112E-06  3.351868506752E-07  7.002184588880E-02 -2.567388204821E-06 -2.769809189761E-03  8.618283868227E-20 -3.299416300330E-20 -3.321172745451E-20 -1.857663206903E-03
  4.726377970904E+02  4.787873640468E+02  1.795171411651E+01  9.914711521404E-15 -8.307854697988E-02  3.234537451382E+02  3.749743501078E-01  4.401266565856E-01 -2.675587068100E-01  2.674637451548E-03 -1.493042197606E+00  2.857788372384E+00 -1.857470543565E-02  2.413633781784E-02 -5.561632382297E-03 -2.975462853618E-02  1.693949361718E-03  3.821447993804E-06 -8.809567243261E-07 -1.285486761176E-06  6.935107178058E-02 -3.821447995822E-06 -3.913652522749E-03  9.177813128286E-20 -3.038608405861E-20 -4.212907923799E-20 -1.857227500404E-03
  4.849369310031E+02  4.912709849682E+02  1.800561802215E+01  9.028192762249E-15 -8.652902138473E-02  3.253604078579E+02  3.691797134065E-01  4.344054822827E-01 -2.610519245754E-01  2.740516984852E-03 -1.559438735968E+00  2.889574542605E+00 -1.874791033574E-02  2.599922368155E-02 -7.251313346123E-03 -2.969781151979E-02  1.926730278515E-03  4.688824985951E-06 -8.733195516824E-07 -2.468378832095E-06  6.810347018507E-02 -4.688824993725E-06 -3.383262087247E-03  8.126518781988E-20 -2.070517035024E-20 -4.387218673029E-20 -1.836916275723E-03
  4.976050389332E+02  5.041291145172E+02  1.805955101494E+01  7.488429093396E-15 -8.843888783993E-02  3.272736976896E+02  3.634772440510E-01  4.290908808235E-01 -2.544013318245E-01  2.891953398131E-03 -1.599461086498E+00  2.924818028284E+00 -1.906096678435E-02  2.751679300508E-02 -8.455826220705E-03 -2.904136078269E-02  1.685513553682E-03  9.717791785557E-07 -1.023798018840E-06 -2.059732843295E-06  6.660299966633E-02 -9.717791792959E-07 -3.241021487674E-03  6.354439164339E-20 -2.713767306712E-20 -5.079091344195E-20 -1.811083016777E-03
  5.106531901012E+02  5.173729879527E+02  1.811424659229E+01  6.285423516297E-15 -9.178950249432E-02  3.292173312363E+02  3.576030142271E-01  4.231083598499E-01 -2.474395679893E-01  3.060488538536E-03 -1.667465101513E+00  2.969989471261E+00 -1.922360444071E-02  2.901840117301E-02 -9.794796732289E-03 -2.895931204413E-02  1.777073867668E-03  1.172866236556E-06 -1.718812666669E-06  2.540272924916E-07  6.502730986637E-02 -1.172866242959E-06 -4.495762826658E-03  6.815966677991E-20 -1.126878256869E-20 -5.218798431258E-20 -1.805214990955E-03
  5.240927858042E+02  5.310141775913E+02  1.816877905849E+01  5.642788229587E-15 -9.597747613835E-02  3.311541683071E+02  3.513931344909E-01  4.173869186092E-01 -2.404132846611E-01  3.079558569964E-03 -1.750518517904E+00  3.020672954737E+00 -1.954367281307E-02  3.065857960090E-02 -1.111490678777E-02 -2.894348854483E-02  1.999482360452E-03 -5.048166069761E-07 -2.223790109488E-06  1.397596085810E-06  6.382623111614E-02  5.048166018731E-07 -4.977084406126E-03  8.010674676771E-20 -2.890697600129E-20 -3.881039554847E-20 -1.819153198802E-03
  5.379355693784E+02  5.450646029190E+02  1.822465674670E+01  4.955320731294E-15 -1.003993522168E-01  3.331451255344E+02  3.452803726562E-01  4.122964694662E-01 -2.330194469723E-01  3.210795099909E-03 -1.838788306143E+00  3.063141544817E+00 -1.960188906808E-02  3.181265767856E-02 -1.221076861094E-02 -2.922845839266E-02  1.907115001625E-03 -7.062170860985E-07 -1.874264290343E-06  1.040399570434E-06  6.283861543452E-02  7.062170813174E-07 -4.700941301754E-03  4.553306347001E-20 -2.283050648989E-20 -4.873250716020E-20 -1.822602173982E-03
  5.521936364597E+02  5.595365410066E+02  1.828076540550E+01  4.384444630273E-15 -1.043574646796E-01  3.351548477273E+02  3.389234983252E-01  4.059244127103E-01 -2.255248993219E-01  3.354653778285E-03 -1.919726490254E+00  3.120803234966E+00 -1.976703537306E-02  3.287886092067E-02 -1.311182554786E-02 -2.902320042873E-02  1.490682921726E-03  2.119418686270E-07 -1.078185910198E-06  2.380924506662E-06  6.256372841995E-02 -2.119418685511E-07 -4.607921809520E-03  5.010176218710E-20 -3.071001701352E-20 -4.723238096935E-20 -1.818850082791E-03
  5.668794455535E+02  5.743794455535E+02  1.833952238262E+01  3.957837240813E-15 -1.088629713050E-01  3.372694078316E+02  3.324038868308E-01  4.022756515674E-01 -2.176108561528E-01  3.414969952584E-03 -2.013160793550E+00  3.152856287835E+00 -1.972631281356E-02  3.358505245602E-02 -1.385873964250E-02 -2.916222687008E-02  1.660303207508E-03 -1.460255701385E-06 -3.099424864609E-07 -1.110969174819E-06  6.264541890883E-02  1.460255695935E-06 -5.123516395886E-03  7.429320553674E-20 -2.697104111594E-20 -4.170554233448E-20 -1.827340771284E-03
  5.818794455535E+02  5.893794455535E+02  1.839824474740E+01  3.620821885953E-15 -1.139584622110E-01  3.393941030105E+02  3.262965768535E-01  3.991294487270E-01 -2.098227407851E-01  3.626165597332E-03 -2.115431486529E+00  3.111948140799E+00 -1.949461643824E-02  3.283561705628E-02 -1.334100061809E-02 -2.886687699012E-02  1.860193333307E-03 -1.840938487021E-06  1.560831063675E-07 -2.932877317196E-06  6.162728467050E-02  1.840938484575E-06 -4.519216822549E-03  4.896117081289E-20 -2.644975625550E-20 -4.985315895907E-20 -1.774883265672E-03
  5.968794455535E+02  6.043794455535E+02  1.845509929997E+01  3.646760555568E-15 -1.173311489214E-01  3.414586225840E+02  3.202665030602E-01  3.929261426826E-01 -2.020615179033E-01  3.534884086646E-03 -2.186328516466E+00  3.068053172202E+00 -1.912375231632E-02  3.235853304458E-02 -1.323478072865E-02 -2.781609327769E-02  1.284528340123E-03 -8.717869801057E-07  7.892129110170E-07  4.052105054769E-07  5.981388193171E-02  8.717869775084E-07 -3.788236093915E-03  4.039728488606E-20 -1.459287556998E-20 -4.520057652002E-20 -1.705427640423E-03
  6.118794455535E+02  6.193794455535E+02  1.851041292276E+01  3.631064416157E-15 -1.210632977266E-01  3.434750801247E+02  3.143408515514E-01  3.870227611375E-01 -1.942959728962E-01  3.802351707962E-03 -2.261556426599E+00  3.021077323337E+00 -1.880777132181E-02  3.174288411809E-02 -1.293511279633E-02 -2.668488741108E-02  1.214669507313E-03 -1.702808314867E-07  1.760643164007E-06  7.568719525927E-07  5.752235951786E-02  1.702808323875E-07 -3.755634353227E-03  3.956695069066E-20 -2.278525313653E-20 -3.116268524778E-20 -1.617300581925E-03
  6.268794455535E+02  6.343794455535E+02  1.856293608143E+01  3.450187871223E-15 -1.243835238858E-01  3.453968558682E+02  3.085302363402E-01  3.807887007492E-01 -1.866255421962E-01  3.663174119590E-03 -2.329280221769E+00  2.978369060908E+00 -1.854482197298E-02  3.093058200835E-02 -1.238576003523E-02 -2.501982645166E-02  8.705439417006E-04 -8.276620256746E-08  2.373265811799E-06  1.452110845426E-06  5.545611173746E-02  8.276620507010E-08 -3.511308908944E-03  3.708181974246E-20 -1.142580757547E-20 -3.936499650471E-20 -1.526866234610E-03
  6.418794455535E+02  6.493794455535E+02  1.861436457923E+01  3.385955217016E-15 -1.276578269050E-01  3.472842548960E+02  3.025286697855E-01  3.719821668733E-01 -1.789291678832E-01  3.829422255438E-03 -2.396974970771E+00  2.935184824216E+00 -1.819267977999E-02  3.023699984444E-02 -1.204432006441E-02 -2.398687917731E-02  7.503936947023E-04  9.115878419032E-07  2.098966533842E-06 -2.413486461538E-07  5.426209353313E-02 -9.115878422175E-07 -2.231990076319E-03  3.286631793071E-20 -1.749660748366E-20 -5.399266709868E-20 -1.475120969201E-03
  6.568794455535E+02  6.643794455535E+02  1.866467710914E+01  3.242226004456E-15 -1.285544649150E-01  3.491376943041E+02  2.960606990961E-01  3.622431614605E-01 -1.713288001797E-01  3.741702626586E-03 -2.418342574185E+00  2.894724033666E+00 -1.796337019047E-02  2.964296396206E-02 -1.167959377158E-02 -2.315130203499E-02  1.874476966033E-04  9.422504184830E-07  1.361073518805E-06  5.509154710771E-07  5.302744970552E-02 -9.422504206149E-07 -6.829685700254E-04  3.352471191215E-20 -2.538967583261E-20 -4.603652597877E-20 -1.414698325392E-03
  6.718794455535E+02  6.793794455535E+02  1.871380833179E+01  3.052938544329E-15 -1.289146097338E-01  3.509516523208E+02  2.891832183005E-01  3.547570497880E-01 -1.637249407432E-01  3.837931569990E-03 -2.430392314796E+00  2.860443395661E+00 -1.743079379372E-02  2.915025230286E-02 -1.171945850881E-02 -2.220058789553E-02 -4.387101301064E-05 -1.625152760485E-06  1.013776968916E-06  2.860821332564E-06  5.191299142417E-02  1.625152758674E-06  3.380768780976E-04  2.731577874539E-20 -1.140249725923E-20 -5.079301030967E-20 -1.369084051838E-03
  6.868794455535E+02  6.943794455535E+02  1.876203258738E+01  3.105912011955E-15 -1.279075426419E-01  3.527362496414E+02  2.819550548460E-01  3.461353807501E-01 -1.560016635598E-01  3.699938589240E-03 -2.416269771599E+00  2.819528983855E+00 -1.712141018060E-02  2.830357248013E-02 -1.118216229977E-02 -2.153762981858E-02 -3.591148236191E-04  4.663956505190E-07  1.461364272767E-06  1.082688110093E-06  5.082326976129E-02 -4.663956506700E-07  3.573456211742E-04  2.587688380826E-20 -1.412582312820E-20 -4.010620692880E-20 -1.325506469440E-03
  7.018794455535E+02  7.093794455535E+02  1.880911402303E+01  3.674075330721E-15 -1.282366815110E-01  3.544825343705E+02  2.742695359379E-01  3.381987758987E-01 -1.484863417494E-01  3.623104722875E-03 -2.430125918934E+00  2.776232043683E+00 -1.684370255978E-02  2.749596799202E-02 -1.065226543208E-02 -2.066499777806E-02 -7.225802575314E-07 -1.562098392435E-07  1.887775952859E-06 -2.570695394356E-07  4.829084720389E-02  1.562098471361E-07 -3.242244052207E-04  2.164439679830E-20 -1.985315419129E-20 -6.323051171575E-20 -1.242775410306E-03
  7.168794455535E+02  7.243794455535E+02  1.885257562805E+01  4.239254744407E-15 -1.285182546037E-01  3.560970398821E+02  2.659998503510E-01  3.309940172344E-01 -1.407416532306E-01  3.457679963381E-03 -2.443473351858E+00  2.721434746880E+00 -1.633226381494E-02  2.675517592686E-02 -1.042291211190E-02 -1.911486346417E-02 -8.478289458540E-05  1.402590584395E-06  2.269418005649E-06 -3.629533487858E-06  4.493803436065E-02 -1.402590583826E-06 -6.299894020106E-05  1.838081295317E-20 -2.271788074860E-20 -5.030823619704E-20 -1.151916676005E-03
  7.318794455535E+02  7.393794455535E+02  1.889337800896E+01  4.363619817045E-15 -1.283634082817E-01  3.576136219044E+02  2.571098577908E-01  3.227871162446E-01 -1.331441888299E-01  3.350318010079E-03 -2.446517534467E+00  2.667317958872E+00 -1.609952557067E-02  2.603037153267E-02 -9.930845961932E-03 -1.779431609812E-02 -1.290332608482E-04  1.156514830800E-06  2.470234297514E-06 -2.726088257977E-06  4.341491966184E-02 -1.156514833141E-06 -1.566523244578E-03  3.909192378802E-20 -2.869369222740E-20 -4.485020954450E-20 -1.088772545395E-03
  7.468794455535E+02  7.543794455535E+02  1.893399319449E+01  4.098623747976E-15 -1.314584279957E-01  3.591304378670E+02  2.477336599570E-01  3.154437863878E-01 -1.253515095966E-01  3.167506265780E-03 -2.510752113855E+00  2.627522792322E+00 -1.585709138150E-02  2.550680983568E-02 -9.649718454233E-03 -1.707167456194E-02  4.401314228344E-04  1.465679433061E-06  2.168598894790E-06 -2.451936690579E-06  4.251665193034E-02 -1.465679435337E-06 -3.178114116636E-04  2.629659007761E-20 -9.483771253425E-21 -3.548479353350E-20 -1.045857270532E-03
  7.618794455535E+02  7.693794455535E+02  1.897309613240E+01  3.442640468850E-15 -1.289594405433E-01  3.605947522813E+02  2.378474742163E-01  3.045822129444E-01 -1.179106281779E-01  3.016818723707E-03 -2.470281501618E+00  2.597874497093E+00 -1.561003624429E-02  2.522496463455E-02 -9.614928390353E-03 -1.636443963241E-02 -6.433090677743E-04  2.773467163999E-07  2.095490476708E-06 -3.917160095714E-07  4.014227794411E-02 -2.773467137035E-07  2.882418638395E-04  2.685974342788E-20 -2.666636735742E-20 -4.555859286592E-20 -9.923052115488E-04
  7.768794455535E+02  7.843794455535E+02  1.900924311885E+01  2.669524902058E-15 -1.309271062053E-01  3.619495369018E+02  2.278273440688E-01  2.952529782758E-01 -1.101024768112E-01  2.784138897893E-03 -2.513158334121E+00  2.557394296979E+00 -1.517596278944E-02  2.472044871189E-02 -9.544485922213E-03 -1.545739127855E-02 -3.580396309795E-05  2.125276801568E-07  2.080723793257E-06  9.984332613659E-07  3.852785131989E-02 -2.125276833745E-07 -1.624156775066E-04  1.266385756222E-20 -1.252681504838E-20 -4.306571256007E-20 -9.557481600797E-04
  7.918794455535E+02  7.993794455535E+02  1.904532021783E+01  1.822601368873E-15 -1.292810634866E-01  3.633020835943E+02  2.181515927970E-01  2.822998670831E-01 -1.026047819859E-01  2.522533900582E-03 -2.485446028466E+00  2.506398884052E+00 -1.476478517459E-02  2.400456993138E-02 -9.239784757068E-03 -1.507984316822E-02 -3.090359824800E-04 -7.747740699648E-07  2.011208402556E-06  2.082060486447E-06  3.699517074483E-02  7.747740627185E-07 -3.452933793884E-04  2.893454493236E-20 -1.126910889045E-20 -4.202523430318E-20 -9.078653615920E-04
  8.068794455535E+02  8.143794455535E+02  1.907861005413E+01  1.109680399508E-15 -1.315753864476E-01  3.645526839847E+02  2.085263865138E-01  2.735853545916E-01 -9.480480628089E-02  2.372594009201E-03 -2.534452893584E+00  2.453442454944E+00 -1.422349714762E-02  2.306533106021E-02 -8.841833912561E-03 -1.386924738241E-02  4.080080984247E-04 -5.145316408871E-07  1.615674171525E-06  3.963469314586E-06  3.489884351110E-02  5.145316377518E-07 -3.379370540839E-04  2.593105588075E-20 -8.072553579824E-21 -4.570169364382E-20 -8.385718877808E-04
  8.218794455535E+02  8.293794455535E+02  1.911075910760E+01  8.241066972355E-16 -1.298919962126E-01  3.657630388183E+02  1.987296919368E-01  2.623736199805E-01 -8.736590525475E-02  2.058357648329E-03 -2.506291609286E+00  2.403992875868E+00 -1.385468750603E-02  2.213219754589E-02 -8.277510039846E-03 -1.305696123278E-02 -3.966685806046E-04 -8.360383712214E-07  9.348662220380E-07  4.132187306242E-06  3.319365252455E-02  8.360383705222E-07  1.355185943517E-03  2.281216014769E-20 -1.447858118000E-20 -4.789507148274E-20 -7.908017774811E-04
  8.368794455535E+02  8.443794455535E+02  1.914085215191E+01  5.074661755626E-16 -1.290174575619E-01  3.668987526892E+02  1.884756043298E-01  2.544476650022E-01 -7.963506781498E-02  1.946225485947E-03 -2.492810338127E+00  2.358662040803E+00 -1.345412363094E-02  2.149120303362E-02 -8.037079402721E-03 -1.226501819623E-02 -2.945120428224E-04 -2.045364766001E-07  6.982406333888E-07  1.778083777240E-06  3.122328244608E-02  2.045364745007E-07  1.751405720823E-03  2.441122332858E-20 -1.222820603202E-20 -3.661544357365E-20 -7.498940372581E-04
  8.518794455535E+02  8.593794455535E+02  1.916931047775E+01 -4.367578347597E-17 -1.266099650968E-01  3.679749983678E+02  1.776520406587E-01  2.467966304185E-01 -7.210493002157E-02  1.567238182436E-03 -2.448398444021E+00  2.316597327423E+00 -1.303684636916E-02  2.096545578975E-02 -7.928609420414E-03 -1.175556183598E-02 -6.455276497431E-04 -2.355995830203E-06  9.936175555205E-07  4.702683633458E-07  2.997975697600E-02  2.355995829191E-06  2.681293214618E-03  1.169288306383E-20 -1.201103521077E-20 -4.289600564370E-20 -7.210005951066E-04
  8.668794455535E+02  8.743794455535E+02  1.919706296273E+01 -4.158305644264E-16 -1.239955614587E-01  3.690267089309E+02  1.660349815794E-01  2.414714704780E-01 -6.449343564461E-02  1.475924106367E-03 -2.400199110424E+00  2.280604099066E+00 -1.251195154859E-02  2.032349013331E-02 -7.811538584740E-03 -1.126126932313E-02 -6.131748061999E-04 -1.162672780803E-06  1.076572946207E-06 -6.930672591776E-08  2.985898640248E-02  1.162672785243E-06  2.280285360216E-03  1.135921825358E-20 -1.841885494610E-20 -4.235651218175E-20 -6.944418910523E-04
  8.818794455535E+02  8.893794455535E+02  1.922529023257E+01 -4.488494717685E-16 -1.223360232947E-01  3.701003404391E+02  1.535575653407E-01  2.363519457119E-01 -5.693580069195E-02  1.245747101146E-03 -2.369505194372E+00  2.245813572984E+00 -1.219817219140E-02  1.973779069139E-02 -7.539618500057E-03 -1.100394325539E-02 -3.797904684579E-04 -5.307243207345E-07  7.562204218420E-07  8.870384481115E-07  2.910218154480E-02  5.307243204038E-07  2.135544278603E-03 -1.195729301340E-21 -8.292393307364E-21 -5.111138373237E-20 -6.738017942313E-04
  8.968794455535E+02  9.043794455535E+02  1.925163025908E+01 -2.344926914681E-16 -1.199992749070E-01  3.711007572030E+02  1.402339083948E-01  2.324642734167E-01 -4.932761771861E-02  1.072053923151E-03 -2.326591687391E+00  2.208035722602E+00 -1.182389570990E-02  1.915322322619E-02 -7.329327516182E-03 -1.045369145192E-02 -4.660886378101E-04 -5.023004172844E-07  4.746239285862E-07  1.178141149593E-06  2.757821171407E-02  5.023004201270E-07  2.740884875515E-03  9.549274515447E-21 -1.948415266203E-21 -4.987069094587E-20 -6.296622093654E-04
  9.118794455535E+02  9.193794455535E+02  1.927700705541E+01 -2.350528625905E-17 -1.172039476696E-01  3.720667967575E+02  1.254687042699E-01  2.312520272723E-01 -4.169392647520E-02  7.660132869286E-04 -2.273441371856E+00  2.171892991332E+00 -1.153966127660E-02  1.869947346532E-02 -7.159812188520E-03 -9.628070966000E-03 -5.597109317462E-04 -3.604306929225E-07 -1.792472810741E-07  3.711426660125E-06  2.669414027560E-02  3.604306945673E-07  7.805582553302E-04 -5.255821537427E-21 -3.335615272816E-21 -3.516009957247E-20 -5.770565479284E-04
  9.268794455535E+02  9.343794455535E+02  1.930168374041E+01 -1.728861194830E-16 -1.185312902456E-01  3.730097601229E+02  1.088923037360E-01  2.337043517640E-01 -3.410031990018E-02  6.962812511769E-04 -2.302054640294E+00  2.141179268562E+00 -1.139052072161E-02  1.836573392320E-02 -6.975213201568E-03 -8.855948366773E-03  1.117755100402E-04 -3.446535073572E-07 -8.562880589549E-07  3.980498527944E-06  2.633196934904E-02  3.446535022549E-07 -6.572673736906E-04  1.352214591027E-22 -1.946754991044E-21 -2.846585672300E-20 -5.431598977743E-04
  9.418794455535E+02  9.493794455535E+02  1.932637970741E+01 -3.730088431418E-16 -1.184315212526E-01  3.739553909387E+02  8.994556302085E-02  2.390611732639E-01 -2.633018293177E-02  4.508559968266E-04 -2.302496867895E+00  2.125594122587E+00 -1.115342611131E-02  1.789928716992E-02 -6.745861058494E-03 -8.593482147149E-03  9.015944838371E-05 -1.493340434678E-08 -1.077449927754E-06  1.672743368629E-06  2.899881799605E-02  1.493340351919E-08 -1.823964549318E-03 -8.650989477815E-21 -1.845686587325E-21 -2.766291500559E-20 -5.488938040178E-04
  9.568794455535E+02  9.643794455535E+02  1.935605269994E+01 -2.582405679632E-16 -1.219533602461E-01  3.750969066690E+02  6.775151134715E-02  2.485459754820E-01 -1.864933092941E-02  3.208096729757E-04 -2.374318531840E+00  2.133471796209E+00 -1.095330668111E-02  1.764034032777E-02 -6.687033646657E-03 -9.090899636794E-03  7.370468403940E-04 -2.934412329829E-07 -9.040809551244E-07  1.070366421060E-06  3.291900963376E-02  2.934412326303E-07 -4.469901274327E-03  3.815879419357E-21 -1.403538733214E-22 -3.238885371811E-20 -6.022760851009E-04
  9.718794455535E+02  9.793794455535E+02  1.938809432785E+01 -1.107465537100E-17 -1.268195922953E-01  3.763350471951E+02  4.115193933199E-02  2.642012704857E-01 -1.079020031291E-02  1.637108950836E-04 -2.472888948188E+00  2.286135297565E+00 -1.152069909185E-02  1.956030869887E-02 -8.039609606951E-03 -1.051921299771E-02  1.077335771100E-03 -4.640543745127E-07 -8.828425149567E-07 -7.353851415060E-07  4.077580179235E-02  4.640543749065E-07 -7.330688933833E-03 -7.574906913928E-21  2.829859384629E-21 -1.959888891013E-20 -7.987031132036E-04
  9.868794455535E+02  9.943794455535E+02  1.943249955353E+01  5.266279852883E-17 -1.356990661970E-01  3.780754887075E+02  8.369756822228E-03  3.054712650099E-01 -3.152337903264E-03 -3.031650619851E-05 -2.651376432328E+00  2.314301685797E+00 -1.331822724216E-02  2.158735831083E-02 -8.269131068186E-03 -1.355032193731E-02  2.002237423701E-03 -7.370678808011E-07 -5.419334287441E-07 -2.203911254045E-06  2.368564169528E-02  7.370678804695E-07 -4.737168219883E-03 -3.974757482678E-21  1.340303718567E-21 -2.597727771618E-20 -3.969213855060E-04
