                   y                  ym                   U                   V                   W                 U^2                 V^2                 W^2                  UV                  VW                  UW                VISC               SFSxx               SFSyy               SFSzz               SFSxy               SFSyz                dUdX                dVdX                dWdX                dUdY                dVdY                dWdY                dUdZ                dVdZ                dWdZ              SFSxym
 -4.000000000000E+00 -2.000000000000E+00  0.000000000000E+00  0.000000000000E+00  0.000000000000E+00  0.000000000000E+00  0.000000000000E+00  0.000000000000E+00  0.000000000000E+00  0.000000000000E+00  0.000000000000E+00  0.000000000000E+00  0.000000000000E+00  0.000000000000E+00  0.000000000000E+00  0.000000000000E+00  0.000000000000E+00  0.000000000000E+00  0.000000000000E+00  0.000000000000E+00  0.000000000000E+00  0.000000000000E+00  0.000000000000E+00  0.000000000000E+00  0.000000000000E+00  0.000000000000E+00  0.000000000000E+00
  2.220446049250E-16  2.000000000000E+00  6.765061699142E+00 -7.834619093529E-16 -2.546401620323E-02  4.701820315491E+01  2.417744572520E-02  3.242385861283E-01 -7.095084486111E-02 -4.454306349506E-04 -1.784984783573E-01  6.893707528153E-01 -6.152726039798E-04  2.355416833127E-03 -1.740144228968E-03 -2.380249631623E+00  7.615918857368E-03 -6.453940051092E-04 -5.813297297439E-05  1.349099952639E-05  2.900500934312E+01  6.453940050943E-04 -1.035702687564E-01 -2.793614206973E-20  1.194993256490E-21  4.973902482279E-21 -4.922873254120E-03
  4.000000000000E+00  6.000000000000E+00  7.737437360075E+00 -2.100383813634E-15 -2.634774495650E-02  6.107946097224E+01  9.598819475215E-02  3.166618721454E-01 -1.360926062791E-01 -5.263224178907E-04 -2.148240317572E-01  3.690195583634E+00  9.688147824562E-02 -1.096092707883E-01  1.272779254267E-02 -4.827554222573E-01 -3.893947312843E-02  1.873429042410E-04 -8.967671387471E-05 -2.321333671919E-05  2.609014791063E+00 -1.873429042580E-04  1.409517350234E-03 -1.858847831714E-20 -2.898074522126E-21  4.947278276204E-23 -3.444191348940E-02
  8.000000000000E+00  1.000000000000E+01  8.069422009018E+00 -2.714441085100E-15 -2.475074514170E-02  6.616485244016E+01  1.152778433368E-01  2.943934892384E-01 -1.335610563614E-01 -5.599257404474E-04 -2.115251873609E-01  3.864902334092E+00  5.699314358262E-02 -1.426794166098E-01  8.568627302725E-02 -2.897838261571E-01 -7.706333060239E-03  1.307133841661E-04 -5.000093129223E-05 -5.239307714808E-06  1.271504978581E+00 -1.307133841798E-04  7.327667012514E-03 -2.011237317296E-20 -1.122542916223E-20  2.613605603643E-20 -1.730864217875E-02
  1.200000000000E+01  1.400000000000E+01  8.373253300869E+00 -2.629419468617E-15 -2.266197077304E-02  7.114125523070E+01  1.258998277664E-01  2.884952516065E-01 -1.434041394192E-01 -5.141472328692E-04 -2.019018586176E-01  3.800905638796E+00  5.348100388766E-02 -1.315943479859E-01  7.811334409846E-02 -2.680196819393E-01 -1.252391242576E-03  9.095623609520E-05 -2.852807781228E-05  9.979801342887E-06  1.044200535596E+00 -9.095623611517E-05  8.663920835982E-03 -4.807366447326E-20  4.397749976308E-21  2.185684029783E-20 -1.460920960209E-02
  1.600000000000E+01  1.800000000000E+01  8.591581906420E+00 -2.203889270154E-15 -2.038900280445E-02  7.480441652495E+01  1.347421265633E-01  2.840657887706E-01 -1.433384978919E-01 -5.356144129028E-04 -1.878475336054E-01  3.586410677884E+00  4.452072470320E-02 -1.175405517734E-01  7.301982707218E-02 -1.955935338294E-01 -8.428706492564E-04  5.878877620174E-05 -1.621416376422E-05  1.205680365361E-05  8.171773849419E-01 -5.878877618846E-05  8.006057524670E-03 -1.568734946090E-20  9.826412422999E-22  3.847308430111E-20 -1.128816303087E-02
  2.000000000000E+01  2.200000000000E+01  8.781864783327E+00 -1.783700212995E-15 -1.865472979498E-02  7.809234024411E+01  1.424077325913E-01  2.828791509897E-01 -1.462923608439E-01 -5.497270585545E-04 -1.772056903607E-01  3.439911894790E+00  3.955415396377E-02 -1.070691529260E-01  6.751499896127E-02 -1.683258039950E-01 -1.131437214920E-03  2.821106127065E-05 -9.295501767790E-06  6.909076491489E-07  6.925902360816E-01 -2.821106131731E-05  6.186324882410E-03 -3.310872403754E-20 -4.703480675137E-21  4.457908800834E-20 -9.572144822536E-03
  2.400000000000E+01  2.600000000000E+01  8.937876590322E+00 -1.431524350737E-15 -1.727525660534E-02  8.083708494212E+01  1.489560096943E-01  2.820109765284E-01 -1.465289065327E-01 -5.574211854052E-04 -1.684691082469E-01  3.285072306495E+00  3.442749616029E-02 -9.773941764570E-02  6.331192148615E-02 -1.381723706506E-01 -1.024758218222E-03  3.338040568986E-05 -4.800539386751E-06 -8.073691000522E-06  5.891638921198E-01 -3.338040567435E-05  4.700429133522E-03 -1.653939259980E-20  2.087363322418E-21  5.941943037025E-20 -8.076910586504E-03
  2.800000000000E+01  3.000000000000E+01  9.076476628589E+00 -9.550845719043E-16 -1.630143569938E-02  8.332254704733E+01  1.544175535148E-01  2.817794025342E-01 -1.476192203244E-01 -5.832893807700E-04 -1.626081885325E-01  3.161747438942E+00  3.078064350492E-02 -9.039739757201E-02  5.961675406718E-02 -1.212806256127E-01 -8.077967388306E-04  2.185068981905E-05 -2.266896030493E-06 -1.376850809193E-06  5.174662474284E-01 -2.185068979960E-05  3.651007905360E-03  1.512044109394E-20 -3.885955667744E-21  7.009434829910E-20 -7.070175499854E-03
  3.200000000000E+01  3.400000000000E+01  9.196611613501E+00 -4.385141338589E-16 -1.549691997576E-02  8.550759665295E+01  1.588912021932E-01  2.814244984947E-01 -1.476745130715E-01 -5.660542147863E-04 -1.578057344175E-01  3.047005720800E+00  2.772345713838E-02 -8.417775062261E-02  5.645429348522E-02 -1.052767828549E-01 -7.226595566573E-04  1.182885786128E-05 -4.859296494762E-07 -2.244462705413E-06  4.592216023593E-01 -1.182885786297E-05  3.418597905932E-03  2.848990874078E-20 -3.624359807549E-21  5.809053352779E-20 -6.244019544919E-03
  3.600000000000E+01  3.800000000000E+01  9.306089589434E+00 -6.128415758988E-16 -1.463470751670E-02  8.752679973848E+01  1.625559756891E-01  2.812682889033E-01 -1.480421825980E-01 -5.698379348553E-04 -1.521042969527E-01  2.949313871833E+00  2.518909367641E-02 -7.888226852929E-02  5.369317485253E-02 -9.492203804840E-02 -7.950796561032E-04  1.554257382855E-05  4.719623812295E-07 -6.518845627595E-06  4.164807018539E-01 -1.554257384750E-05  3.327686656144E-03  1.729207764395E-20  2.196665507250E-21  6.081651102543E-20 -5.632444876639E-03
  4.000000000000E+01  4.200000000000E+01  9.404863066887E+00 -1.247182347812E-15 -1.382982863425E-02  8.936971095863E+01  1.655567291820E-01  2.811379387403E-01 -1.479605063648E-01 -5.706688917510E-04 -1.464014198124E-01  2.857942869911E+00  2.306302451642E-02 -7.422518298309E-02  5.116215846656E-02 -8.540098185650E-02 -7.804630949642E-04  5.320383623598E-06  2.365402133219E-07 -5.694360483381E-06  3.800043726068E-01 -5.320383658347E-06  2.873019975339E-03  1.206830336620E-20  5.256448455274E-21  6.240241477781E-20 -5.104914160994E-03
  4.400000000000E+01  4.600000000000E+01  9.496093093126E+00 -1.715590232720E-15 -1.318838436555E-02  9.109049156452E+01  1.679616262087E-01  2.809141974509E-01 -1.479442768101E-01 -5.650249611930E-04 -1.418068809180E-01  2.777363311861E+00  2.126396092462E-02 -7.019527076037E-02  4.893130983530E-02 -7.819060031761E-02 -7.847652716537E-04  5.701948821043E-06 -6.502972649677E-07  8.231638943892E-09  3.509587347776E-01 -5.701948847644E-06  2.353188188350E-03  1.585202300055E-20  1.271016107967E-21  7.206962989307E-20 -4.688265172736E-03
  4.800000000000E+01  5.000000000000E+01  9.580342043624E+00 -1.528411096325E-15 -1.266773202614E-02  9.269510993727E+01  1.698682195682E-01  2.805100775637E-01 -1.477849999408E-01 -5.678816428882E-04 -1.378924439165E-01  2.706153642420E+00  1.959852991838E-02 -6.672568371797E-02  4.712715379932E-02 -7.198993036671E-02 -7.602208968985E-04 -3.196511394280E-06 -1.757647101695E-06  3.978447149897E-07  3.263242087298E-01  3.196511407563E-06  1.510602247670E-03  2.452610904428E-20  1.114010585426E-20  7.158349447374E-20 -4.336576923287E-03
  5.200000000000E+01  5.400000000000E+01  9.659244189963E+00 -2.842619712390E-16 -1.244751057694E-02  9.421119546701E+01  1.713750568724E-01  2.801255051593E-01 -1.476225637138E-01 -5.688865078926E-04 -1.365159565276E-01  2.643290562218E+00  1.820315232109E-02 -6.369947917668E-02  4.549632685543E-02 -6.692573932698E-02 -5.533577242428E-04 -9.301063730486E-06 -2.732284271437E-06  3.462893811066E-06  3.062370230527E-01  9.301063700372E-06  4.359466562341E-04  1.820724064115E-20  1.440805925957E-21  7.089030014974E-20 -4.041324802505E-03
  5.600000000000E+01  5.800000000000E+01  9.733434699807E+00  9.997992333844E-16 -1.244361176294E-02  9.564828222888E+01  1.725771854040E-01  2.795495142584E-01 -1.473785212955E-01 -5.689516929543E-04 -1.372240753154E-01  2.582019229671E+00  1.699175887731E-02 -6.079128257657E-02  4.379952369882E-02 -6.251573403226E-02 -3.498626699687E-04 -3.268291742500E-06 -2.988691498550E-06  2.706830402272E-06  2.887296917719E-01  3.268291747939E-06 -4.870984907633E-07  4.600935305108E-20 -7.301188488878E-21  6.560369358063E-20 -3.783820070675E-03
  6.000000000000E+01  6.200000000000E+01  9.803587274480E+00  2.753326298689E-15 -1.243592150740E-02  9.701761998776E+01  1.734979525766E-01  2.786999373952E-01 -1.471365901554E-01 -5.491619915983E-04 -1.379556199798E-01  2.523233594487E+00  1.597690106074E-02 -5.813234881210E-02  4.215544775088E-02 -5.863327603524E-02 -3.893208861028E-04  5.246419589127E-06 -2.511364163818E-06  9.416725831664E-06  2.725182370142E-01 -5.246419507474E-06  5.898035917855E-04  4.564794549709E-20 -4.207561611676E-21  8.026676680041E-20 -3.550196475672E-03
  6.400000000000E+01  6.600000000000E+01  9.869672943880E+00  4.700323120449E-15 -1.213683382651E-02  9.831732921911E+01  1.741568723546E-01  2.776045575518E-01 -1.468595623143E-01 -5.443974245145E-04 -1.354832476582E-01  2.468788100829E+00  1.508384203071E-02 -5.573831897645E-02  4.065447694589E-02 -5.497329866824E-02 -4.733879874501E-04  1.383136692702E-06 -8.978391260639E-07  1.456573676583E-05  2.575474558288E-01 -1.383136748077E-06  1.244943426336E-03  1.956148066113E-20 -9.697344495146E-21  8.187107099920E-20 -3.332176563763E-03
  6.800000000000E+01  7.000000000000E+01  9.932378516079E+00  6.685123302731E-15 -1.179150668605E-02  9.955854619300E+01  1.745935311954E-01  2.765022841230E-01 -1.465734055807E-01 -5.446954234563E-04 -1.324775165025E-01  2.416634997431E+00  1.418483914445E-02 -5.362038222465E-02  3.943554308014E-02 -5.165924644644E-02 -4.567255114013E-04  3.221606644122E-06  1.425976482580E-07  1.030907255022E-05  2.440786802969E-01 -3.221606540879E-06  1.398639838057E-03  5.045448269216E-20  1.686681402261E-21  6.976231437031E-20 -3.133503956538E-03
  7.200000000000E+01  7.400000000000E+01  9.991741154994E+00  7.544149802837E-15 -1.141721851561E-02  1.007408694189E+02  1.748277295290E-01  2.753457087941E-01 -1.462729757571E-01 -5.500111759858E-04 -1.290691090057E-01  2.368495798990E+00  1.341392539202E-02 -5.167230296946E-02  3.825837757754E-02 -4.866038109756E-02 -4.441216440277E-04 -3.930484576347E-06 -4.180217879076E-07  6.743125989773E-06  2.326123673471E-01  3.930484548713E-06  1.115741158868E-03  2.441714126829E-20  9.982607726318E-21  7.554888755552E-20 -2.958599952640E-03
  7.600000000000E+01  7.800000000000E+01  1.004865604185E+01  6.628433190057E-15 -1.121739325975E-02  1.018808400728E+02  1.748946340550E-01  2.740346196778E-01 -1.459334382594E-01 -5.457682771071E-04 -1.271754564409E-01  2.323253435313E+00  1.266963064171E-02 -4.978055125344E-02  3.711092061188E-02 -4.613435055155E-02 -2.454156710572E-04  8.114289580159E-06 -2.817219351537E-07  1.115669310394E-05  2.225015838073E-01 -8.114289585959E-06  5.119194555377E-04  3.417552593930E-20 -1.561444780964E-21  6.572902334324E-20 -2.806930159706E-03
  8.000000000000E+01  8.200000000000E+01  1.010297502543E+01  5.856587892601E-15 -1.114883783631E-02  1.029754001263E+02  1.748517205418E-01  2.725812024738E-01 -1.456237002149E-01 -5.321966699743E-04 -1.266033794966E-01  2.280642691358E+00  1.198507253420E-02 -4.809727595149E-02  3.611220341739E-02 -4.366623530502E-02 -2.884327290439E-04  1.183172632940E-05  6.267998643342E-07  7.320916609587E-06  2.130936336462E-01 -1.183172631024E-05  4.360581046892E-04  3.912248415662E-20  5.972678762226E-21  7.643942261028E-20 -2.661531760493E-03
  8.400000000000E+01  8.600000000000E+01  1.015521021165E+01  5.249497288685E-15 -1.100475847610E-02  1.040335182377E+02  1.747310251168E-01  2.709955547343E-01 -1.452657937784E-01 -5.292675455173E-04 -1.253498089208E-01  2.239671810366E+00  1.127631222861E-02 -4.645066596898E-02  3.517435374054E-02 -4.145970112466E-02 -2.830228904620E-04  2.995815692666E-06  1.667983065472E-06  2.904407724697E-06  2.039215109983E-01 -2.995815713351E-06  2.101574206592E-04  4.579431489817E-20 -4.017169924508E-21  6.348464002180E-20 -2.519706328139E-03
  8.800000000000E+01  9.000000000000E+01  1.020492243128E+01  4.834880036840E-15 -1.105353088135E-02  1.050453618891E+02  1.745454243433E-01  2.693746037171E-01 -1.449263758687E-01 -5.283705876319E-04 -1.259764646914E-01  2.201369950659E+00  1.066394932559E-02 -4.496660566504E-02  3.430265633998E-02 -3.924291591612E-02 -8.894134119156E-05  1.194473016816E-05  3.097324763035E-06 -1.840408332818E-07  1.952291990994E-01 -1.194473016965E-05 -4.774239886912E-04  3.293084156577E-20  3.729234156979E-22  6.703703928655E-20 -2.392543906303E-03
  9.200000000000E+01  9.400000000000E+01  1.025282329351E+01  4.687943573554E-15 -1.124981181654E-02  1.060251700598E+02  1.743104794176E-01  2.674852398691E-01 -1.445714586812E-01 -5.295916460249E-04 -1.281523143689E-01  2.166049492690E+00  1.014246662156E-02 -4.361184946338E-02  3.346938284190E-02 -3.736878845607E-02 -2.942283588839E-05  1.179353127268E-05  4.268956307173E-06 -8.051119875918E-07  1.873633372557E-01 -1.179353127167E-05 -8.083019458223E-04  2.915353517402E-20 -2.027350399430E-21  6.950647283742E-20 -2.275548487151E-03
  9.600000000000E+01  9.800000000000E+01  1.029862349387E+01  5.010187505034E-15 -1.147018714176E-02  1.069658694592E+02  1.740724559664E-01  2.655658313185E-01 -1.442202192277E-01 -5.070999765786E-04 -1.306550895551E-01  2.132524198384E+00  9.692308204497E-03 -4.236053081238E-02  3.266822260809E-02 -3.545907273237E-02 -1.689154697212E-05  1.917891494958E-06  4.867474930550E-06 -5.340458666286E-06  1.802960418285E-01 -1.917891480175E-06 -9.127399552912E-04  4.796106482227E-20 -4.376061919192E-21  6.182868010811E-20 -2.171014663577E-03
  1.000000000000E+02  1.020000000000E+02  1.034298458288E+01  5.910732732255E-15 -1.171891525436E-02  1.078802858058E+02  1.738771380347E-01  2.635734732898E-01 -1.438411752663E-01 -4.993871797850E-04 -1.333274032781E-01  2.099289134453E+00  9.249983240674E-03 -4.110256196696E-02  3.185257872632E-02 -3.403516995351E-02  3.401672957777E-05 -1.890150957746E-06  5.395255234252E-06 -3.077376658070E-06  1.737677128794E-01  1.890150947331E-06 -7.412776586599E-04  5.203918624389E-20  1.539972320245E-21  6.772753490460E-20 -2.077071055830E-03
  1.040000000000E+02  1.060000000000E+02  1.038551061911E+01  6.598545187539E-15 -1.183756798868E-02  1.087602548529E+02  1.736950022241E-01  2.613885552960E-01 -1.434850962207E-01 -4.842703574874E-04 -1.345959559697E-01  2.067742507390E+00  8.848718371327E-03 -3.989499344414E-02  3.104627507266E-02 -3.245711308145E-02 -1.060594795985E-05  7.541646917212E-07  5.702902959514E-06 -4.377660538780E-06  1.673035140006E-01 -7.541646524921E-07 -5.673371990000E-04  3.358640300522E-20  2.430194867768E-21  5.928470963544E-20 -1.988458168773E-03
  1.080000000000E+02  1.100000000000E+02  1.042663494007E+01  6.618936030777E-15 -1.200545593630E-02  1.096141009454E+02  1.734741181945E-01  2.592321715821E-01 -1.431012981350E-01 -4.701960506341E-04 -1.362080279010E-01  2.039228434145E+00  8.557389039013E-03 -3.884840747856E-02  3.029101843969E-02 -3.118925542747E-02 -3.740153516658E-05  1.680704582521E-07  5.603350482542E-06 -1.462746623766E-05  1.613476227984E-01 -1.680704595512E-07 -7.188756217335E-04  4.449118176446E-20 -2.809046289462E-21  6.134103608843E-20 -1.910127315947E-03
  1.120000000000E+02  1.140000000000E+02  1.046619584279E+01  6.533896669518E-15 -1.222002594225E-02  1.104382077778E+02  1.732176272591E-01  2.570211256176E-01 -1.427305803374E-01 -4.494881625251E-04 -1.384688619727E-01  2.011343264013E+00  8.200984583714E-03 -3.790091069711E-02  2.969992611289E-02 -2.990062179700E-02 -1.110018122401E-05  2.924648596275E-06  5.172235721662E-06 -1.255534225808E-05  1.555523187347E-01 -2.924648570649E-06 -1.108679136645E-03  4.107561520468E-20  7.375546449810E-22  7.010735327850E-20 -1.831695903908E-03
  1.160000000000E+02  1.180000000000E+02  1.050442782485E+01  6.323901327367E-15 -1.256904983791E-02  1.112376875613E+02  1.729264292136E-01  2.548945234221E-01 -1.423555801860E-01 -4.467490567949E-04 -1.422434033591E-01  1.983349382042E+00  7.793039328134E-03 -3.693508001872E-02  2.914204069040E-02 -2.869654385622E-02  1.539488669525E-04  4.146270439454E-07  4.362613266270E-06 -5.585954842932E-06  1.505226160933E-01 -4.146270560935E-07 -1.494854889852E-03  4.633016921063E-20  2.469363028583E-23  7.653942839724E-20 -1.757145101431E-03
  1.200000000000E+02  1.220000000000E+02  1.054145664004E+01  6.077040310496E-15 -1.296508049961E-02  1.120141543786E+02  1.726042437686E-01  2.528818741037E-01 -1.419942792120E-01 -4.102213952773E-04 -1.464838792185E-01  1.957725282853E+00  7.477617058146E-03 -3.604837174824E-02  2.857075469042E-02 -2.758067805678E-02  1.976596194406E-04 -8.183909991541E-07  3.914756316485E-06 -4.267583145227E-06  1.456882154069E-01  8.183909983005E-07 -1.663442034085E-03  5.061785750742E-20 -3.256191924513E-22  6.434818369882E-20 -1.692468895652E-03
  1.240000000000E+02  1.260000000000E+02  1.057726461082E+01  5.871291661764E-15 -1.340686426078E-02  1.127670685264E+02  1.722734764348E-01  2.510470010683E-01 -1.416116624084E-01 -4.100224828612E-04 -1.512270770830E-01  1.933509507224E+00  7.196678233219E-03 -3.524675813301E-02  2.805007989984E-02 -2.655609385205E-02  1.692254520357E-04  1.533624569258E-06  3.895240764336E-06 -6.504986393649E-06  1.410489916211E-01 -1.533624600526E-06 -2.021109609570E-03  3.876292582035E-20  2.702975833802E-21  6.003405706234E-20 -1.628190539813E-03
  1.280000000000E+02  1.300000000000E+02  1.061198644777E+01  4.924657289312E-15 -1.397904811264E-02  1.134992161788E+02  1.719500570965E-01  2.494646216256E-01 -1.412460216115E-01 -3.771702441713E-04 -1.575840777217E-01  1.909508790689E+00  6.951152927884E-03 -3.440931436465E-02  2.745816143682E-02 -2.558528941419E-02  2.170459047821E-04  3.372841218283E-06  3.362982617793E-06 -5.404330302483E-06  1.369958963517E-01 -3.372841217505E-06 -2.421888701632E-03  4.569950019806E-20  3.531633626421E-21  6.197136649715E-20 -1.573301332897E-03
  1.320000000000E+02  1.340000000000E+02  1.064575771219E+01  3.984961846904E-15 -1.462442025773E-02  1.142134772395E+02  1.716280291938E-01  2.479734626458E-01 -1.408623070292E-01 -3.632825443523E-04 -1.647653948441E-01  1.885662580853E+00  6.716288922901E-03 -3.359393241879E-02  2.687764349576E-02 -2.472815439940E-02  2.475474137535E-04 -4.500524730722E-06  3.127811045327E-06 -6.765790331006E-06  1.334077819012E-01  4.500524720750E-06 -2.697864342837E-03  5.273761443701E-20  6.056279743082E-21  6.790959520695E-20 -1.518145271923E-03
  1.360000000000E+02  1.380000000000E+02  1.067867833010E+01  4.482512505708E-15 -1.533416369897E-02  1.149113673577E+02  1.713056696169E-01  2.465598636604E-01 -1.404996246783E-01 -3.341536928205E-04 -1.726505285607E-01  1.863389752227E+00  6.422177440155E-03 -3.283151659493E-02  2.640933915464E-02 -2.384841762025E-02  2.347540596610E-04  5.132863170583E-06  3.767180864672E-06 -4.236568780629E-06  1.299509229852E-01 -5.132863157820E-06 -2.985675278698E-03  5.228959887588E-20  3.554136398291E-21  5.438324291410E-20 -1.465161607588E-03
  1.400000000000E+02  1.420000000000E+02  1.071073994335E+01  5.546916667668E-15 -1.610861325948E-02  1.155930279062E+02  1.709919450377E-01  2.450978502074E-01 -1.401280926665E-01 -3.157144045143E-04 -1.812863664620E-01  1.843002758973E+00  6.163209117350E-03 -3.217435540270E-02  2.601114628565E-02 -2.303569298510E-02  1.767567475338E-04  2.121674926141E-06  4.026258583493E-06 -3.099325020575E-06  1.265284199302E-01 -2.121674931235E-06 -2.699851518015E-03  5.716864611513E-20 -1.224118769806E-22  5.659268292831E-20 -1.414750228226E-03
  1.440000000000E+02  1.460000000000E+02  1.074193344781E+01  6.034887995961E-15 -1.669042310151E-02  1.162577477558E+02  1.707067212036E-01  2.437029039760E-01 -1.397617665719E-01 -2.859188829262E-04 -1.881382643241E-01  1.822563387439E+00  5.973260378925E-03 -3.152209890755E-02  2.554883852851E-02 -2.224098037157E-02  1.400737788428E-04 -1.940078793924E-06  4.109206523407E-06  7.970465243976E-07  1.230109714531E-01  1.940078796050E-06 -2.100439762590E-03  5.102811420285E-20  1.087920616818E-21  6.445060489340E-20 -1.365970103869E-03
  1.480000000000E+02  1.500000000000E+02  1.077222515587E+01  6.415246956209E-15 -1.716930963081E-02  1.169047716312E+02  1.704394851958E-01  2.421643800632E-01 -1.393915786195E-01 -2.679410172177E-04 -1.939883345222E-01  1.801140227204E+00  5.794839913435E-03 -3.084202307919E-02  2.504718316570E-02 -2.146695316030E-02  1.275216152879E-04  6.083419694011E-06  4.577028764448E-06  3.085062782409E-06  1.192590023298E-01 -6.083419699885E-06 -1.779973667046E-03  5.743758642025E-20 -1.239563161913E-20  6.244943675666E-20 -1.318480277201E-03
  1.520000000000E+02  1.540000000000E+02  1.080155723375E+01  6.436695785386E-15 -1.756354161716E-02  1.175329784168E+02  1.701592646324E-01  2.406167836976E-01 -1.390274847640E-01 -2.328307399765E-04 -1.990447317141E-01  1.780690248785E+00  5.578700857275E-03 -3.019426415274E-02  2.461556329533E-02 -2.070935959208E-02  1.156794559159E-04  3.863433690316E-06  5.062912578250E-06  1.507123642103E-06  1.156540069271E-01 -3.863433691600E-06 -1.231828107430E-03  4.601831291690E-20 -5.199865102572E-21  6.195069819279E-20 -1.269910962194E-03
  1.560000000000E+02  1.580000000000E+02  1.083005586926E+01  5.957480331536E-15 -1.777074697994E-02  1.181448623204E+02  1.698721387441E-01  2.389484632013E-01 -1.386672698432E-01 -2.005366577428E-04 -2.022690596263E-01  1.761243388721E+00  5.360065492537E-03 -2.960986134744E-02  2.424979585475E-02 -1.993836283904E-02 -9.717752836148E-06 -2.169766113938E-06  5.269803265567E-06 -1.345543958446E-06  1.122408206286E-01  2.169766085321E-06 -6.381754185751E-04  5.199327474378E-20  1.307840778767E-21  6.374888987812E-20 -1.222543902089E-03
  1.600000000000E+02  1.620000000000E+02  1.085767642998E+01  5.721944185827E-15 -1.789390957815E-02  1.187389520496E+02  1.695666836883E-01  2.371731559888E-01 -1.383073382122E-01 -1.689468767070E-04 -2.045893617091E-01  1.741155949028E+00  5.186783668752E-03 -2.899468053182E-02  2.380789686307E-02 -1.917369231854E-02 -5.397675634708E-05 -2.626190719594E-06  5.222982856059E-06 -2.270009598923E-06  1.083545161532E-01  2.626190725952E-06 -6.440560659747E-04  6.136244057059E-20 -5.821547282632E-21  5.483895340585E-20 -1.173768488821E-03
  1.640000000000E+02  1.660000000000E+02  1.088422454613E+01  5.094024702924E-15 -1.809914441889E-02  1.193110456609E+02  1.692385208322E-01  2.356249062690E-01 -1.379553878474E-01 -1.404628740453E-04 -2.080102744121E-01  1.722054774856E+00  4.994091996631E-03 -2.841365666636E-02  2.341956466982E-02 -1.842616105144E-02 -1.694628486094E-05  3.116161855180E-06  5.170736528447E-06  8.308666164334E-07  1.042505095252E-01 -3.116161864923E-06 -1.202566499318E-03  5.703663041183E-20  5.458109951184E-21  6.386630379652E-20 -1.130995498073E-03
  1.680000000000E+02  1.700000000000E+02  1.090979498463E+01  4.000861997024E-15 -1.847604638514E-02  1.198633967389E+02  1.689016072523E-01  2.342851964419E-01 -1.376089387343E-01 -1.094010718392E-04 -2.132384431787E-01  1.705044195507E+00  4.827626024432E-03 -2.789119063331E-02  2.306356460875E-02 -1.775508019810E-02  9.240257611613E-05  2.377876053363E-06  5.472864042165E-06  1.302192128029E-06  1.005145760807E-01 -2.377876065095E-06 -1.745164463358E-03  5.872867754567E-20 -8.924569665951E-22  5.597261550616E-20 -1.087420583292E-03
  1.720000000000E+02  1.740000000000E+02  1.093448268888E+01  3.287442728340E-15 -1.895358715179E-02  1.203977211473E+02  1.685598774734E-01  2.328330109888E-01 -1.372649105880E-01 -7.064824405683E-05 -2.196275088488E-01  1.687963088510E+00  4.675834583911E-03 -2.736484762591E-02  2.268901304201E-02 -1.702430452357E-02  1.420556690848E-04  2.527532464172E-06  5.992691156243E-06  6.618370133954E-07  9.692736726496E-02 -2.527532491522E-06 -1.935186559690E-03  7.517468818296E-20 -4.843729818496E-21  6.652204834284E-20 -1.043900944979E-03
  1.760000000000E+02  1.780000000000E+02  1.095827427481E+01  2.501151268157E-15 -1.944160926406E-02  1.209134430131E+02  1.682138375566E-01  2.313729982936E-01 -1.369138598904E-01 -3.239725765409E-05 -2.262598379827E-01  1.670060073670E+00  4.517769587462E-03 -2.684526309273E-02  2.232749350513E-02 -1.638112445031E-02  1.324928237789E-04  4.340215782205E-06  6.040436623117E-06  2.721288053400E-06  9.326939687610E-02 -4.340215809700E-06 -2.130440412832E-03  6.257378410682E-20 -6.244107710415E-21  6.157179717847E-20 -1.003165024312E-03
  1.800000000000E+02  1.820000000000E+02  1.098112644276E+01  1.288381438573E-15 -2.001463495178E-02  1.214093152248E+02  1.678672576887E-01  2.299128744925E-01 -1.365775943500E-01  9.445305131802E-06 -2.338261070898E-01  1.653879909333E+00  4.341189763358E-03 -2.639465290187E-02  2.205346313802E-02 -1.569623821402E-02  1.420607458273E-04  2.978442447954E-06  5.824824126610E-06  7.458908601791E-06  8.964173075050E-02 -2.978442469662E-06 -2.278690805858E-03  7.449225314139E-20 -2.718089849211E-22  4.435337328828E-20 -9.620873764663E-04
  1.840000000000E+02  1.860000000000E+02  1.100310067664E+01  3.856355339227E-17 -2.057422827997E-02  1.218864198012E+02  1.675101617056E-01  2.284253618276E-01 -1.362091768978E-01  5.343346791217E-05 -2.410755192476E-01  1.638655516777E+00  4.191678416570E-03 -2.595633814294E-02  2.176465972626E-02 -1.511540876667E-02  9.932172953854E-05  1.514985557505E-06  5.695174130487E-06  9.567672004447E-06  8.637868021355E-02 -1.514985579319E-06 -1.899208318817E-03  6.286150747735E-20 -5.187576155176E-21  5.484631602445E-20 -9.288274477776E-04
  1.880000000000E+02  1.900000000000E+02  1.102432833930E+01 -1.236335831165E-15 -2.096364283675E-02  1.223481152288E+02  1.671372939482E-01  2.272063654607E-01 -1.358779842852E-01  9.817002215939E-05 -2.463674976336E-01  1.623791677463E+00  4.015128833482E-03 -2.550845503090E-02  2.149332619743E-02 -1.458188078731E-02 -1.995789119244E-06  4.359700851399E-06  5.513450847537E-06  1.147906184277E-05  8.358785421323E-02 -4.359700867145E-06 -1.548040756169E-03  5.248347319435E-20 -6.570039465724E-21  4.812150077706E-20 -8.970883847036E-04
  1.920000000000E+02  1.940000000000E+02  1.104490241914E+01 -2.391476123034E-15 -2.134516685643E-02  1.227960730520E+02  1.667641749599E-01  2.258597938128E-01 -1.354981275414E-01  1.326739877372E-04 -2.513510501942E-01  1.608684522291E+00  3.815395610466E-03 -2.501757304935E-02  2.120217743888E-02 -1.410672932676E-02 -1.473626158883E-05  2.684522845419E-06  5.579982301595E-06  1.273218018055E-05  8.102047456575E-02 -2.684522837893E-06 -1.540943035177E-03  6.321421975391E-20 -1.448083427713E-20  5.149615899767E-20 -8.670858032905E-04
  1.960000000000E+02  1.980000000000E+02  1.106484785793E+01 -2.812776415141E-15 -2.173418213655E-02  1.232313178570E+02  1.664074297044E-01  2.246066917814E-01 -1.351718325752E-01  1.702758908695E-04 -2.564932570039E-01  1.595723528202E+00  3.725968325209E-03 -2.463387457018E-02  2.090790624498E-02 -1.364088720616E-02 -5.942013843024E-05  2.479006807179E-06  5.743058311308E-06  1.446496357686E-05  7.936173560059E-02 -2.479006816341E-06 -1.232426591889E-03  4.991807159227E-20 -8.173119543611E-21  4.245880785007E-20 -8.405394752210E-04
  2.000000000000E+02  2.020600000000E+02  1.108458990542E+01 -3.136092514150E-15 -2.196493831158E-02  1.236624182993E+02  1.660021715060E-01  2.233975646869E-01 -1.347750586199E-01  2.071463373813E-04 -2.599827194326E-01  1.583181177565E+00  3.501396468579E-03 -2.389907585026E-02  2.039767938172E-02 -1.332330286188E-02 -5.160307503520E-05  2.724869230894E-06  5.654726348563E-06  1.675123730648E-05  7.676464867454E-02 -2.724869234104E-06 -7.148989944359E-04  6.311816856715E-20 -7.979687816638E-21  6.367350204159E-20 -8.249427788446E-04
  2.041200000000E+02  2.062418000000E+02  1.110437360420E+01 -4.236632926713E-15 -2.209629884983E-02  1.240949041219E+02  1.655916659042E-01  2.223283333475E-01 -1.344085565376E-01  2.349986164268E-04 -2.622380294023E-01  1.572870212379E+00  3.250145510528E-03 -2.315395775457E-02  1.990381224412E-02 -1.306739126616E-02 -1.040223924010E-04  5.225225441010E-06  5.711498808877E-06  1.325366281588E-05  7.437293524711E-02 -5.225225494355E-06 -5.501215273962E-04  7.056977771271E-20 -3.294622643945E-21  4.453551336837E-20 -8.058911291592E-04
  2.083636000000E+02  2.105490540000E+02  1.112403186464E+01 -5.736046475765E-15 -2.225005936026E-02  1.245250492764E+02  1.651829539803E-01  2.210863993337E-01 -1.340026915587E-01  2.615268736100E-04 -2.647050509500E-01  1.561277888419E+00  2.955006890723E-03 -2.232723487672E-02  1.937222798586E-02 -1.272200337852E-02 -4.564319225710E-05  4.176192583360E-06  6.162476894852E-06  1.027945425594E-05  7.185804395109E-02 -4.176192558345E-06 -5.367279705418E-04  6.316891162086E-20 -4.906915131359E-21  4.784845915179E-20 -7.849314441178E-04
  2.127345080000E+02  2.149855256200E+02  1.114363312486E+01 -7.853225954373E-15 -2.238778255956E-02  1.249541377134E+02  1.647926580710E-01  2.197411642605E-01 -1.335930362977E-01  2.840569077440E-04 -2.669177219604E-01  1.550350639037E+00  2.657713564623E-03 -2.151554639526E-02  1.885783283065E-02 -1.240931337900E-02 -4.292324495287E-05  2.989603280472E-06  6.505816453377E-06  6.940365936917E-06  6.969315891206E-02 -2.989603335755E-06 -3.707419758369E-04  6.139364435140E-20 -3.151405192374E-21  4.316518631457E-20 -7.665449445540E-04
  2.172365432400E+02  2.195550913886E+02  1.116325230628E+01 -9.697022843267E-15 -2.245765062762E-02  1.253841533007E+02  1.644337319237E-01  2.184689931255E-01 -1.331607279952E-01  3.145464694853E-04 -2.684415326466E-01  1.539999931674E+00  2.343352585079E-03 -2.065452367424E-02  1.831117108917E-02 -1.212510249203E-02 -5.717979624465E-05  6.020457441693E-07  6.302413530815E-06  3.372350875626E-06  6.789637702808E-02 -6.020457407432E-07 -4.994255085328E-04  5.366744601501E-20 -2.263240471045E-21  4.067667836285E-20 -7.509962701990E-04
  2.218736395372E+02  2.242617441303E+02  1.118298898967E+01 -1.037452491536E-14 -2.267813326876E-02  1.258168883814E+02  1.641202079213E-01  2.174348186876E-01 -1.327047725871E-01  3.290616114473E-04 -2.716009883473E-01  1.530298734820E+00  2.001192731937E-03 -1.978833252074E-02  1.778713978881E-02 -1.193638624413E-02  2.329538646692E-05 -2.565700427074E-06  5.976457283404E-06  1.334459663020E-06  6.641615570686E-02  2.565700424282E-06 -6.738663293748E-04  5.633734102734E-20 -1.935553918899E-21  4.491967185622E-20 -7.398565564275E-04
  2.266498487233E+02  2.291095964542E+02  1.120290338793E+01 -1.093731017574E-14 -2.286598378089E-02  1.262539878784E+02  1.638307954335E-01  2.166156372935E-01 -1.322479602195E-01  3.580370282935E-04 -2.744747446656E-01  1.521561850141E+00  1.709559993674E-03 -1.893271805591E-02  1.722315806228E-02 -1.174777665279E-02  2.063869573862E-05 -3.854241840313E-06  5.878725412803E-06  1.099090019567E-06  6.516132111176E-02  3.854241840781E-06 -4.452823609845E-04  4.820079095768E-20 -2.623421274442E-21  4.857403031138E-20 -7.271236786548E-04
  2.315693441850E+02  2.341028843478E+02  1.122305590548E+01 -1.155061296898E-14 -2.296006992522E-02  1.266970944458E+02  1.635449065199E-01  2.157007598536E-01 -1.317626026470E-01  3.676825076615E-04 -2.762984064166E-01  1.513659498666E+00  1.361499109565E-03 -1.807839359656E-02  1.671689448711E-02 -1.151475698072E-02  1.894507917540E-05 -1.241656660189E-06  5.717336359574E-06  1.960861961125E-06  6.375507487324E-02  1.241656660224E-06 -1.115185194199E-04  6.012799210982E-20  3.834756433581E-21  1.892697756909E-20 -7.124129328465E-04
  2.366364245106E+02  2.392459708782E+02  1.124328636266E+01 -1.151601678225E-14 -2.294328731186E-02  1.271423097801E+02  1.632505886283E-01  2.145896354565E-01 -1.312656977204E-01  3.869466178578E-04 -2.767352975129E-01  1.505419074133E+00  1.026400347558E-03 -1.724207797898E-02  1.621567763159E-02 -1.129273347232E-02 -4.110410392399E-05  1.300642674235E-06  5.388376357057E-06  2.360722173408E-06  6.193961414843E-02 -1.300642694462E-06 -2.130632474741E-04  6.811699651034E-20 -8.648732815638E-21  3.099221766017E-20 -6.973781803401E-04
  2.418555172459E+02  2.445433500046E+02  1.126346549308E+01 -1.060270495714E-14 -2.310518127387E-02  1.275871990746E+02  1.629368368288E-01  2.133860511036E-01 -1.307676056927E-01  3.727302530012E-04 -2.792039166506E-01  1.498261006664E+00  6.876797220956E-04 -1.635284781362E-02  1.566516809166E-02 -1.103972388385E-02  3.536910325532E-05  2.658282101958E-06  5.046028323296E-06  1.454667706471E-06  6.044064520282E-02 -2.658282087509E-06 -6.351733143408E-04  5.787868865020E-20 -3.291463024614E-21  2.999786515201E-20 -6.840564877918E-04
  2.472311827633E+02  2.499996505047E+02  1.128390229511E+01 -9.410473250619E-15 -2.336948169635E-02  1.280381749209E+02  1.626345475176E-01  2.121082866898E-01 -1.302393563398E-01  3.957352906735E-04 -2.828790270831E-01  1.492929296611E+00  4.210794913777E-04 -1.548067439051E-02  1.505959489915E-02 -1.089126805667E-02  5.862234685776E-05  3.033624221107E-06  4.554352524023E-06  1.829433045066E-06  5.926572118189E-02 -3.033624205986E-06 -1.227285987884E-03  6.566330281207E-20 -5.114407317513E-21  3.608757465155E-20 -6.777160968466E-04
  2.527681182462E+02  2.556196400198E+02  1.130448996698E+01 -8.809636342904E-15 -2.394510148678E-02  1.284927313398E+02  1.623495800116E-01  2.106697373838E-01 -1.296878651445E-01  3.751036931586E-04 -2.896541439502E-01  1.486235713943E+00  9.443623537159E-05 -1.458269422313E-02  1.448825798776E-02 -1.078454725741E-02  1.480665265266E-04  1.884518544130E-06  3.889961501563E-06  3.826995918360E-06  5.809750336849E-02 -1.884518540269E-06 -1.402719921248E-03  6.265663088796E-20  3.377979375727E-22  2.924833708583E-20 -6.717379913493E-04
  2.584711617935E+02  2.614082292204E+02  1.132532197861E+01 -8.899370986231E-15 -2.435779358879E-02  1.289534733014E+02  1.620545871748E-01  2.092681249272E-01 -1.291368888520E-01  3.789684955872E-04 -2.945663884845E-01  1.480825813023E+00 -2.510375053000E-04 -1.363474914079E-02  1.388578664599E-02 -1.074417259372E-02  1.125330268424E-04  1.716981905097E-06  3.009651781475E-06  1.596957654093E-06  5.687279412131E-02 -1.716981901789E-06 -1.038471503782E-03  4.823827241410E-20  3.797488306255E-22  3.478013152519E-20 -6.671229300593E-04
  2.643452966473E+02  2.673704760971E+02  1.134624485961E+01 -9.043109685559E-15 -2.470680208181E-02  1.294166294053E+02  1.617377712003E-01  2.077504444628E-01 -1.285510921358E-01  3.746012984223E-04 -2.986454763390E-01  1.476710251689E+00 -5.533521302453E-04 -1.271995603663E-02  1.327330816696E-02 -1.060347044635E-02  1.343534795632E-04  1.018854186344E-06  2.280455310542E-06 -1.379324283745E-06  5.522798448991E-02 -1.018854176970E-06 -1.267162335547E-03  5.556395193033E-20  4.181812748244E-21  2.101734689490E-20 -6.575974857231E-04
  2.703956555468E+02  2.735115903800E+02  1.136707593005E+01 -8.604977696826E-15 -2.532431121391E-02  1.298787129593E+02  1.613803269965E-01  2.063602001123E-01 -1.279587513526E-01  3.598254239350E-04 -3.057484842039E-01  1.474121123322E+00 -9.128033640423E-04 -1.177305703996E-02  1.268586040418E-02 -1.046831688785E-02  1.678282997057E-04  7.009226384025E-07  2.288123077226E-06 -2.141633062969E-06  5.417254974190E-02 -7.009226187908E-07 -1.624874524387E-03  4.298292564389E-20  8.719221427332E-22  2.384479590621E-20 -6.539340597030E-04
  2.766275252132E+02  2.798369380914E+02  1.138843341701E+01 -7.920409084092E-15 -2.597985177167E-02  1.303531385579E+02  1.610318984646E-01  2.047155548474E-01 -1.273210855513E-01  3.464728017510E-04 -3.133499439384E-01  1.470807217483E+00 -1.230057220951E-03 -1.082310125633E-02  1.205315847724E-02 -1.048343488412E-02  1.766289503175E-04 -1.119734754788E-06  2.804012711099E-06 -1.292589615315E-06  5.311995591066E-02  1.119734775069E-06 -1.599265096909E-03  4.777768265372E-20 -6.961306307773E-22  1.844949092757E-20 -6.481320809706E-04
  2.830463509696E+02  2.863520462341E+02  1.140969258688E+01 -8.286683875261E-15 -2.661078502879E-02  1.308258570809E+02  1.606963388401E-01  2.031056389599E-01 -1.266793668495E-01  3.312158186271E-04 -3.210129267289E-01  1.469363239537E+00 -1.564983268510E-03 -9.856045740460E-03  1.142102900893E-02 -1.029285698835E-02  1.614947939676E-04 -1.291500378698E-06  3.205615949090E-06  3.012342510701E-07  5.241678189533E-02  1.291500368282E-06 -1.940449512303E-03  5.447103525163E-20 -5.387491369030E-21  5.475131263475E-21 -6.463483344048E-04
  2.896577414987E+02  2.930626076211E+02  1.143174967882E+01 -9.530291902148E-15 -2.758005181547E-02  1.313172667108E+02  1.603511612843E-01  2.017330344066E-01 -1.259777638198E-01  2.960152873864E-04 -3.322781866712E-01  1.469015804138E+00 -1.838285815320E-03 -8.914526625492E-03  1.075281244083E-02 -1.042052957605E-02  2.589678422302E-04 -6.334466163600E-07  3.119760166634E-06  1.154770221675E-06  5.215225583023E-02  6.334466071146E-07 -2.225691108023E-03  7.015249676633E-20 -6.655781809411E-21  1.734844958087E-20 -6.503724401564E-04
  2.964674737436E+02  2.999744858498E+02  1.145408693831E+01 -1.007795312950E-14 -2.850271733573E-02  1.318158326937E+02  1.599801864807E-01  2.005261757522E-01 -1.252927177921E-01  2.981558363332E-04 -3.430322877537E-01  1.468570260297E+00 -2.142609325566E-03 -7.939585114338E-03  1.008219443977E-02 -1.033923381968E-02  2.367641223092E-04 -8.118571079434E-07  2.705268137605E-06  3.140790005978E-06  5.190754482254E-02  8.118570920592E-07 -2.057417991107E-03  5.572320588787E-20  5.309423333674E-21  9.196350290155E-21 -6.470991809298E-04
  3.034814979559E+02  3.070937204253E+02  1.147726303033E+01 -9.505772396143E-15 -2.937943537107E-02  1.323342858909E+02  1.595603851182E-01  1.996337233834E-01 -1.244935597942E-01  2.584761189805E-04 -3.533188694052E-01  1.473132043267E+00 -2.412224824226E-03 -7.023998962144E-03  9.436223786389E-03 -1.038063686831E-02  2.356955281790E-04 -1.017689597321E-06  2.375133389347E-06  3.559238785998E-06  5.087101355001E-02  1.017689601486E-06 -1.854180651078E-03  5.234062457727E-20 -1.781033266722E-21  1.000332905578E-20 -6.419313837288E-04
  3.107059428946E+02  3.144265320380E+02  1.150003129309E+01 -8.059939172603E-15 -3.017135832407E-02  1.328444238394E+02  1.591224151129E-01  1.989177088611E-01 -1.237691299248E-01  2.474292602387E-04 -3.628175562834E-01  1.475327211561E+00 -2.709903506525E-03 -6.055526671676E-03  8.765430178224E-03 -1.018163128487E-02  2.375325492557E-04 -1.252242242508E-07  2.287479508999E-06  4.215485157606E-06  4.922668667315E-02  1.252242334496E-07 -1.423386865874E-03  5.583019302557E-20 -3.210628393405E-22  7.228485021356E-21 -6.352637142609E-04
  3.181471211814E+02  3.219793279992E+02  1.152305329774E+01 -5.692204249185E-15 -3.071096136283E-02  1.333611452946E+02  1.586725804386E-01  1.980218265817E-01 -1.229349397394E-01  1.907559457499E-04 -3.691504191379E-01  1.478116573647E+00 -3.015715638124E-03 -5.105290956916E-03  8.121006595005E-03 -1.012593571858E-02  1.747793349508E-04 -2.814536512423E-07  2.557959679202E-06  5.796445563124E-06  4.765907303239E-02  2.814536791073E-07 -6.933639661034E-04  5.181136059229E-20 -6.795568505473E-21  8.299269046311E-21 -6.232491343009E-04
  3.258115348169E+02  3.297587078391E+02  1.154568992467E+01 -3.729017510722E-15 -3.084257269314E-02  1.338710417891E+02  1.582017329838E-01  1.969466795749E-01 -1.221149160391E-01  1.836714195988E-04 -3.710507785810E-01  1.483110570114E+00 -3.285028445299E-03 -4.161111085275E-03  7.446139530519E-03 -9.824862221544E-03  1.431298961485E-04  3.667177254758E-07  3.242473968889E-06  6.072181812017E-06  4.615463843137E-02 -3.667177397346E-07 -7.462465755426E-05  4.295291505468E-20 -8.635546800307E-21  5.406033606513E-21 -6.111138390574E-04
  3.337058808614E+02  3.377714690743E+02  1.156860297342E+01 -2.071698128080E-15 -3.078681829769E-02  1.343877116853E+02  1.577324920439E-01  1.959357580593E-01 -1.211981016604E-01  1.505936855536E-04 -3.712057054695E-01  1.487991533694E+00 -3.592080238585E-03 -3.238595019734E-03  6.830675258334E-03 -9.751613338334E-03  1.993972666910E-05  1.284665973899E-06  4.051346310298E-06  4.261821744018E-06  4.434593168155E-02 -1.284665957362E-06  2.391662520307E-04  5.606089287503E-20 -4.555553124750E-21 -7.966473358156E-21 -6.003295579028E-04
  3.418370572872E+02  3.460246131465E+02  1.159076815443E+01 -5.340593780291E-17 -3.060682868198E-02  1.348890534986E+02  1.571922563210E-01  1.944311239286E-01 -1.202805591448E-01  1.397624436077E-04 -3.696995416882E-01  1.493509027793E+00 -3.863961092770E-03 -2.280233889518E-03  6.144194982242E-03 -9.487610104478E-03 -5.681176204597E-06  6.696353005641E-07  4.726514394997E-06  2.745218885318E-06  4.345963237846E-02 -6.696353006980E-07  9.880638372007E-04  4.705844756393E-20  4.115124318659E-21 -1.676781462987E-21 -5.981610801812E-04
  3.502121690058E+02  3.545253515409E+02  1.161411112823E+01  1.528065543023E-15 -2.975922732171E-02  1.354187474914E+02  1.564843527044E-01  1.927279207967E-01 -1.192384412501E-01  1.143421142574E-04 -3.598573697797E-01  1.501917613680E+00 -4.093041253094E-03 -1.323578310841E-03  5.416619563923E-03 -9.668793594950E-03 -1.566411791446E-04  3.011685349219E-06  4.496690025567E-06  7.596656942558E-07  4.333800761466E-02 -3.011685337625E-06  1.832401508669E-03  4.448499826279E-20 -5.390836337750E-21 -6.583686799349E-21 -6.036870733202E-04
  3.588385340760E+02  3.632811120872E+02  1.163750348765E+01  2.446773650297E-15 -2.864143578518E-02  1.359513087388E+02  1.556052142186E-01  1.908296669390E-01 -1.182292403746E-01  1.129172501364E-04 -3.466229681174E-01  1.511892680224E+00 -4.336775846303E-03 -3.601915155029E-04  4.696967361836E-03 -9.602695415255E-03 -2.677756042707E-04  1.505850467607E-07  3.262003089695E-06 -2.506087227855E-06  4.285028616870E-02 -1.505850547682E-07  3.155122698729E-03  4.512913449895E-20  1.599090196655E-22 -1.229478647451E-20 -6.015421994107E-04
  3.677236900983E+02  3.722995454498E+02  1.166169012807E+01  2.808947627449E-15 -2.625284816055E-02  1.365041541801E+02  1.544963916246E-01  1.884581530202E-01 -1.170933582607E-01  1.006705981738E-04 -3.189791843022E-01  1.524010104771E+00 -4.579253642483E-03  6.014407372370E-04  3.977812905146E-03 -9.675837045756E-03 -5.053696599888E-04 -7.731997383432E-07  2.040420044813E-06 -4.864870296739E-06  4.256731325783E-02  7.731997391454E-07  4.125972601159E-03  5.027262449876E-20 -8.156409314385E-21 -1.241291480839E-20 -6.034571848386E-04
  3.768754008012E+02  3.815885318133E+02  1.168619317445E+01  3.274687017501E-15 -2.391350246279E-02  1.370666715810E+02  1.531651739627E-01  1.860708603283E-01 -1.159672332497E-01  1.198232907946E-04 -2.913237294291E-01  1.536654643736E+00 -4.828393173858E-03  1.482801990677E-03  3.345591183263E-03 -9.600227210257E-03 -4.730071503745E-04 -1.944990418501E-06  1.608970788719E-06 -3.070915296421E-06  4.179715924174E-02  1.944990411218E-06  4.399424807521E-03  3.923557262498E-20  2.042755983497E-21 -8.546204283603E-21 -5.969416749461E-04
  3.863016628253E+02  3.911561877677E+02  1.171094427098E+01  4.138138941755E-15 -2.107196354146E-02  1.376369988593E+02  1.517708903743E-01  1.832540176181E-01 -1.147008604142E-01  1.552948701033E-04 -2.573777242409E-01  1.548355645923E+00 -5.121964913835E-03  2.374484264249E-03  2.747480649587E-03 -9.551260829175E-03 -4.847291388599E-04 -2.203783690226E-07  1.556049957784E-06 -5.552212016163E-07  4.108273523569E-02  2.203783706757E-07  4.447897683846E-03  4.422422397762E-20 -2.240465779478E-21 -1.285083624403E-20 -5.971543666563E-04
  3.960107127100E+02  4.010108734007E+02  1.173605793250E+01  4.834898504417E-15 -1.851454127014E-02  1.382173272109E+02  1.503830021472E-01  1.810217298116E-01 -1.134502529104E-01  1.650404292457E-04 -2.267678551839E-01  1.561042204642E+00 -5.290492087728E-03  3.191987728552E-03  2.098504359168E-03 -9.554130653534E-03 -3.559430770682E-04  5.181580247623E-07  1.242989033830E-06 -5.624845586693E-07  4.019625515704E-02 -5.181580294021E-07  4.230975029446E-03  4.766290796834E-20  5.118136237506E-22 -1.098064830542E-20 -5.952196065148E-04
  4.060110340913E+02  4.111611996027E+02  1.176120868962E+01  5.305111710173E-15 -1.578000523088E-02  1.388002701990E+02  1.489757983674E-01  1.795737440484E-01 -1.120626743259E-01  2.230521081148E-04 -1.944711967092E-01  1.574966194335E+00 -5.503899627357E-03  4.052212764962E-03  1.451686862525E-03 -9.484914484736E-03 -4.070976525948E-04 -2.333044950350E-06  8.711254138434E-07 -3.017519238796E-06  3.917810856131E-02  2.333044956685E-06  4.385755273112E-03  4.594917888638E-20  3.431193351119E-21 -1.290763830947E-20 -5.904943382927E-04
  4.163113651141E+02  4.216160355908E+02  1.178651835772E+01  5.794621582335E-15 -1.286934942038E-02  1.393883540029E+02  1.474951479797E-01  1.782463729684E-01 -1.106636759543E-01  2.646705951436E-04 -1.597404575399E-01  1.590099971603E+00 -5.775573080061E-03  4.891317282051E-03  8.842557980574E-04 -9.359415717873E-03 -4.096265586594E-04 -3.219142964007E-06  3.939304406468E-07 -4.687368806950E-06  3.876437365186E-02  3.219142975351E-06  4.101097464290E-03  4.086793694911E-20 -2.358410967568E-21 -1.616258536224E-20 -5.816801099142E-04
  4.269207060675E+02  4.323845166585E+02  1.181261313958E+01  5.758188567527E-15 -1.034421765557E-02  1.399980419400E+02  1.459356228114E-01  1.771489404126E-01 -1.091376362402E-01  2.870990960023E-04 -1.285848468415E-01  1.612244551683E+00 -5.948856829766E-03  5.734206371316E-03  2.146504584232E-04 -9.379744022340E-03 -3.250370505238E-04 -3.078831934123E-06 -4.487566056780E-07 -3.552490609035E-06  3.926894721782E-02  3.078831927660E-06  3.506493953726E-03  3.842352115744E-20  2.170297521193E-21 -1.152488167193E-20 -5.970180441164E-04
  4.378483272495E+02  4.434760521583E+02  1.184014672321E+01  5.185599567116E-15 -8.091041726051E-03  1.406405224518E+02  1.444640546135E-01  1.753348289367E-01 -1.076073529830E-01  2.860288890957E-04 -1.005955200855E-01  1.632849945971E+00 -6.077325257491E-03  6.505736344808E-03 -4.284110872875E-04 -9.691641396756E-03 -2.251349568291E-04 -8.566551555124E-07 -4.295859536127E-07 -1.748450249000E-06  3.936860329598E-02  8.566551507661E-07  2.689511192386E-03  4.575566104993E-20 -7.593667661194E-21 -1.707147513470E-20 -6.032474223823E-04
  4.491037770670E+02  4.549003337230E+02  1.186799714567E+01  5.066938893201E-15 -6.568262658975E-03  1.412932354943E+02  1.430239902060E-01  1.734694580986E-01 -1.058968558615E-01  2.919595137990E-04 -8.136038331851E-02  1.653808826018E+00 -6.301072817750E-03  7.252659178769E-03 -9.515863610665E-04 -9.550778496286E-03 -1.879026106180E-04  1.784687917771E-07  3.446069842932E-07 -3.145245101292E-08  3.839385628534E-02 -1.784687965882E-07  2.044695245169E-03  4.569208506073E-20 -1.490611446060E-21 -2.338242545517E-20 -5.911776054465E-04
  4.606968903790E+02  4.666673437347E+02  1.189578425358E+01  5.301556611249E-15 -5.116205878426E-03  1.419453120506E+02  1.414811027790E-01  1.718507523710E-01 -1.041933048932E-01  3.463099801609E-04 -6.397088252326E-02  1.672913295824E+00 -6.450642014107E-03  7.950901821994E-03 -1.500259807988E-03 -9.354676409953E-03 -2.054200172342E-04  5.518425196740E-07  3.955753878060E-07  3.217423110469E-07  3.685447525173E-02 -5.518425257992E-07  1.685343113619E-03  3.640143122981E-20 -5.105630461787E-21 -2.335389430562E-20 -5.757535129192E-04
  4.726377970904E+02  4.787873640468E+02  1.192299974233E+01  6.021507077680E-15 -4.049783278983E-03  1.425866277191E+02  1.398758267974E-01  1.699315162386E-01 -1.023474237082E-01  3.254211569718E-04 -4.975687238283E-02  1.702088394690E+00 -6.598875228743E-03  8.682734941417E-03 -2.083859712913E-03 -9.128730874054E-03 -1.050875417287E-04 -1.792852212410E-06  1.874457866072E-07 -2.795290702931E-08  3.675062244014E-02  1.792852224182E-06  7.856435747509E-04  3.988369012683E-20 -4.409766471814E-21 -2.873722030448E-20 -5.776690300384E-04
  4.849369310031E+02  4.912709849682E+02  1.195227096068E+01  6.456111849556E-15 -3.926421757790E-03  1.432779745453E+02  1.381593710605E-01  1.677340532734E-01 -1.004037458043E-01  3.488287018910E-04 -4.735503888583E-02  1.727735817573E+00 -6.616245390336E-03  9.292404832577E-03 -2.676159442284E-03 -9.400195429278E-03  1.038935132122E-04  1.714266387687E-06  4.899553718109E-07  3.609958499083E-07  3.659737741975E-02 -1.714266415016E-06 -1.994736416146E-04  3.193203031642E-20  1.529344864612E-22 -2.459120862208E-20 -5.864433328413E-04
  4.976050389332E+02  5.041291145172E+02  1.198093505646E+01  6.205852202205E-15 -4.371703091391E-03  1.439585772635E+02  1.362828189461E-01  1.645591006022E-01 -9.845080247277E-02  3.446866913149E-04 -5.231355216912E-02  1.757987590095E+00 -6.800624197060E-03  9.980366637162E-03 -3.179742440040E-03 -9.294140436463E-03  2.401193028877E-04 -1.537917032795E-06  1.342093454558E-06 -8.349865586539E-08  3.573302073692E-02  1.537917054346E-06 -1.116193026693E-03  3.294047860661E-20  8.121015703899E-22 -2.704374184122E-20 -5.797306891378E-04
  5.106531901012E+02  5.173729879527E+02  1.201053401078E+01  6.194639979648E-15 -5.721915822028E-03  1.446617126247E+02  1.342202278717E-01  1.610422341310E-01 -9.628138894977E-02  3.835108538774E-04 -6.886288012872E-02  1.784122847827E+00 -6.830550246057E-03  1.050829836682E-02 -3.677748120702E-03 -9.285980616201E-03  4.002211511672E-04 -2.381976569139E-06  2.211666481622E-06 -1.481824431362E-06  3.470791832293E-02  2.381976558314E-06 -1.561037345406E-03  3.421775705020E-20 -7.768961274707E-21 -2.549090868410E-20 -5.720591634956E-04
  5.240927858042E+02  5.310141775913E+02  1.203923563574E+01  5.531825594384E-15 -6.969367903156E-03  1.453470520586E+02  1.318402205527E-01  1.579642144789E-01 -9.407820449727E-02  3.428565798047E-04 -8.383078763315E-02  1.807838448639E+00 -6.890053793380E-03  1.099094266947E-02 -4.100888876054E-03 -9.068133125262E-03  4.761175682329E-04  2.802686909683E-07  2.630613070457E-06 -1.569446672384E-06  3.285122471043E-02 -2.802687038732E-07 -1.227667836680E-03  3.699710533794E-20 -3.646582148993E-21 -3.229124719296E-20 -5.618213190306E-04
  5.379355693784E+02  5.450646029190E+02  1.206739842215E+01  4.163578968721E-15 -7.856036524403E-03  1.460221384286E+02  1.291559863472E-01  1.554774199531E-01 -9.171148938332E-02  4.664967663451E-04 -9.562058091246E-02  1.836884435746E+00 -7.069988273273E-03  1.154751354851E-02 -4.477525275287E-03 -8.832276825535E-03  3.754409188194E-04  3.217296450419E-07  2.625055589883E-06  3.745202396161E-07  3.114768580242E-02 -3.217296591665E-07 -1.231980363463E-03  4.130253068254E-20 -6.337412416107E-21 -2.449691427680E-20 -5.425374258393E-04
  5.521936364597E+02  5.595365410066E+02  1.209477455012E+01  3.633841600022E-15 -9.192609481469E-03  1.466806498289E+02  1.263438059710E-01  1.522482143137E-01 -8.923633285414E-02  4.091637739846E-04 -1.133312182799E-01  1.872808859911E+00 -7.222721338305E-03  1.206391256655E-02 -4.841191228304E-03 -8.605073209197E-03  2.796658178738E-04 -8.029756502227E-07  2.363651168824E-06  4.273107372675E-06  3.106036090790E-02  8.029756529432E-07 -7.356499616774E-04  2.368506455443E-20 -5.322053916869E-21 -2.294696780704E-20 -5.476909971608E-04
  5.668794455535E+02  5.743794455535E+02  1.212441859618E+01  3.800643899714E-15 -9.204086816423E-03  1.473928614950E+02  1.235484844435E-01  1.486048486671E-01 -8.670201487903E-02  4.944497549872E-04 -1.149872815005E-01  1.892912736505E+00 -7.165070972666E-03  1.228576764837E-02 -5.120696675768E-03 -8.916441524486E-03  1.305615693614E-04 -3.409281358442E-06  2.459407958719E-06  2.630837148919E-06  3.146915197798E-02  3.409281344296E-06  2.038352777893E-04  3.964407391901E-20  1.949098964908E-21 -1.827671033451E-20 -5.629513070879E-04
  5.818794455535E+02  5.893794455535E+02  1.215377840118E+01  3.926221074241E-15 -8.788371428081E-03  1.481003935895E+02  1.209624998236E-01  1.465468633868E-01 -8.398208265359E-02  5.065928799085E-04 -1.104764089570E-01  1.871303350009E+00 -6.901237510376E-03  1.203236840801E-02 -5.131130897654E-03 -8.998662837834E-03 -1.113963081330E-04 -1.723768758025E-06  2.905354506637E-06  2.605334234728E-06  3.207847045664E-02  1.723768757920E-06  1.219192591827E-03  3.370974998347E-20 -4.109450099810E-21 -2.150292436556E-20 -5.672340377134E-04
  5.968794455535E+02  6.043794455535E+02  1.218457241468E+01  4.608473542014E-15 -6.912661752344E-03  1.488434220100E+02  1.183885273011E-01  1.439967802337E-01 -8.133188687669E-02  6.219981795012E-04 -8.911545613334E-02  1.846751775205E+00 -6.621266296859E-03  1.188743584184E-02 -5.266169544864E-03 -9.154719101380E-03 -3.066239048330E-04 -1.487558804438E-06  3.652438766402E-06  5.860818507983E-08  3.330684185671E-02  1.487558796454E-06  2.071353224219E-03  2.262518416056E-20 -6.154580460368E-21 -2.278997979144E-20 -5.780069694555E-04
  6.118794455535E+02  6.193794455535E+02  1.221622994368E+01  5.267437383262E-15 -4.905623019002E-03  1.496084672270E+02  1.157724616630E-01  1.424418946460E-01 -7.853144885757E-02  6.691832782939E-04 -6.591854605095E-02  1.825272515285E+00 -6.585310723459E-03  1.166411895891E-02 -5.078808235473E-03 -9.226091939331E-03 -3.401853856946E-04  4.020144472716E-07  4.466997177123E-06 -1.191568799529E-06  3.314581477542E-02 -4.020144418637E-07  2.536502674277E-03  2.919811514627E-20 -1.828608222334E-21 -2.231028817491E-20 -5.661358346443E-04
  6.268794455535E+02  6.343794455535E+02  1.224672401389E+01  5.294707886826E-15 -2.151164249706E-03  1.503466469241E+02  1.132102466663E-01  1.401886714166E-01 -7.572744709755E-02  7.297912641222E-04 -3.399429652769E-02  1.806100239520E+00 -6.451366232676E-03  1.146566717943E-02 -5.014300946674E-03 -8.898923976042E-03 -3.869436069638E-04  4.716207163996E-07  4.651706720968E-06 -1.639757197359E-06  3.188964335461E-02 -4.716207076979E-07  2.246393750784E-03  4.205893521756E-20 -3.229733268733E-21 -2.253034973284E-20 -5.515274625001E-04
  6.418794455535E+02  6.493794455535E+02  1.227602459113E+01  4.884261325828E-15 -6.915441635139E-04  1.510585399819E+02  1.107311249821E-01  1.380939826283E-01 -7.291756116521E-02  7.736655472042E-04 -1.797985397618E-02  1.783338618452E+00 -6.268054180799E-03  1.118925608859E-02 -4.921201907808E-03 -8.726330336576E-03 -2.424474152801E-04  1.039192475418E-06  4.577582741528E-06  1.296896734529E-06  3.100853320983E-02 -1.039192481922E-06  1.973344584903E-03  3.660817289272E-20 -2.172680943497E-21 -2.443305391458E-20 -5.389881898496E-04
  6.568794455535E+02  6.643794455535E+02  1.230486017540E+01  4.369439814307E-15  1.537572604568E-03  1.517603239180E+02  1.084753283133E-01  1.365138028276E-01 -6.997580339434E-02  8.912901617320E-04  7.719220096568E-03  1.755900364245E+00 -6.115856539019E-03  1.090021681594E-02 -4.784360276935E-03 -8.554322542115E-03 -4.256701541752E-04  2.528384837223E-06  3.548404382918E-06  2.334445535526E-06  3.050986635816E-02 -2.528384838927E-06  1.712333668520E-03  2.210850404180E-20 -2.251161386396E-21 -2.759338902123E-20 -5.273641083701E-04
  6.718794455535E+02  6.793794455535E+02  1.233323095709E+01  4.172212380270E-15  2.502248893949E-03  1.524529082991E+02  1.062108868734E-01  1.341396973769E-01 -6.706943569809E-02  8.741037226021E-04  1.858070112384E-02  1.735230156982E+00 -6.006414327192E-03  1.066196461709E-02 -4.655550289932E-03 -8.284836555894E-03 -1.816584942240E-04  4.516720806691E-06  1.555069505247E-06  2.711568275646E-06  2.992269074312E-02 -4.516720818371E-06  6.395830431452E-04  2.146704151447E-20 -9.465145877148E-21 -2.542392057342E-20 -5.092314221196E-04
  6.868794455535E+02  6.943794455535E+02  1.236096792327E+01  4.212843073524E-15  2.734883619338E-03  1.531317018515E+02  1.037930131661E-01  1.308720427964E-01 -6.422437074269E-02  9.847026459488E-04  1.995093389796E-02  1.717355883633E+00 -5.865069613211E-03  1.040815462168E-02 -4.543085008489E-03 -8.003879872615E-03 -7.129912951526E-05  2.217616023428E-06  1.802225766119E-07  1.219786082831E-06  2.878213850647E-02 -2.217616023118E-06  8.383822748899E-04  2.227113967160E-20 -1.918802714189E-21 -1.789933398205E-20 -4.916100560224E-04
  7.018794455535E+02  7.093794455535E+02  1.238719157697E+01  4.780052113677E-15  4.090420017691E-03  1.537743124495E+02  1.013570910677E-01  1.274571662322E-01 -6.119231093012E-02  9.772233290443E-04  3.540894854188E-02  1.694739971490E+00 -5.793309163045E-03  1.019894323842E-02 -4.405634075418E-03 -7.738511462880E-03 -2.436169962041E-04  5.508118174641E-07 -4.053938379803E-07  3.012056144792E-06  2.852090648745E-02 -5.508118055193E-07  7.043410190407E-04  1.878235107517E-20 -1.070194905846E-20 -1.220401719090E-20 -4.827465809191E-04
  7.168794455535E+02  7.243794455535E+02  1.241443894918E+01  5.930138505539E-15  4.064899409074E-03  1.544454615646E+02  9.904966766439E-02  1.243523586393E-01 -5.829207857175E-02  1.071527709396E-03  3.365936969927E-02  1.669427976599E+00 -5.571255661289E-03  9.944385137224E-03 -4.373129475966E-03 -7.673287471629E-03 -6.559594126128E-05 -5.377890875720E-07 -2.269848113738E-07  2.365265170884E-06  2.767969690164E-02  5.377890929606E-07  6.201814269980E-04  2.137300540978E-20 -9.940945578317E-22 -2.373426276487E-20 -4.640895584051E-04
  7.318794455535E+02  7.393794455535E+02  1.243908462642E+01  6.665226277442E-15  5.252210974441E-03  1.550524928578E+02  9.666591535315E-02  1.210342201401E-01 -5.523618782008E-02  1.056541936981E-03  4.742039337258E-02  1.638996419476E+00 -5.445157276568E-03  9.665743589700E-03 -4.220586313127E-03 -7.136079832325E-03 -1.393358650629E-04 -1.505651219643E-06  3.793970634838E-07 -1.255413783967E-06  2.561791060539E-02  1.505651213240E-06  1.367345781980E-03  1.463778303530E-20 -3.555923369748E-21 -2.505497992431E-20 -4.297872917366E-04
  7.468794455535E+02  7.543794455535E+02  1.246246691452E+01  6.705505508492E-15  6.632061153796E-03  1.556312625976E+02  9.410884920603E-02  1.181333714213E-01 -5.223302409681E-02  1.036597707375E-03  6.385183794571E-02  1.612447131669E+00 -5.425549206950E-03  9.407692469664E-03 -3.982143262666E-03 -6.596167894181E-03 -2.376939073777E-04 -2.009679081332E-06 -1.379190995847E-07  1.177044768946E-06  2.432930149951E-02  2.009679081465E-06  1.740590156929E-03  9.801308352416E-21 -2.688132951450E-21 -2.001139139320E-20 -3.964868113979E-04
  7.618794455535E+02  7.693794455535E+02  1.248470261006E+01  6.106351535529E-15  8.521441778135E-03  1.561815229302E+02  9.132545580181E-02  1.143133420069E-01 -4.917050147585E-02  9.931653959359E-04  8.839486686021E-02  1.594484102450E+00 -5.447295950536E-03  9.227702955738E-03 -3.780407005179E-03 -6.169984120069E-03 -2.070995334715E-04 -1.148075163202E-06 -9.732905042549E-07  2.396010858156E-06  2.366968912488E-02  1.148075167352E-06  9.111456599532E-04  1.354142620916E-20 -2.966998939235E-21 -1.798094364357E-20 -3.798517332601E-04
  7.768794455535E+02  7.843794455535E+02  1.250685079562E+01  4.762500687508E-15  8.344286516335E-03  1.567329296526E+02  8.826582705612E-02  1.107227770795E-01 -4.610199393596E-02  9.245003700259E-04  8.751027946684E-02  1.567620467828E+00 -5.271675293947E-03  8.938849717654E-03 -3.667174423741E-03 -5.980245898611E-03  1.654040419291E-04 -7.358249788312E-07 -4.207494730143E-07  4.096932170885E-06  2.306595258689E-02  7.358249730708E-07 -2.180896589570E-04  2.016154037613E-20  1.652246507689E-21 -1.469993822077E-20 -3.634951070265E-04
  7.918794455535E+02  7.993794455535E+02  1.252796669061E+01  2.978717081297E-15  8.112130180562E-03  1.572588630916E+02  8.485182208890E-02  1.076013092415E-01 -4.297997919167E-02  8.815270417758E-04  8.626395368431E-02  1.545867354954E+00 -5.064944971954E-03  8.659207833407E-03 -3.594262861372E-03 -5.610847241333E-03  1.764530022894E-04  3.099477602609E-07  3.551572269222E-07  3.148794523213E-06  2.240536938438E-02 -3.099477754900E-07 -8.644951003207E-04  1.325871118086E-20 -6.396763460421E-21 -2.352112706974E-20 -3.434052990023E-04
  8.068794455535E+02  8.143794455535E+02  1.254886893424E+01  1.403318677625E-15  6.716955694542E-03  1.577816599436E+02  8.107853842490E-02  1.051119729404E-01 -3.987344720581E-02  8.774777770695E-04  7.019719056345E-02  1.528705535814E+00 -5.000339044426E-03  8.620291405906E-03 -3.619952361494E-03 -5.425109747205E-03  3.789442805236E-04 -3.636772561859E-08  6.128852562844E-07  1.432725370564E-06  2.215856699051E-02  3.636771109056E-08 -2.244042114568E-03  8.784534954789E-21 -3.075737860596E-21 -2.175628755819E-20 -3.363350511614E-04
  8.218794455535E+02  8.293794455535E+02  1.256949841927E+01  3.659982292642E-16  3.895745859464E-03  1.582973395703E+02  7.716258678881E-02  1.022081598329E-01 -3.674204228887E-02  8.262764410444E-04  3.625953438085E-02  1.507069630217E+00 -4.961081309708E-03  8.499496191606E-03 -3.538414881871E-03 -5.304962309899E-03  6.126382674292E-04  1.126132301818E-06  8.579001562984E-07  1.162776238029E-06  2.175780067516E-02 -1.126132307138E-06 -3.522809182921E-03  1.140585531356E-20 -2.302180943868E-21 -1.494000565930E-20 -3.250281047006E-04
  8.368794455535E+02  8.443794455535E+02  1.258965185705E+01 -5.353094902390E-16  1.120345351437E-04  1.588031025167E+02  7.305605000729E-02  9.950179876471E-02 -3.359234443806E-02  8.003365866116E-04 -9.488663730080E-03  1.489381427384E+00 -4.842092355701E-03  8.290855902793E-03 -3.448763547130E-03 -5.121937351309E-03  8.683895041929E-04  4.463581655314E-07  9.404658835329E-07  7.477925073943E-07  2.203862770944E-02 -4.463581741449E-07 -5.068237801963E-03  1.958338639303E-20  3.243662795297E-21 -9.499708125940E-21 -3.207308242982E-04
  8.518794455535E+02  8.593794455535E+02  1.261082258526E+01 -1.415655588270E-15 -5.599161382753E-03  1.593328252055E+02  6.866254689059E-02  9.672997911573E-02 -3.040516982862E-02  7.670835549912E-04 -8.090040420847E-02  1.475687412107E+00 -4.761678417376E-03  8.195457221552E-03 -3.433778804186E-03 -5.182828707304E-03  1.003626013620E-03  1.755485201072E-07  5.257801887753E-07  2.987386906079E-06  2.227540479336E-02 -1.755485238834E-07 -4.795025556820E-03  1.608745719575E-20 -8.560915249546E-21 -1.553340058559E-20 -3.201706990915E-04
  8.668794455535E+02  8.743794455535E+02  1.263142757967E+01 -1.667810945050E-15 -8.875608548230E-03  1.598502983581E+02  6.405960734156E-02  9.322927300174E-02 -2.730513538811E-02  7.419158432504E-04 -1.211840250316E-01  1.457673001182E+00 -4.731404502188E-03  8.038751514895E-03 -3.307347012771E-03 -4.966270459448E-03  7.226589073012E-04  1.420616473374E-06  1.952316143055E-07  3.573320265494E-06  2.127340577717E-02 -1.420616461293E-06 -4.216612748398E-03  9.445418437758E-21 -9.618712224665E-21 -1.633689278966E-20 -3.013048121377E-04
  8.818794455535E+02  8.893794455535E+02  1.265072155658E+01 -1.418811718864E-15 -1.351380025502E-02  1.603331383300E+02  5.927663390598E-02  9.017727980150E-02 -2.407491346423E-02  6.857723368022E-04 -1.796471803894E-01  1.424682586029E+00 -4.571230296119E-03  7.672170569613E-03 -3.100940273511E-03 -4.700569661673E-03  8.514004026747E-04 -1.726945552728E-06  2.651362016538E-07  3.501533985147E-06  2.064524423571E-02  1.726945550294E-06 -4.300002896743E-03  1.063295534085E-20  2.424421716938E-23 -1.393172608756E-20 -2.872428708566E-04
  8.968794455535E+02  9.043794455535E+02  1.267014171869E+01 -6.654505686360E-16 -1.694857239119E-02  1.608195663768E+02  5.411540472418E-02  8.861632172081E-02 -2.087624253655E-02  6.483172336073E-04 -2.228322741654E-01  1.401877484535E+00 -4.505068306269E-03  7.454915149020E-03 -2.949846842744E-03 -4.411394857080E-03  7.621124133379E-04 -2.183560907024E-06  2.666078117435E-07  1.252627594112E-07  1.954040437493E-02  2.183560911641E-06 -3.375555102337E-03  9.166600850852E-21 -4.123152750031E-22 -8.311573769039E-21 -2.640513340146E-04
  9.118794455535E+02  9.193794455535E+02  1.268735417404E+01  3.660689373158E-16 -1.984206747614E-02  1.612488073376E+02  4.835549693881E-02  8.780638093738E-02 -1.763141258904E-02  5.668070458347E-04 -2.592343103991E-01  1.380413396102E+00 -4.460035164866E-03  7.332624151237E-03 -2.872588986379E-03 -4.060267183539E-03  6.160671351086E-04 -8.130523632865E-07  5.967978591252E-08  3.837078886677E-07  1.879113221514E-02  8.130523696935E-07 -3.091749030130E-03  1.183082413699E-20 -3.154650197274E-21 -4.307479916216E-21 -2.453258047215E-04
  9.268794455535E+02  9.343794455535E+02  1.270536463366E+01  5.955279310776E-16 -2.273073088411E-02  1.617007179776E+02  4.197111796119E-02  8.820974711382E-02 -1.444669486245E-02  5.017079666450E-04 -2.953843728319E-01  1.366641956498E+00 -4.330407029746E-03  7.172774273723E-03 -2.842367243900E-03 -3.832951766168E-03  6.316242335175E-04 -4.681903095941E-07 -3.198906874223E-07  2.657038568174E-07  1.889599233433E-02  4.681902957522E-07 -4.187232738329E-03  1.528884713469E-20 -3.057062774202E-21 -8.251434157983E-21 -2.341213005440E-04
  9.418794455535E+02  9.493794455535E+02  1.272277808026E+01  5.245321321387E-16 -2.768053423481E-02  1.621359531880E+02  3.484135932801E-02  8.991710338265E-02 -1.115064705911E-02  4.257672464998E-04 -3.592149633012E-01  1.364714108748E+00 -4.221737177710E-03  7.013596185908E-03 -2.791859008321E-03 -3.702294084263E-03  7.823203251801E-04  3.214170766751E-07 -8.718090134160E-07  8.305149596681E-07  1.979815129347E-02 -3.214170777479E-07 -3.952730284004E-03  4.981358228498E-21 -4.331180685273E-21 -1.127415207004E-20 -2.406092545139E-04
  9.568794455535E+02  9.643794455535E+02  1.274249206185E+01  9.259407476869E-16 -3.014560802503E-02  1.626302473648E+02  2.645951040264E-02  9.335190690482E-02 -7.866651135201E-03  3.183180226224E-04 -3.918768905426E-01  1.380563260054E+00 -4.157336131157E-03  7.029735234881E-03 -2.872399103705E-03 -4.083444077106E-03  3.871804801046E-04  1.287789559741E-06 -1.116994118121E-06 -2.483091230625E-06  2.472953716218E-02 -1.287789565604E-06 -1.686119156893E-03  7.633891691337E-21  5.922433083662E-22 -5.451888830397E-21 -2.901523170750E-04
  9.718794455535E+02  9.793794455535E+02  1.276915718899E+01  1.077008635631E-15 -3.084866371106E-02  1.633013872423E+02  1.618421756642E-02  1.014272968064E-01 -4.501181535253E-03  2.033492391177E-04 -4.025161027339E-01  1.479610506692E+00 -4.206006668973E-03  7.744744980698E-03 -3.538738311721E-03 -5.381091745256E-03  2.355039102291E-05  2.741268902041E-07 -7.362126622115E-07 -3.950499798422E-06  3.294993901106E-02 -2.741268911348E-07 -1.204984520902E-03  5.568456594815E-21  8.214346890783E-22  3.022158451725E-21 -4.135479056795E-04
  9.868794455535E+02  9.943794455535E+02  1.280427486765E+01  4.554087051767E-16 -3.240313002570E-02  1.641992644731E+02  3.312555586210E-03  1.172460887042E-01 -1.305755577874E-03  5.519746953861E-05 -4.239389654392E-01  1.481536043894E+00 -5.100979027675E-03  8.514874290411E-03 -3.413895262782E-03 -6.977502860359E-03  2.339817052089E-04 -1.036329430670E-06 -2.347928320591E-07 -1.230126893196E-06  1.873107335483E-02  1.036329422753E-06 -8.311753982519E-04  2.223103359698E-21  5.569182976873E-22 -1.528875126085E-21 -2.039559587146E-04
