                   y                  ym                   U                   V                   W                 U^2                 V^2                 W^2                  UV                  VW                  UW                VISC               SFSxx               SFSyy               SFSzz               SFSxy               SFSyz                dUdX                dVdX                dWdX                dUdY                dVdY                dWdY                dUdZ                dVdZ                dWdZ              SFSxym
 -4.000000000000E+00 -2.000000000000E+00  0.000000000000E+00  0.000000000000E+00  0.000000000000E+00  0.000000000000E+00  0.000000000000E+00  0.000000000000E+00  0.000000000000E+00  0.000000000000E+00  0.000000000000E+00  0.000000000000E+00  0.000000000000E+00  0.000000000000E+00  0.000000000000E+00  0.000000000000E+00  0.000000000000E+00  0.000000000000E+00  0.000000000000E+00  0.000000000000E+00  0.000000000000E+00  0.000000000000E+00  0.000000000000E+00  0.000000000000E+00  0.000000000000E+00  0.000000000000E+00  0.000000000000E+00
  2.220446049250E-16  2.000000000000E+00  7.967575045525E+00  7.370741341853E-17 -3.496068929922E-03  6.436933871773E+01  1.592049481143E-02  2.215456368547E-01 -4.570816174671E-02 -7.487524668559E-05 -2.473214945484E-02  3.691129360631E-01  1.737914939537E-05  7.641962740569E-04 -7.815754234048E-04 -1.489806854620E+00  1.533591900409E-03 -2.167322557599E-06 -3.505024991273E-07  1.045356921637E-05  3.314874797858E+01  2.167322555368E-06 -1.579578721859E-02 -3.505297025948E-20 -1.201274215902E-21  9.260721386244E-21 -1.721252642824E-03
  4.000000000000E+00  6.000000000000E+00  8.606871652218E+00  2.245563218879E-16 -4.419052103949E-03  7.480345179417E+01  6.365725105479E-02  1.978112182440E-01 -8.309563671863E-02 -9.359915974094E-05 -3.353087341345E-02  2.757032250114E+00  4.559723551102E-02 -6.444164127755E-02  1.884440576628E-02 -2.249447891868E-01 -2.482460621725E-02  5.703652762097E-06 -6.654149943350E-07 -3.305504887638E-06  1.734897322363E+00 -5.703652766068E-06 -2.168210890842E-03 -1.374414356341E-20 -4.029448247921E-21 -2.628888864075E-21 -1.710834112312E-02
  8.000000000000E+00  1.000000000000E+01  8.835012667367E+00  1.261205450333E-16 -4.572385040958E-03  7.867950803544E+01  7.486996784345E-02  1.799834084714E-01 -8.215947443916E-02 -1.141061124707E-04 -3.559649439611E-02  2.900398769294E+00  3.011175332113E-02 -8.278434939959E-02  5.267259607800E-02 -1.529535704906E-01 -1.062700727208E-03 -6.895125567524E-06 -9.770151114024E-07 -2.810869492849E-07  8.758798872374E-01  6.895125575206E-06 -7.139988583808E-04 -3.626082528157E-20 -2.680247163532E-21  2.200638130102E-21 -9.195912203222E-03
  1.200000000000E+01  1.400000000000E+01  9.044776334572E+00 -3.026209382910E-16 -4.777681456059E-03  8.240883530655E+01  8.048016370561E-02  1.755588733019E-01 -8.722944763371E-02 -1.178350175944E-04 -3.825092337338E-02  2.858387859844E+00  2.790899426030E-02 -7.667914255670E-02  4.877014829608E-02 -1.408128819224E-01  1.451718419743E-03 -2.175270087265E-06 -1.422672450996E-06 -2.237789751977E-06  7.272333739553E-01  2.175270068852E-06 -6.313758271610E-04 -3.031625869503E-20  7.359747327320E-22  1.141921975386E-20 -7.781547118937E-03
  1.600000000000E+01  1.800000000000E+01  9.198603363405E+00 -4.084055594434E-16 -4.893649579821E-03  8.518990147345E+01  8.514209272741E-02  1.717563743073E-01 -8.706081660517E-02 -1.272511764792E-04 -4.010263170175E-02  2.699935085506E+00  2.320500801635E-02 -6.797037684759E-02  4.476536883169E-02 -1.058707632067E-01  1.343767598651E-03  4.930149267273E-06 -1.447082224793E-06  1.128377690191E-06  5.802101877262E-01 -4.930149267145E-06 -6.006594077215E-04 -3.425867091259E-20 -3.599211133893E-22  2.341059429204E-20 -6.178416235276E-03
  2.000000000000E+01  2.200000000000E+01  9.334868567873E+00  5.793410817629E-17 -5.057890957526E-03  8.770290515044E+01  8.929150577890E-02  1.703344084405E-01 -8.866085266783E-02 -1.363873924332E-04 -4.252642727529E-02  2.588921845030E+00  2.053788763875E-02 -6.169940374059E-02  4.116151610189E-02 -9.280280653936E-02  7.460944840748E-04  3.081634937005E-07 -1.186839990043E-06 -1.492197722047E-06  4.987340944976E-01 -3.081634840238E-07 -6.559742797591E-04 -3.603048740993E-20 -9.928282783428E-22  2.656007222459E-20 -5.306264135577E-03
  2.400000000000E+01  2.600000000000E+01  9.447950919678E+00  6.482499898666E-16 -5.213244206482E-03  8.981425478548E+01  9.292076574868E-02  1.692134112999E-01 -8.877862264312E-02 -1.372115696228E-04 -4.501622422825E-02  2.471014877689E+00  1.782631719068E-02 -5.621980272359E-02  3.839348553228E-02 -7.708021975241E-02  5.345585875539E-04 -2.182989433541E-06 -6.205844192588E-07 -4.517906606746E-06  4.283914900814E-01  2.182989440066E-06 -4.525468864715E-04 -2.494939356077E-20  1.578864081461E-24  4.152508457345E-20 -4.523513463982E-03
  2.800000000000E+01  3.000000000000E+01  9.549053844202E+00  1.219168103016E-15 -5.287574982167E-03  9.172669311489E+01  9.596464156666E-02  1.687796901836E-01 -8.937487047711E-02 -1.434971521904E-04 -4.650151816064E-02  2.378731175495E+00  1.598046611355E-02 -5.205545761334E-02  3.607499149964E-02 -6.821996825190E-02  1.741890404505E-04  2.384509428084E-07 -3.229583657296E-07 -3.619139452360E-06  3.792975890552E-01 -2.384509747277E-07 -6.381003847286E-04 -3.741088859809E-20 -4.713688789526E-21  5.159129184029E-20 -3.996309902183E-03
  3.200000000000E+01  3.400000000000E+01  9.637606118532E+00  1.949576771180E-15 -5.526701768719E-03  9.341822634749E+01  9.850529063440E-02  1.684808689467E-01 -8.944606425578E-02 -1.440114795378E-04 -4.925325855845E-02  2.295810503970E+00  1.436107043150E-02 -4.852944404176E-02  3.416837361034E-02 -5.982762163151E-02  8.586141183756E-05 -3.410159666990E-06 -6.599520525944E-07 -6.627739251008E-06  3.396190029711E-01  3.410159704296E-06 -1.709370482046E-03 -1.076080079643E-20  4.784436831879E-21  3.968194085485E-20 -3.564377745686E-03
  3.600000000000E+01  3.800000000000E+01  9.718861812737E+00  3.168126837170E-15 -6.136319855554E-03  9.498574738412E+01  1.006185712632E-01  1.682365139976E-01 -8.964117077984E-02 -1.668848983280E-04 -5.564057936977E-02  2.223974928404E+00  1.312398254308E-02 -4.560803046245E-02  3.248404791939E-02 -5.437971679337E-02  1.461102232368E-04  8.312903607473E-07 -6.433481237905E-07 -9.087209931377E-06  3.095414834400E-01 -8.312903595303E-07 -2.819732877445E-03 -5.899728761146E-21 -5.670512314504E-21  3.926620264819E-20 -3.232783151946E-03
  4.000000000000E+01  4.200000000000E+01  9.792372866180E+00  4.266138332355E-15 -6.948610024169E-03  9.641538089679E+01  1.023793801366E-01  1.677874664263E-01 -8.964846722658E-02 -1.639380247755E-04 -6.435868886655E-02  2.158709124123E+00  1.195357968458E-02 -4.306965494030E-02  3.111607525596E-02 -4.913809959251E-02  1.986284319973E-04  4.480878918106E-07 -4.302912146041E-07 -8.088788176911E-06  2.832376288575E-01 -4.480878383701E-07 -2.732048236323E-03  2.038691001728E-22 -4.110391454966E-21  3.564200344070E-20 -2.944983576891E-03
  4.400000000000E+01  4.600000000000E+01  9.860479166064E+00  4.602709254674E-15 -7.518009801295E-03  9.774985169038E+01  1.038486165250E-01  1.673666892774E-01 -8.968437642118E-02 -1.769660127839E-04 -7.076362225077E-02  2.101776400537E+00  1.102579745361E-02 -4.089579866017E-02  2.987000120683E-02 -4.519924354792E-02  9.718338016533E-05 -5.628177915809E-07 -4.248172990019E-07 -6.542103429236E-06  2.625118844308E-01  5.628178045440E-07 -2.037606652867E-03 -8.589635852306E-21  4.446401537620E-21  4.625546291605E-20 -2.715694725831E-03
  4.800000000000E+01  5.000000000000E+01  9.923629126801E+00  4.576639920627E-15 -7.974137240799E-03  9.899537100631E+01  1.050892363986E-01  1.669269969962E-01 -8.962981847350E-02 -1.702425605319E-04 -7.641259889709E-02  2.047873495847E+00  1.015667740003E-02 -3.890870254121E-02  2.875202514091E-02 -4.172616158303E-02  8.160176573340E-05  3.845269914663E-06 -5.568722255777E-07 -5.121099370557E-06  2.448079362594E-01 -3.845269927948E-06 -1.675534020687E-03  1.155436804109E-20  3.131662954804E-21  4.463198077419E-20 -2.517909579175E-03
  5.200000000000E+01  5.400000000000E+01  9.982885306397E+00  4.338019093247E-15 -8.362580829789E-03  1.001715415677E+02  1.061476926052E-01  1.666258009881E-01 -8.956956965976E-02 -1.772571839325E-04 -8.143286836350E-02  1.999180711923E+00  9.366134253902E-03 -3.712856048633E-02  2.776242623240E-02 -3.889676258521E-02  2.229840740376E-06  5.297366913851E-06 -6.175261202928E-07 -3.620452251470E-06  2.303387069349E-01 -5.297366852609E-06 -1.185176512869E-03  9.051432929703E-22 -7.617361761583E-22  5.028353556516E-20 -2.352762004145E-03
  5.600000000000E+01  5.800000000000E+01  1.003880788567E+01  3.881214504879E-15 -8.573146083637E-03  1.012882149836E+02  1.070586676503E-01  1.664492920090E-01 -8.947703250402E-02 -1.799962586430E-04 -8.467434444306E-02  1.956396538534E+00  8.772693119011E-03 -3.563950330912E-02  2.686681019029E-02 -3.644659028301E-02 -4.225233097629E-05  4.766211048701E-06 -4.186092127299E-07 -2.068752432429E-06  2.179185653216E-01 -4.766211073168E-06 -5.773002745539E-04  7.393469332956E-21  1.203604941928E-21  4.723519053970E-20 -2.209368906525E-03
  6.000000000000E+01  6.200000000000E+01  1.009186086250E+01  2.619486189013E-15 -8.654323000321E-03  1.023533779355E+02  1.078563480766E-01  1.662959416070E-01 -8.937409892383E-02 -1.840861605295E-04 -8.658845306486E-02  1.917811967445E+00  8.255965085319E-03 -3.434730612586E-02  2.609134104067E-02 -3.429761019254E-02 -4.895453114516E-05  1.797362916856E-06 -1.977893891580E-07  1.319836699018E-06  2.062255098270E-01 -1.797363011397E-06 -2.944348853110E-05  1.618947727794E-20  4.518726114689E-21  5.305481788352E-20 -2.078106141438E-03
  6.400000000000E+01  6.600000000000E+01  1.014192372188E+01  1.015912361469E-15 -8.588124719834E-03  1.033635022865E+02  1.085542610433E-01  1.659369554133E-01 -8.926565136454E-02 -1.857783586370E-04 -8.708288213615E-02  1.880955863453E+00  7.707118259585E-03 -3.304605682735E-02  2.533893856791E-02 -3.223084405564E-02 -7.557517536642E-05  3.992119602055E-06  3.203201078326E-07  2.552730901499E-06  1.956110079659E-01 -3.992119602752E-06  4.304920736950E-04  1.529238970953E-20  5.848192939268E-21  4.589469831335E-20 -1.962592703855E-03
  6.800000000000E+01  7.000000000000E+01  1.018967800547E+01 -3.911957924841E-16 -8.439485226167E-03  1.043318743348E+02  1.091444075656E-01  1.654427651220E-01 -8.913594659310E-02 -1.906553511770E-04 -8.666758800587E-02  1.846052552826E+00  7.242529771278E-03 -3.185334726069E-02  2.461081748918E-02 -3.056971202723E-02 -1.621456401454E-04  3.490176029876E-06  6.112559231944E-07  3.782357701254E-06  1.864811706660E-01 -3.490176077901E-06  3.855506598936E-04  3.220712308455E-20 -3.677140703353E-21  4.743539006618E-20 -1.861056297807E-03
  7.200000000000E+01  7.400000000000E+01  1.023517677473E+01 -3.360598113446E-16 -8.392060952965E-03  1.052586613862E+02  1.096337209951E-01  1.647115583916E-01 -8.901705781931E-02 -2.007015052842E-04 -8.730114997835E-02  1.812243225600E+00  6.855223587860E-03 -3.070065376820E-02  2.384543018059E-02 -2.901016228949E-02 -1.173758818773E-04 -3.394366684540E-07  5.909864226331E-07  4.707798947248E-06  1.779567042036E-01  3.394366821596E-07 -8.177171600501E-05  2.585597977205E-20  1.833828274639E-21  4.774590271816E-20 -1.768248001157E-03
  7.600000000000E+01  7.800000000000E+01  1.027865609367E+01  1.475711335538E-15 -8.472410518067E-03  1.061477083619E+02  1.100418903986E-01  1.637403978327E-01 -8.886621397594E-02 -2.141452748261E-04 -8.901760958992E-02  1.780151296191E+00  6.559257957530E-03 -2.966912932071E-02  2.310987136329E-02 -2.757628368451E-02 -1.209559054180E-04  2.938650993158E-07  9.896621899991E-07  2.550584271580E-06  1.702087233871E-01 -2.938650604120E-07 -2.622942604122E-04  2.938785868477E-20  5.363767091077E-21  5.218065878775E-20 -1.681088814234E-03
  8.000000000000E+01  8.200000000000E+01  1.032028733823E+01  2.617393154789E-15 -8.519313219264E-03  1.070025624162E+02  1.103624696122E-01  1.626380927010E-01 -8.872827522077E-02 -2.294350322107E-04 -9.024023744909E-02  1.749383596862E+00  6.237074539872E-03 -2.871500161708E-02  2.247792707707E-02 -2.621891651371E-02 -1.198773892459E-04  3.554079257516E-06  1.708509091379E-06  4.785610885485E-06  1.626972728741E-01 -3.554079299975E-06 -6.909138975332E-05  1.843252494851E-20  1.955684994026E-21  4.861865896677E-20 -1.597078487119E-03
  8.400000000000E+01  8.600000000000E+01  1.036001844267E+01  3.837604821595E-15 -8.505063144535E-03  1.078212399473E+02  1.105804078678E-01  1.616373625529E-01 -8.858185061534E-02 -2.374603542646E-04 -9.072656614550E-02  1.720735731364E+00  5.973456100180E-03 -2.790242139876E-02  2.192896529859E-02 -2.488983033517E-02 -1.619543094359E-04 -3.699160091227E-07  2.190096838409E-06  6.129829641877E-06  1.555117687265E-01  3.699160429595E-07  2.945245351317E-04  2.991064472878E-20  1.259769933335E-21  5.231818680457E-20 -1.517802142736E-03
  8.800000000000E+01  9.000000000000E+01  1.039804032651E+01  6.051890063666E-15 -8.370957902795E-03  1.086074153063E+02  1.107029646411E-01  1.606501019422E-01 -8.843531096083E-02 -2.494189931112E-04 -8.993060583580E-02  1.694570005143E+00  5.656849488909E-03 -2.712935402516E-02  2.147250453606E-02 -2.369286157691E-02 -1.950450938302E-04 -2.892548116931E-06  2.695003960459E-06  4.731267978910E-06  1.497967418436E-01  2.892548114551E-06  7.007977568053E-04  4.605668675924E-20  6.119717421517E-21  4.063811676741E-20 -1.450243164337E-03
  9.200000000000E+01  9.400000000000E+01  1.043490412825E+01  7.204463217771E-15 -8.153214073504E-03  1.093724274874E+02  1.107335165322E-01  1.596443840794E-01 -8.826757755921E-02 -2.637854069724E-04 -8.833466507100E-02  1.670027751147E+00  5.352710389266E-03 -2.640019800374E-02  2.104748761424E-02 -2.273618728957E-02 -1.925885755136E-04  1.064445770168E-06  3.436356736555E-06  5.140990952255E-06  1.447044570513E-01 -1.064445751360E-06  1.074233245784E-03  4.194790479236E-20 -2.552203830711E-21  5.766352502389E-20 -1.389642218478E-03
  9.600000000000E+01  9.800000000000E+01  1.047039412605E+01  7.478705390072E-15 -7.830332483240E-03  1.101117423471E+02  1.106920794133E-01  1.587816138659E-01 -8.812459911023E-02 -2.754622049605E-04 -8.566809245546E-02  1.647096852971E+00  5.138540116829E-03 -2.573034981480E-02  2.059180969816E-02 -2.174445890625E-02 -2.352249148315E-04  8.490953171302E-07  3.811042641234E-06  5.468349812752E-06  1.389002482018E-01 -8.490953355207E-07  1.224795730081E-03  3.850045846615E-20  4.445619492846E-21  4.940551986122E-20 -1.327900988110E-03
  1.000000000000E+02  1.020000000000E+02  1.050435661893E+01  8.409559019203E-15 -7.539425575864E-03  1.108214377100E+02  1.106202706756E-01  1.578770621877E-01 -8.795684126191E-02 -2.905044167072E-04 -8.322205546160E-02  1.623626193852E+00  4.877553055746E-03 -2.501265813204E-02  2.013510507632E-02 -2.077004259315E-02 -2.208514851199E-04 -2.454472967786E-06  3.798575259566E-06  4.104655371760E-06  1.336844505092E-01  2.454472991536E-06  1.291109118247E-03  6.745072344989E-20  2.452172817257E-21  4.085365256451E-20 -1.273910415378E-03
  1.040000000000E+02  1.060000000000E+02  1.053722791761E+01  8.584945724507E-15 -7.184214629519E-03  1.115109298687E+02  1.105118075459E-01  1.569814495031E-01 -8.778840954813E-02 -3.172355403075E-04 -7.984368517741E-02  1.601065114765E+00  4.620273005473E-03 -2.435747830691E-02  1.973720530154E-02 -2.000434042188E-02 -2.389789322583E-04 -2.638187891304E-06  3.542934433192E-06  1.219350373366E-06  1.289204998802E-01  2.638187849161E-06  1.426430739020E-03  5.667983268817E-20  6.464543585885E-21  3.636243328910E-20 -1.223206151666E-03
  1.080000000000E+02  1.100000000000E+02  1.056880492528E+01  8.077003511911E-15 -6.826000443239E-03  1.121753023457E+02  1.103382748938E-01  1.561316470828E-01 -8.762279005687E-02 -3.364113025847E-04 -7.635124711606E-02  1.581917507425E+00  4.448457265575E-03 -2.383801691436E-02  1.938955964892E-02 -1.917716913434E-02 -2.431578396561E-04 -2.441485341867E-06  3.180581346114E-06  9.289649538374E-07  1.244696031195E-01  2.441485353878E-06  1.189108000550E-03  6.526019586717E-20 -3.667081859070E-22  4.370086804014E-20 -1.177528556061E-03
  1.120000000000E+02  1.140000000000E+02  1.059945607973E+01  8.460886776352E-15 -6.588686872651E-03  1.128223740805E+02  1.101177045756E-01  1.551805471178E-01 -8.744613217984E-02 -3.610095947698E-04 -7.400344037812E-02  1.563133022789E+00  4.257220163054E-03 -2.331793719724E-02  1.906071703423E-02 -1.848965029311E-02 -2.145001224950E-04 -1.050118108635E-06  3.017306512446E-06  1.095316665535E-06  1.210703044250E-01  1.050118074813E-06  6.989895272652E-04  6.221793448435E-20  4.189823721308E-21  4.454148482549E-20 -1.135774859740E-03
  1.160000000000E+02  1.180000000000E+02  1.062933450794E+01  8.798811379293E-15 -6.476606737000E-03  1.134551425384E+02  1.098890787645E-01  1.542572155690E-01 -8.727087482339E-02 -3.818815314903E-04 -7.288397767844E-02  1.544868458121E+00  4.085779787175E-03 -2.283531732383E-02  1.874953753677E-02 -1.784250775183E-02 -1.699672753599E-04 -3.571992323156E-06  3.072203152924E-06  4.735973295729E-08  1.177970790673E-01  3.571992352716E-06  2.573533525099E-04  6.086483304017E-20  5.831542045765E-21  3.989016996780E-20 -1.093985530611E-03
  1.200000000000E+02  1.220000000000E+02  1.065835031452E+01  8.774651632463E-15 -6.462203607636E-03  1.140714820402E+02  1.096906637527E-01  1.533660601350E-01 -8.708454246071E-02 -4.142682756466E-04 -7.267225660871E-02  1.526432371986E+00  3.923933955196E-03 -2.232723438527E-02  1.840330043006E-02 -1.718516954981E-02 -1.233512515161E-04 -8.574186976099E-07  3.183760182715E-06  1.072352773489E-07  1.145293098629E-01  8.574186976184E-07 -1.387018605971E-04  5.994846823738E-20 -1.451636231007E-21  4.001558333096E-20 -1.058670044886E-03
  1.240000000000E+02  1.260000000000E+02  1.068659888330E+01  9.349589462013E-15 -6.542813294566E-03  1.146731711437E+02  1.095356426824E-01  1.524518865354E-01 -8.689363805859E-02 -4.295852812673E-04 -7.342947995261E-02  1.509184345685E+00  3.782445347728E-03 -2.182244160098E-02  1.803999625334E-02 -1.665865118353E-02 -9.320776134251E-05 -1.286773350068E-06  3.338084453965E-06  1.724400751460E-07  1.115991080729E-01  1.286773391129E-06 -1.310957504627E-04  6.593808771801E-20 -1.766448008132E-21  4.177954396425E-20 -1.023453628338E-03
  1.280000000000E+02  1.300000000000E+02  1.071415038832E+01  1.015346118814E-14 -6.522726046569E-03  1.152613246029E+02  1.094009403821E-01  1.515154755168E-01 -8.669511244710E-02 -4.457601576779E-04 -7.305511977286E-02  1.493761534223E+00  3.606160091974E-03 -2.139808985698E-02  1.779192976496E-02 -1.609716065172E-02 -1.549416579923E-04 -1.289797565168E-06  3.489721050741E-06 -4.960051456142E-07  1.089887290222E-01  1.289797526411E-06  1.485414596107E-04  7.209957271520E-20  2.848103791354E-21  3.380511813862E-20 -9.898851000016E-04
  1.320000000000E+02  1.340000000000E+02  1.074109428961E+01  1.062965994883E-14 -6.466301056891E-03  1.158380393018E+02  1.092959039660E-01  1.504963694491E-01 -8.651042626403E-02 -4.614713222046E-04 -7.210516872950E-02  1.478624923255E+00  3.494530100183E-03 -2.096117681793E-02  1.746664671776E-02 -1.560421403372E-02 -1.701244154375E-04 -1.099433959768E-06  3.596492302170E-06 -2.889406575912E-06  1.062263216763E-01  1.099434006711E-06  3.769591035466E-04  7.514966413049E-20  5.007300032672E-21  3.556600119060E-20 -9.602591452993E-04
  1.360000000000E+02  1.380000000000E+02  1.076726113664E+01  1.197102499232E-14 -6.331907256450E-03  1.163992715117E+02  1.092288537288E-01  1.494588661617E-01 -8.631542644046E-02 -4.815111404494E-04 -7.010006289613E-02  1.462499166761E+00  3.332226441203E-03 -2.047743329847E-02  1.714520685732E-02 -1.511272432008E-02 -1.741440862695E-04 -1.024314435776E-06  3.828551037939E-06 -3.423649544028E-06  1.029240842502E-01  1.024314394081E-06  4.517857416004E-04  6.616066821554E-20 -2.994962198025E-21  4.070476361854E-20 -9.263777552701E-04
  1.400000000000E+02  1.420000000000E+02  1.079255596982E+01  1.358791855074E-14 -6.234799825554E-03  1.169429482455E+02  1.091934390267E-01  1.484538647854E-01 -8.613084933252E-02 -4.969457270093E-04 -6.840832667472E-02  1.445355774529E+00  3.164276089628E-03 -2.004874014949E-02  1.688446405969E-02 -1.451585414085E-02 -1.657203389044E-04  1.094731653704E-06  4.095533977944E-06 -3.474926688169E-06  9.991786986000E-02 -1.094731580306E-06  3.823531382469E-04  8.449343512751E-20  5.068560613489E-21  3.680616714943E-20 -8.915778673625E-04
  1.440000000000E+02  1.460000000000E+02  1.081722666744E+01  1.402166516982E-14 -6.130426748336E-03  1.174742313983E+02  1.091799736705E-01  1.475427991818E-01 -8.592844576116E-02 -5.196498562143E-04 -6.656197803456E-02  1.430032129867E+00  3.042957738611E-03 -1.962763143237E-02  1.658467369387E-02 -1.403841646355E-02 -1.597223619588E-04  1.553726618980E-06  4.098651659173E-06 -3.676584320624E-06  9.709638857148E-02 -1.553726619627E-06  4.672202266468E-04  6.886945929953E-20  2.772514720247E-21  3.800943651957E-20 -8.625082522576E-04
  1.480000000000E+02  1.500000000000E+02  1.084110820772E+01  1.422234749766E-14 -5.992674125654E-03  1.179896866426E+02  1.091654095521E-01  1.466937667665E-01 -8.574256535897E-02 -5.423898790727E-04 -6.436934236755E-02  1.415022065867E+00  2.924971058987E-03 -1.924032492997E-02  1.631535387080E-02 -1.355618583258E-02 -1.177731923322E-04  9.664288288304E-07  3.925876823840E-06 -2.718974568291E-06  9.434644829614E-02 -9.664287974899E-07  4.003919927460E-04  8.142229307419E-20 -3.699880259076E-21  4.190539228005E-20 -8.338953190869E-04
  1.520000000000E+02  1.540000000000E+02  1.086440202568E+01  1.459200023815E-14 -5.932195541113E-03  1.184932750219E+02  1.091399569799E-01  1.459475204017E-01 -8.553294483163E-02 -5.636980435466E-04 -6.305869437076E-02  1.400714821204E+00  2.819351071491E-03 -1.888747880936E-02  1.606812773774E-02 -1.311133935981E-02 -1.070851638785E-04  4.843983745094E-07  3.928574438065E-06 -1.387509867444E-06  9.175258212107E-02 -4.843983753132E-07  1.128339263289E-04  7.867529474530E-20  4.988238577765E-21  3.992481288241E-20 -8.059876468548E-04
  1.560000000000E+02  1.580000000000E+02  1.088699103742E+01  1.467790218162E-14 -5.945458640643E-03  1.189824313536E+02  1.091173473265E-01  1.450885962544E-01 -8.534984988283E-02 -5.901080198097E-04 -6.261007228539E-02  1.386677103445E+00  2.740959487832E-03 -1.851282481983E-02  1.577186533183E-02 -1.269433853133E-02 -5.036712479288E-05  6.121336843975E-07  4.172048222361E-06 -6.606349903064E-07  8.881994535088E-02 -6.121336511758E-07 -2.083121653416E-04  8.218346819062E-20  5.461164591026E-21  3.630730658892E-20 -7.797733640867E-04
  1.600000000000E+02  1.620000000000E+02  1.090881759320E+01  1.457470330585E-14 -6.044216672096E-03  1.194556543263E+02  1.090925901130E-01  1.441666993386E-01 -8.513609681811E-02 -6.075004695990E-04 -6.317047886667E-02  1.372259510642E+00  2.665061336715E-03 -1.815247373876E-02  1.548741240210E-02 -1.227384317102E-02 -4.787426344590E-05 -6.111479723627E-07  4.337276554440E-06 -5.054199831097E-07  8.586973753439E-02  6.111479571798E-07 -5.329077862891E-04  8.584680542881E-20 -1.047472645668E-21  4.185983611365E-20 -7.545692609818E-04
  1.640000000000E+02  1.660000000000E+02  1.092992675186E+01  1.436040775587E-14 -6.219934660133E-03  1.199142940145E+02  1.090398623610E-01  1.432283642025E-01 -8.494272686090E-02 -6.327709931067E-04 -6.456149421800E-02  1.357818677264E+00  2.620926697230E-03 -1.780139229503E-02  1.518046559767E-02 -1.186295073312E-02 -8.289516530599E-06  7.950035538427E-08  4.340083832072E-06 -1.329742184510E-06  8.331645978940E-02 -7.950035173261E-08 -9.175520309640E-04  1.058965206525E-19  5.339274025086E-21  3.786800835027E-20 -7.299199967192E-04
  1.680000000000E+02  1.700000000000E+02  1.095047384944E+01  1.407964428820E-14 -6.513675496524E-03  1.203615695631E+02  1.089461771686E-01  1.423250963365E-01 -8.472287282133E-02 -6.490357714190E-04 -6.739446997864E-02  1.344591154302E+00  2.549649720688E-03 -1.750650737345E-02  1.495685765277E-02 -1.148433151857E-02  4.268131549052E-05  1.527987659096E-06  4.220633203466E-06 -3.402986345593E-07  8.078701509820E-02 -1.527987663305E-06 -1.487876235220E-03  9.965295127951E-20  1.243195771496E-20  3.843583707413E-20 -7.034049679711E-04
  1.720000000000E+02  1.740000000000E+02  1.097031987509E+01  1.418205822419E-14 -6.970576127229E-03  1.207944046028E+02  1.088361904496E-01  1.415262223159E-01 -8.453895362104E-02 -6.688428556332E-04 -7.192235746272E-02  1.332424894733E+00  2.458182469014E-03 -1.721175757683E-02  1.475357510794E-02 -1.104120141948E-02  8.552507539795E-05  3.668240507525E-07  3.807796621115E-06  7.312795574313E-07  7.836872025532E-02 -3.668240318307E-07 -2.039102347275E-03  1.103234821208E-19 -2.887789168191E-21  3.969211719370E-20 -6.791394332732E-04
  1.760000000000E+02  1.780000000000E+02  1.098965444937E+01  1.437775068093E-14 -7.535231685558E-03  1.212167517104E+02  1.087314106616E-01  1.407885342665E-01 -8.430689981334E-02 -6.823335419304E-04 -7.763202913883E-02  1.320870699448E+00  2.389450870179E-03 -1.690851417134E-02  1.451906330117E-02 -1.069953278713E-02  1.280927472798E-04 -1.949990029430E-06  3.339715215125E-06  2.342109167858E-07  7.640649414952E-02  1.949990036888E-06 -2.176463254032E-03  8.648730544449E-20 -2.439966483132E-21  4.157837670844E-20 -6.587461556077E-04
  1.800000000000E+02  1.820000000000E+02  1.100851384200E+01  1.426457649917E-14 -8.063258115588E-03  1.216296880487E+02  1.086276508001E-01  1.400833610742E-01 -8.411162820413E-02 -6.914112388431E-04 -8.303039059520E-02  1.308770961845E+00  2.300231686011E-03 -1.660028295524E-02  1.430005126915E-02 -1.036623055612E-02  1.276219725298E-04 -4.070647232665E-07  3.041481543028E-06  1.100396007668E-06  7.454882912119E-02  4.070647449149E-07 -1.730873233740E-03  9.985389120361E-20  2.373907485110E-21  4.267760237219E-20 -6.379754845881E-04
  1.840000000000E+02  1.860000000000E+02  1.102692378370E+01  1.436378040164E-14 -8.408763528251E-03  1.220335042909E+02  1.085047240952E-01  1.393617769137E-01 -8.387325388209E-02 -6.954676433176E-04 -8.657650466527E-02  1.296788190211E+00  2.240207703678E-03 -1.632855356213E-02  1.408834585849E-02 -1.005870053682E-02  8.497119090837E-05  5.397392663981E-07  2.661748342584E-06  2.109264894637E-06  7.215908820946E-02 -5.397392573046E-07 -1.141612155170E-03  1.007964686341E-19  4.515084292925E-21  3.931274335171E-20 -6.157160311192E-04
  1.880000000000E+02  1.900000000000E+02  1.104459132616E+01  1.467790371306E-14 -8.639930401328E-03  1.224216276909E+02  1.083547365886E-01  1.387291564859E-01 -8.368647763166E-02 -6.979265462164E-04 -8.889832226356E-02  1.286361129895E+00  2.170434930551E-03 -1.606895011399E-02  1.389851518335E-02 -9.663370717481E-03  4.615128807029E-05 -8.834119713584E-07  2.202481826800E-06  1.709205962888E-06  6.983803507824E-02  8.834119852621E-07 -6.862364409936E-04  1.011033943878E-19 -4.295152295127E-21  4.079074616224E-20 -5.957149970127E-04
  1.920000000000E+02  1.940000000000E+02  1.106183725016E+01  1.467871661171E-14 -8.753234621863E-03  1.228007253627E+02  1.081910339569E-01  1.380331067831E-01 -8.344574673047E-02 -6.956363072343E-04 -8.997293726408E-02  1.275417838359E+00  2.072266243913E-03 -1.580947868292E-02  1.373721243905E-02 -9.377629832812E-03  2.231008884804E-05 -2.672032749447E-06  2.090466796663E-06  1.317398656495E-06  6.807596857800E-02  2.672032740846E-06 -2.539209337128E-04  1.021776572583E-19 -1.068147413028E-21  3.755575035144E-20 -5.766912069437E-04
  1.960000000000E+02  1.980000000000E+02  1.107862821249E+01  1.418542135608E-14 -8.769261612493E-03  1.231703327592E+02  1.080327452004E-01  1.375289054936E-01 -8.325786744755E-02 -6.895776798725E-04 -9.012967857925E-02  1.266356220344E+00  1.991823325481E-03 -1.559943649767E-02  1.360761317217E-02 -9.082010390069E-03 -6.222409348923E-05 -2.359100327591E-06  2.412378926090E-06  1.964047369055E-06  6.657073665107E-02  2.359100321018E-06  8.418289917245E-05  1.042426021875E-19  3.386330362314E-21  3.525441408306E-20 -5.592833674288E-04
  2.000000000000E+02  2.020600000000E+02  1.109513294124E+01  1.364656203433E-14 -8.715344431739E-03  1.235337267487E+02  1.078470816104E-01  1.370170012678E-01 -8.300170209887E-02 -6.813389665877E-04 -8.951090142055E-02  1.257325690450E+00  1.809418916390E-03 -1.513269626927E-02  1.332327735284E-02 -8.850376258833E-03 -4.147166614681E-05 -1.106570612968E-06  2.769171491654E-06  2.193827563836E-06  6.471724037135E-02  1.106570602001E-06  2.542441718374E-04  9.167631155853E-20 -2.182763127294E-22  4.100888405715E-20 -5.485646519345E-04
  2.041200000000E+02  2.062418000000E+02  1.111196514929E+01  1.358455474122E-14 -8.637606253582E-03  1.239048146895E+02  1.076477368646E-01  1.365508988746E-01 -8.278426872388E-02 -6.753520036737E-04 -8.859085318409E-02  1.248094806730E+00  1.630458037198E-03 -1.462136807343E-02  1.299091003624E-02 -8.712436231703E-03 -7.013755073955E-05 -2.111194474731E-06  2.931460008186E-06  1.525871828545E-06  6.326847604817E-02  2.111194525269E-06  1.189869627263E-04  1.099207608384E-19 -4.189669492412E-21  3.315790749760E-20 -5.378755732744E-04
  2.083636000000E+02  2.105490540000E+02  1.112868821318E+01  1.400568980092E-14 -8.643576319686E-03  1.242737817824E+02  1.074224724753E-01  1.359891193694E-01 -8.251022932405E-02 -6.655302564563E-04 -8.850067852934E-02  1.239858241642E+00  1.476432549197E-03 -1.410166289036E-02  1.262523034113E-02 -8.512473067798E-03 -3.426135515218E-05 -1.760713305244E-06  2.935264944023E-06  1.639734053818E-06  6.152549032996E-02  1.760713224274E-06 -3.286809478931E-05  1.167991006101E-19 -2.210928160202E-21  2.522863488064E-20 -5.288737989868E-04
  2.127345080000E+02  2.149855256200E+02  1.114557172213E+01  1.471876198035E-14 -8.643863606194E-03  1.246467424126E+02  1.071814811143E-01  1.356172517391E-01 -8.226310970311E-02 -6.556499359771E-04 -8.842093877399E-02  1.232907923876E+00  1.278377297238E-03 -1.359745803195E-02  1.231908073467E-02 -8.415387662419E-03 -4.059888121324E-05 -6.327643154351E-07  2.837228042364E-06  1.061273676704E-06  6.021886771285E-02  6.327643818565E-07  6.470848422310E-05  1.060765208359E-19 -4.958579646371E-23  3.511475620805E-20 -5.210932121749E-04
  2.172365432400E+02  2.195550913886E+02  1.116257260016E+01  1.501257805859E-14 -8.596552711633E-03  1.250224464620E+02  1.069321826242E-01  1.353050007929E-01 -8.197044210830E-02 -6.347009666385E-04 -8.784247583579E-02  1.226045321692E+00  1.086648663222E-03 -1.310896126383E-02  1.202231260060E-02 -8.265481463248E-03 -8.635799110031E-06 -6.001912740647E-07  2.725440417396E-06  1.035739326052E-06  5.888672787533E-02  6.001912518923E-07 -1.554262287986E-04  1.077753494169E-19 -3.004110608866E-21  2.915887156564E-20 -5.122617090309E-04
  2.218736395372E+02  2.242617441303E+02  1.117970101655E+01  1.508194018169E-14 -8.724494535310E-03  1.254017788071E+02  1.066662068912E-01  1.351391143893E-01 -8.169771225062E-02 -6.145758976374E-04 -8.936715972891E-02  1.220782554582E+00  9.361527828590E-04 -1.264872053126E-02  1.171256774836E-02 -8.157047168979E-03  1.753771609192E-05 -9.566424211314E-07  2.711399209710E-06  1.402643485910E-06  5.795027065822E-02  9.566424478599E-07 -4.403274015540E-04  1.048672850704E-19 -2.895150339444E-22  2.666871069446E-20 -5.067570512343E-04
  2.266498487233E+02  2.291095964542E+02  1.119717141583E+01  1.570406998885E-14 -8.853507270462E-03  1.257889934047E+02  1.063859977137E-01  1.350612521591E-01 -8.139573402787E-02 -5.970824124921E-04 -9.079430493547E-02  1.215932084772E+00  7.640974702267E-04 -1.213467688081E-02  1.137057941061E-02 -8.071657401828E-03  3.710277855685E-05 -5.150431474917E-07  2.636018472107E-06  9.590309916911E-07  5.745230627377E-02  5.150431296022E-07 -6.496213710885E-04  1.124908431537E-19 -6.599953469198E-21  3.302186282666E-20 -5.031989315444E-04
  2.315693441850E+02  2.341028843478E+02  1.121503532801E+01  1.647084393065E-14 -9.121370500350E-03  1.261855938319E+02  1.061037520443E-01  1.350855144853E-01 -8.108766270864E-02 -5.674606577146E-04 -9.374742144295E-02  1.210645171709E+00  5.789687403937E-04 -1.158362047467E-02  1.100465173417E-02 -8.027341368840E-03  9.382388931750E-05 -1.045935378138E-06  2.314110283941E-06  9.163636149039E-08  5.709437839964E-02  1.045935388963E-06 -8.167150498721E-04  1.219166495972E-19 -3.779283440596E-21  2.298757777658E-20 -5.005161852839E-04
  2.366364245106E+02  2.392459708782E+02  1.123333589056E+01  1.670051083825E-14 -9.371580403304E-03  1.265926323127E+02  1.058100307124E-01  1.350101710454E-01 -8.076748730797E-02 -5.384664695470E-04 -9.650667265003E-02  1.207106865565E+00  3.747650053324E-04 -1.103939934010E-02  1.066463433475E-02 -8.002904669689E-03  5.441748158350E-05 -1.546432662148E-06  1.723729328672E-06 -8.070829579477E-07  5.635177300144E-02  1.546432685375E-06 -8.161410861942E-04  1.180153453206E-19 -9.666650949755E-21  2.368692735666E-20 -4.976230032654E-04
  2.418555172459E+02  2.445433500046E+02  1.125180141019E+01  1.624876600458E-14 -9.662323341062E-03  1.270042393507E+02  1.055042105653E-01  1.349130308523E-01 -8.042995121031E-02 -5.034193865889E-04 -9.965873381877E-02  1.203668625884E+00  1.931044618092E-04 -1.053048292139E-02  1.033737845963E-02 -7.924279049395E-03  3.483189173125E-05 -4.064116830273E-07  9.534168735606E-07 -1.933364350917E-06  5.569412537297E-02  4.064116835927E-07 -1.082365522646E-03  1.159001569587E-19 -4.485253111256E-21  1.899170343591E-20 -4.955780156725E-04
  2.472311827633E+02  2.499996505047E+02  1.127076279683E+01  1.573959647512E-14 -1.010931271657E-02  1.274272319897E+02  1.052056309550E-01  1.349129307033E-01 -8.007090797116E-02 -4.620789153933E-04 -1.045557258587E-01  1.198947460009E+00  9.134802446214E-07 -9.961022440127E-03  9.960108959808E-03 -7.940564691612E-03  1.079940299888E-04 -9.469175708277E-07  1.327958114631E-07 -1.060202875238E-06  5.472584812186E-02  9.469175558772E-07 -1.344325658824E-03  1.023869106690E-19 -3.839038307550E-21  3.543824027906E-20 -4.913835983891E-04
  2.527681182462E+02  2.556196400198E+02  1.128967754355E+01  1.585795470632E-14 -1.059835801638E-02  1.278500232785E+02  1.048898060896E-01  1.348720620249E-01 -7.972870424263E-02 -4.177876732538E-04 -1.100873515146E-01  1.194840815926E+00 -1.824529296358E-04 -9.403593492215E-03  9.586046421755E-03 -7.793959532077E-03  1.355905026519E-04 -3.561686709172E-07 -5.651942668394E-07  4.316766401760E-07  5.349242722583E-02  3.561686866753E-07 -1.323096185850E-03  9.843573605305E-20 -6.649924234864E-21  3.245283227772E-20 -4.856728666459E-04
  2.584711617935E+02  2.614082292204E+02  1.130889111751E+01  1.634547828396E-14 -1.105509906690E-02  1.282801310345E+02  1.045564141391E-01  1.346909585027E-01 -7.933586305695E-02 -3.734102241153E-04 -1.151696059701E-01  1.190929220582E+00 -3.701039842087E-04 -8.810321296928E-03  9.180425280999E-03 -7.733214062655E-03  1.364703825315E-04 -6.104109854247E-07 -9.357521857850E-07  1.052221120865E-06  5.236689557937E-02  6.104109786800E-07 -1.217494324095E-03  1.129906212912E-19 -8.669321415980E-21  2.710323851506E-20 -4.819491154298E-04
  2.643452966473E+02  2.673704760971E+02  1.132812355957E+01  1.648252396837E-14 -1.149768887407E-02  1.287113243351E+02  1.042104297450E-01  1.346175666155E-01 -7.896064558201E-02 -3.098757455015E-04 -1.200496630494E-01  1.187184493481E+00 -5.773580815866E-04 -8.210555183805E-03  8.787913265385E-03 -7.683880866252E-03  1.719753938112E-04 -1.074765675584E-06 -1.113211598782E-06  1.427119743105E-06  5.078962788130E-02  1.074765672753E-06 -1.151392105304E-03  1.206432203829E-19 -1.651208562063E-20  1.647599496060E-20 -4.744438108525E-04
  2.703956555468E+02  2.735115903800E+02  1.134730207386E+01  1.572863591396E-14 -1.193352168186E-02  1.291417105240E+02  1.038415446113E-01  1.347914771410E-01 -7.854878784064E-02 -2.579116904344E-04 -1.249274454880E-01  1.184356243653E+00 -8.103155307943E-04 -7.605996681175E-03  8.416312211924E-03 -7.504025782685E-03  1.939367329594E-04 -8.037552801044E-07 -1.021087748529E-06  1.402403928325E-06  4.942906409682E-02  8.037552590283E-07 -1.178922468971E-03  9.638534934902E-20 -1.039755111832E-20  6.930793370382E-21 -4.657384421545E-04
  2.766275252132E+02  2.798369380914E+02  1.136662408635E+01  1.463091525826E-14 -1.241843335385E-02  1.295762693478E+02  1.034826110945E-01  1.348540074315E-01 -7.813307065714E-02 -1.953691243912E-04 -1.305149218053E-01  1.182695536603E+00 -1.027386689173E-03 -7.028298421708E-03  8.055685110935E-03 -7.423507351862E-03  1.903044852206E-04  1.363642597193E-07 -3.111888572369E-07  2.198484071147E-06  4.860357428513E-02 -1.363642827008E-07 -1.211334626514E-03  1.031231212893E-19 -1.047285141455E-20  1.876861625037E-20 -4.618601865155E-04
  2.830463509696E+02  2.863520462341E+02  1.138629507175E+01  1.441486340015E-14 -1.290204731144E-02  1.300195446661E+02  1.031397641087E-01  1.345059127560E-01 -7.769493472954E-02 -1.444566529464E-04 -1.361284196932E-01  1.181357157433E+00 -1.251668221971E-03 -6.388081070269E-03  7.639749292123E-03 -7.376346693549E-03  1.702674201195E-04  3.028894120433E-07  4.649422996475E-07  1.680722613129E-06  4.782428532856E-02 -3.028894035525E-07 -1.243335138621E-03  8.645273340938E-20 -6.007365768141E-21  1.032629713247E-20 -4.596541612270E-04
  2.896577414987E+02  2.930626076211E+02  1.140614688289E+01  1.482538440969E-14 -1.344452345948E-02  1.304676430957E+02  1.027969656393E-01  1.342322575767E-01 -7.723564068151E-02 -7.540179874315E-05 -1.423801754958E-01  1.182381947192E+00 -1.416712578405E-03 -5.777915737063E-03  7.194628315530E-03 -7.354765024806E-03  2.215867794268E-04 -1.551794486874E-07  8.031035947274E-07  2.257298416576E-06  4.723257092667E-02  1.551794440723E-07 -1.540625601011E-03  9.914449440744E-20 -1.331939430063E-20  1.686063783507E-20 -4.604779559371E-04
  2.964674737436E+02  2.999744858498E+02  1.142650000530E+01  1.489841525611E-14 -1.420950663495E-02  1.309282415399E+02  1.024585912387E-01  1.341884139950E-01 -7.675008369755E-02 -1.663654294426E-05 -1.513072102469E-01  1.183158985960E+00 -1.617446312079E-03 -5.137207107122E-03  6.754653419233E-03 -7.352828213918E-03  2.558725796931E-04  1.000043841690E-06  1.035189111461E-06  2.462015370029E-06  4.625977545272E-02 -1.000043838567E-06 -1.346565632573E-03  1.000269587096E-19 -1.296263033184E-20  1.456587222649E-20 -4.567590783726E-04
  3.034814979559E+02  3.070937204253E+02  1.144670656307E+01  1.445514902799E-14 -1.460876849566E-02  1.313857936261E+02  1.021150664303E-01  1.342713233492E-01 -7.623936235256E-02  5.015222721541E-05 -1.561590951415E-01  1.185994244884E+00 -1.792512742786E-03 -4.515713315014E-03  6.308226057844E-03 -7.269411050508E-03  2.168871314173E-04  2.088969880418E-06  9.288082481156E-07  1.930916671711E-06  4.503259739022E-02 -2.088969890588E-06 -5.359753555707E-04  9.335972503015E-20 -1.061319227697E-20  1.022064980692E-20 -4.520641519069E-04
  3.107059428946E+02  3.144265320380E+02  1.146716971610E+01  1.341143544599E-14 -1.466980038570E-02  1.318501757861E+02  1.017984700679E-01  1.341185136615E-01 -7.573004390345E-02  1.020160759890E-04 -1.570421585262E-01  1.187980975541E+00 -1.988274587620E-03 -3.881261199719E-03  5.869535787311E-03 -7.203498993271E-03  1.495825352156E-04  2.071173892354E-06  4.505569814504E-07  6.335751831561E-07  4.396575016633E-02 -2.071173902007E-06 -1.995061718967E-04  9.242379570526E-20 -1.464241220068E-20  4.311164435005E-21 -4.473893993648E-04
  3.181471211814E+02  3.219793279992E+02  1.148760898717E+01  1.146080756340E-14 -1.477354634424E-02  1.323146066104E+02  1.014905528984E-01  1.342571532347E-01 -7.514757931940E-02  1.936306021982E-04 -1.585568646504E-01  1.191437260303E+00 -2.175646802097E-03 -3.287664235075E-03  5.463311037101E-03 -7.103973977356E-03  1.240636830708E-04  2.769222041262E-06  2.482989067024E-07 -1.219166365849E-06  4.311576300794E-02 -2.769222077675E-06  1.087109989124E-04  8.178981432183E-20 -1.903332336616E-20  1.815485546961E-21 -4.427546388181E-04
  3.258115348169E+02  3.297587078391E+02  1.150848902546E+01  9.368966106399E-15 -1.455184259614E-02  1.327902250355E+02  1.011494536112E-01  1.343902392347E-01 -7.461681094395E-02  2.448377773833E-04 -1.564299461794E-01  1.195500480381E+00 -2.336281404532E-03 -2.722668470686E-03  5.058949875140E-03 -7.078018192909E-03  7.824114893358E-05  2.685847933083E-06  5.063218245276E-07 -2.119595576073E-06  4.238556143301E-02 -2.685847921241E-06  3.873793202766E-04  9.258453143454E-20 -1.380288673563E-20  9.826565562256E-21 -4.405969624871E-04
  3.337058808614E+02  3.377714690743E+02  1.152944487611E+01  7.485853516925E-15 -1.438290147696E-02  1.332685299119E+02  1.007426194361E-01  1.344320216789E-01 -7.397143870810E-02  2.955825202479E-04 -1.547030748577E-01  1.200524417543E+00 -2.515627490178E-03 -2.089879271417E-03  4.605506761569E-03 -7.000678499244E-03  1.141379045918E-04  1.333762463317E-06  6.801431935177E-07 -1.712229753379E-06  4.146236794467E-02 -1.333762482771E-06  6.011452670331E-04  8.334190531102E-20 -1.350915924834E-20  6.282202588077E-21 -4.344061499897E-04
  3.418370572872E+02  3.460246131465E+02  1.155063803818E+01  5.927740214194E-15 -1.393941253356E-02  1.337525197446E+02  1.003082307294E-01  1.343443403490E-01 -7.337242331198E-02  3.562666169272E-04 -1.500968272788E-01  1.204869236297E+00 -2.657259222974E-03 -1.441982245787E-03  4.099241468879E-03 -6.894483462046E-03  6.809419120636E-05 -3.385869980779E-07  3.546183924811E-07 -9.348512775763E-07  4.018400671270E-02  3.385869975940E-07  1.032995380518E-03  8.893949886210E-20 -2.170169047424E-20  7.550115659662E-21 -4.253876205783E-04
  3.502121690058E+02  3.545253515409E+02  1.157151250495E+01  5.055348211806E-15 -1.332011713564E-02  1.342300485937E+02  9.987633366013E-02  1.338112614830E-01 -7.267291127112E-02  4.140977527281E-04 -1.437344016722E-01  1.212393908348E+00 -2.893077026476E-03 -8.389067962645E-04  3.731983822748E-03 -6.713581848974E-03 -5.282104019731E-06 -1.738847191597E-07 -2.509054749623E-07 -5.839458546365E-07  3.867543151475E-02  1.738847089354E-07  1.522406813916E-03  8.438561003695E-20 -1.862518155539E-20  1.276703599744E-21 -4.158157721815E-04
  3.588385340760E+02  3.632811120872E+02  1.159233542337E+01  4.582591829153E-15 -1.232685951061E-02  1.347071929647E+02  9.942758775044E-02  1.336576190837E-01 -7.202188372224E-02  4.738860116989E-04 -1.328941340534E-01  1.221132631309E+00 -3.033963788699E-03 -3.058293228757E-04  3.339793111622E-03 -6.618157322512E-03 -1.240651817513E-04  1.039209862830E-06 -7.800527033027E-07 -1.807388094032E-06  3.765315207470E-02 -1.039209864465E-06  1.775591974799E-03  7.514610992764E-20 -1.899941251079E-20 -6.011692380877E-21 -4.127793600988E-04
  3.677236900983E+02  3.722995454498E+02  1.161331812644E+01  4.526660441160E-15 -1.136439068291E-02  1.351892291066E+02  9.897586778332E-02  1.336633878393E-01 -7.125877671788E-02  5.357355474600E-04 -1.225550458204E-01  1.230443108840E+00 -3.189744201158E-03  2.560963461781E-04  2.933647855082E-03 -6.560155183038E-03 -1.071463580762E-04  1.909739606573E-06 -8.540674252561E-07 -2.799710528057E-06  3.643244338617E-02 -1.909739604411E-06  1.687956369775E-03  7.848795803626E-20 -1.261421002683E-20 -2.638899429118E-21 -4.024239524735E-04
  3.768754008012E+02  3.815885318133E+02  1.163399277945E+01  4.350409644795E-15 -1.040009474709E-02  1.356643853766E+02  9.846920462181E-02  1.338767922024E-01 -7.053495277075E-02  5.590320256645E-04 -1.118608640978E-01  1.239986548184E+00 -3.376945880747E-03  8.797887927054E-04  2.497157088011E-03 -6.343338864445E-03 -1.008630381783E-04  1.922959702807E-07 -3.906047901705E-07 -2.641273695147E-06  3.511985492548E-02 -1.922959643754E-07  1.954696216242E-03  6.613844113888E-20 -1.689350248090E-20 -1.128910833494E-20 -3.951525081942E-04
  3.863016628253E+02  3.911561877677E+02  1.165468765747E+01  3.297143374298E-15 -9.061674517710E-03  1.361410619991E+02  9.784895586447E-02  1.332999217070E-01 -6.971796077067E-02  6.326030811438E-04 -9.639323816975E-02  1.252839494821E+00 -3.531260416677E-03  1.462334828424E-03  2.068925588370E-03 -6.314214046081E-03 -1.465254462467E-04 -7.747871994597E-07  4.571284263845E-08 -1.612344279044E-06  3.389913971689E-02  7.747871912467E-07  1.886283093272E-03  7.192777391933E-20 -1.396408361482E-20 -7.451839247531E-21 -3.921545024977E-04
  3.960107127100E+02  4.010108734007E+02  1.167513878991E+01  2.308252836554E-15 -8.106267704776E-03  1.366131765150E+02  9.716229587383E-02  1.328488701076E-01 -6.894821228124E-02  6.219758860014E-04 -8.531233553290E-02  1.267569609985E+00 -3.662815607632E-03  2.031542895410E-03  1.631272712116E-03 -6.262408063696E-03 -9.414313383196E-05 -1.029757150512E-06 -3.743853544192E-07 -2.770764963469E-06  3.358472870781E-02  1.029757144694E-06  1.985179582286E-03  6.592446421898E-20 -1.433506181878E-20 -1.056123140437E-20 -3.963514663744E-04
  4.060110340913E+02  4.111611996027E+02  1.169668209791E+01  2.590353857338E-15 -6.567563351016E-03  1.371115996425E+02  9.640541960290E-02  1.316817507179E-01 -6.806438060977E-02  6.556243082203E-04 -6.732288035627E-02  1.285139230017E+00 -3.837307248474E-03  2.640018819890E-03  1.197288428637E-03 -6.412836486329E-03 -2.206052027647E-04 -1.340443312039E-06 -1.211231690786E-06 -3.079643325817E-06  3.350752534642E-02  1.340443319189E-06  2.868432700733E-03  6.585489757207E-20 -1.720933770918E-20 -1.783206480633E-20 -3.993700873558E-04
  4.163113651141E+02  4.216160355908E+02  1.171829203814E+01  3.316687780900E-15 -4.409775104433E-03  1.376128670186E+02  9.555119880205E-02  1.301684205467E-01 -6.723448257488E-02  6.277903789206E-04 -4.180245998008E-02  1.300883013361E+00 -3.995837124537E-03  3.229635583747E-03  7.662015408143E-04 -6.346778049510E-03 -3.733456464044E-04 -2.627753538870E-06 -2.068900126912E-06 -1.533588324217E-06  3.334188116987E-02  2.627753534488E-06  3.830947499129E-03  7.241629567941E-20 -1.717234335562E-20 -1.372888331354E-20 -3.977684230781E-04
  4.269207060675E+02  4.323845166585E+02  1.174090184467E+01  4.072851141993E-15 -1.488821562833E-03  1.381381653589E+02  9.451744165202E-02  1.285076563068E-01 -6.623630084003E-02  6.130233837311E-04 -6.984719224919E-03  1.322210741837E+00 -4.102722828423E-03  3.773479161471E-03  3.292436669162E-04 -6.428293756639E-03 -4.112048857890E-04 -1.008426454515E-06 -3.005609055887E-06  1.103536202362E-06  3.451458534975E-02  1.008426469859E-06  4.727057907406E-03  5.517953197423E-20 -1.652255640116E-20 -2.252322712220E-20 -4.107540652731E-04
  4.378483272495E+02  4.434760521583E+02  1.176543673524E+01  5.320330981329E-15  2.054497770600E-03  1.387101010200E+02  9.332958774333E-02  1.264820590947E-01 -6.527078360305E-02  5.582936352681E-04  3.540419624330E-02  1.347890828254E+00 -4.208318740422E-03  4.350050862619E-03 -1.417321222154E-04 -6.783372409614E-03 -5.475647970238E-04 -7.376025370228E-07 -3.247912798312E-06  1.092492325123E-06  3.633270685352E-02  7.376025342023E-07  5.496509656697E-03  6.101014572853E-20 -1.519483960631E-20 -1.427980205892E-20 -4.379433038757E-04
  4.491037770670E+02  4.549003337230E+02  1.179203107819E+01  6.485720814575E-15  6.250955197236E-03  1.393309693328E+02  9.204132473958E-02  1.242907100837E-01 -6.419002510657E-02  5.046099905013E-04  8.550768772341E-02  1.372172225551E+00 -4.266831363446E-03  4.797174817232E-03 -5.303434537060E-04 -7.142497477222E-03 -6.701811046820E-04 -1.473725154074E-06 -2.800442679590E-06  1.820197045337E-06  3.650414102522E-02  1.473725173366E-06  6.090800944347E-03  5.071376998825E-20 -1.604556742757E-20 -1.424988111954E-20 -4.438467060541E-04
  4.606968903790E+02  4.666673437347E+02  1.181834711765E+01  6.752729162877E-15  1.087568952612E-02  1.399462253789E+02  9.067709652003E-02  1.224933921022E-01 -6.310777137027E-02  4.010496639827E-04  1.409388495561E-01  1.394293913084E+00 -4.336242217537E-03  5.266538097509E-03 -9.302958799912E-04 -7.029371280306E-03 -7.865717142682E-04 -1.861766343888E-06 -2.117024255730E-06 -1.674590166296E-07  3.506939926487E-02  1.861766352145E-06  5.849772218770E-03  5.815044578954E-20 -1.440033184514E-20 -2.063813515370E-20 -4.363398977876E-04
  4.726377970904E+02  4.787873640468E+02  1.184437813575E+01  5.441042003525E-15  1.496936245732E-02  1.405567290167E+02  8.930903624820E-02  1.213391391778E-01 -6.194942367647E-02  3.181000841487E-04  1.902874173773E-01  1.420688651023E+00 -4.368835094345E-03  5.746378797727E-03 -1.377543703368E-03 -6.966949831362E-03 -6.420066382140E-04 -4.416161102328E-07 -1.429972974721E-06 -7.824588698276E-07  3.513584972895E-02  4.416160972727E-07  4.123350125292E-03  5.930182528604E-20 -1.676648068886E-20 -2.844467006794E-20 -4.414425412977E-04
  4.849369310031E+02  4.912709849682E+02  1.187236267451E+01  3.198978986800E-15  1.720708079485E-02  1.412148152621E+02  8.792804314418E-02  1.201920484079E-01 -6.073055691407E-02  1.370590951630E-04  2.177562252281E-01  1.450521888119E+00 -4.414178741022E-03  6.229342037542E-03 -1.815163296519E-03 -7.209767014031E-03 -3.342589977651E-04  1.347816868088E-06 -8.781217961160E-07  6.290096715062E-07  3.551908185072E-02 -1.347816858741E-06  3.452113527178E-03  5.506510014168E-20 -1.677574528786E-20 -2.808031563628E-20 -4.526010251715E-04
  4.976050389332E+02  5.041291145172E+02  1.190062274315E+01  2.155500893516E-16  2.043317717752E-02  1.418815578171E+02  8.655331357735E-02  1.191811789570E-01 -5.946056020781E-02  4.129310610714E-05  2.574820897076E-01  1.475579106793E+00 -4.572787231619E-03  6.746175455369E-03 -2.173388223710E-03 -7.165941350642E-03 -4.340724269615E-04 -4.350654600751E-07 -3.815338243124E-07  1.458364354919E-06  3.442355700430E-02  4.350654350248E-07  3.341192244982E-03  6.215033064427E-20 -1.354038508331E-20 -1.979756662501E-20 -4.440212021887E-04
  5.106531901012E+02  5.173729879527E+02  1.192850970359E+01 -2.237865419595E-15  2.265477297177E-02  1.425418550060E+02  8.512146134972E-02  1.177005664647E-01 -5.816624709989E-02 -1.226923725862E-04  2.853626319409E-01  1.504105619901E+00 -4.740475741371E-03  7.222997164662E-03 -2.482521423282E-03 -7.103964143714E-03 -3.295123169253E-04 -8.139354044196E-07 -1.618468459868E-07  1.601923153757E-06  3.374542676174E-02  8.139354010174E-07  2.336447214869E-03  5.768679925195E-20 -1.493658506047E-20 -2.741622910376E-20 -4.501908066393E-04
  5.240927858042E+02  5.310141775913E+02  1.195730645914E+01 -2.445827394781E-15  2.436585757915E-02  1.432242174139E+02  8.359267720906E-02  1.160282919514E-01 -5.679844756383E-02 -2.543986075396E-04  3.076758292854E-01  1.532264321692E+00 -4.774009844199E-03  7.660641218816E-03 -2.886631374569E-03 -7.320271016572E-03 -1.490055947937E-04  1.622008296219E-06  1.156106420337E-07  1.036944149147E-06  3.318904018426E-02 -1.622008290596E-06  6.707240396598E-04  5.126137886975E-20 -9.426527084623E-21 -2.763417684389E-20 -4.548615442965E-04
  5.379355693784E+02  5.450646029190E+02  1.198594051051E+01 -1.936792450955E-15  2.382897437075E-02  1.439038263143E+02  8.204538879326E-02  1.131566213330E-01 -5.533255870367E-02 -3.393809166668E-04  3.025949058302E-01  1.558719978052E+00 -4.745309487929E-03  7.960205667137E-03 -3.214896179153E-03 -7.267625580894E-03  2.091899715082E-04  3.322637074921E-06  5.603783659758E-07 -5.497600821484E-08  3.360286882413E-02 -3.322637069050E-06 -4.514995589215E-04  4.346094748141E-20 -1.746168618044E-20 -2.362228615494E-20 -4.682649852602E-04
  5.521936364597E+02  5.595365410066E+02  1.201721275958E+01 -2.683706121914E-15  2.356488833591E-02  1.446477312287E+02  8.046899062196E-02  1.101009451162E-01 -5.379151952209E-02 -4.798756964129E-04  3.004147460438E-01  1.601456824096E+00 -4.693243486707E-03  8.371626260715E-03 -3.678382774023E-03 -7.827917608480E-03  1.641422458137E-04  2.895266412050E-06  6.464561723371E-07 -1.583329188817E-06  3.574814951739E-02 -2.895266415299E-06 -8.273158103232E-04  4.343391446014E-20 -1.773258658956E-20 -2.866070185638E-20 -5.065086105307E-04
  5.668794455535E+02  5.743794455535E+02  1.205157895477E+01 -4.046646842846E-15  2.230994637821E-02  1.454683874025E+02  7.904803732455E-02  1.063377840315E-01 -5.215199804865E-02 -5.792393591384E-04  2.852430543332E-01  1.618016006821E+00 -4.728148615942E-03  8.497280078147E-03 -3.769131462191E-03 -8.249380597479E-03  2.641998089426E-04  1.556068793226E-07  3.249225694191E-07 -1.330338449110E-06  3.587598607931E-02 -1.556068778974E-07 -1.209035720693E-03  5.315982996204E-20 -1.315161144740E-20 -3.224711930626E-20 -5.116529208655E-04
  5.818794455535E+02  5.893794455535E+02  1.208449080714E+01 -4.795573226718E-15  2.129788943383E-02  1.462571404817E+02  7.769922625443E-02  1.033636297781E-01 -5.054354236238E-02 -6.731546067439E-04  2.726205145906E-01  1.596632407599E+00 -4.669665219642E-03  8.312651661670E-03 -3.642986441928E-03 -7.936943815159E-03  2.134967731580E-04 -2.028612402643E-06  1.570564663682E-07 -8.423472730611E-07  3.496619330347E-02  2.028612401090E-06 -1.049641691121E-03  4.721954740353E-20 -1.692617620995E-20 -2.364993812968E-20 -4.886282049529E-04
  5.968794455535E+02  6.043794455535E+02  1.211714160591E+01 -5.472092108142E-15  2.033732075367E-02  1.470414656627E+02  7.630112994516E-02  1.007338451892E-01 -4.886082684451E-02 -7.666154876456E-04  2.611157203339E-01  1.579371648681E+00 -4.526972868993E-03  8.089251025986E-03 -3.562278156996E-03 -7.746572156250E-03  2.056380535107E-04 -1.308482752796E-06  2.762967218341E-07  2.213555468191E-07  3.456963660057E-02  1.308482753919E-06 -5.797908246967E-04  3.966554281756E-20 -1.751004656374E-20 -2.289590522318E-20 -4.770448218953E-04
  6.118794455535E+02  6.193794455535E+02  1.214930178856E+01 -6.475837733532E-15  2.020517740223E-02  1.478160444270E+02  7.475437627172E-02  9.866776332760E-02 -4.720448735953E-02 -7.922213073500E-04  2.591142616322E-01  1.561226788018E+00 -4.471038258099E-03  7.934681291656E-03 -3.463643033544E-03 -7.456884921162E-03  1.273250404821E-05 -1.120368483618E-06  4.759556970649E-07  9.416867373509E-08  3.323846085480E-02  1.120368482714E-06 -2.932557841035E-04  3.971347188022E-20 -1.488883418720E-20 -2.279516799668E-20 -4.572575036905E-04
  6.268794455535E+02  6.343794455535E+02  1.217945512744E+01 -6.906769463357E-15  1.978633956002E-02  1.485438531519E+02  7.298713888676E-02  9.611288340073E-02 -4.551347474468E-02 -8.190915859669E-04  2.541333064126E-01  1.541537843195E+00 -4.449440616703E-03  7.868104701339E-03 -3.418664084660E-03 -7.211768720999E-03  3.402486913189E-05 -1.543238687681E-06  1.032918276597E-06  9.763882280908E-07  3.188365730673E-02  1.543238682535E-06 -5.650810847936E-04  3.361960431007E-20 -1.389504734786E-20 -1.555004536396E-20 -4.416882914186E-04
  6.418794455535E+02  6.493794455535E+02  1.220906601157E+01 -6.309939188630E-15  1.915048146810E-02  1.492609359095E+02  7.110152854390E-02  9.369843290998E-02 -4.383674945954E-02 -7.875520349853E-04  2.464741196045E-01  1.523623105568E+00 -4.459374656692E-03  7.785432907087E-03 -3.326058250346E-03 -6.864606797440E-03  1.306457972890E-04 -1.004255674135E-06  1.815836800092E-06  1.854642346471E-06  3.019838619760E-02  1.004255684525E-06 -1.844978763661E-03  3.765925268488E-20 -1.451735627692E-20 -1.732115799842E-20 -4.130075822057E-04
  6.568794455535E+02  6.643794455535E+02  1.223606002929E+01 -5.834017473218E-15  1.633077555861E-02  1.499151060953E+02  6.915582286419E-02  9.143217580842E-02 -4.205540080537E-02 -7.993607656513E-04  2.119091136017E-01  1.500887369038E+00 -4.324565142624E-03  7.623107840183E-03 -3.298542697575E-03 -6.405355380068E-03  4.260937160819E-04  5.463341891216E-07  2.258249213556E-06  2.528402485910E-06  2.976973754156E-02 -5.463341918441E-07 -3.539649725719E-03  3.478579139269E-20 -1.582347709380E-20 -2.421954843843E-20 -4.046606943138E-04
  6.718794455535E+02  6.793794455535E+02  1.226488697104E+01 -6.169808350472E-15  1.251374633753E-02  1.506160609290E+02  6.706755541291E-02  8.851228865304E-02 -4.036029300461E-02 -7.596347673942E-04  1.656351284314E-01  1.488832795252E+00 -4.238011733179E-03  7.598754928085E-03 -3.360743194992E-03 -6.604861007668E-03  6.852696905556E-04  2.621921082474E-07  2.165801421647E-06  2.550212047277E-06  3.128684109618E-02 -2.621920988915E-07 -4.570826157938E-03  3.172327116945E-20 -1.534072653103E-20 -2.724179664944E-20 -4.194098969101E-04
  6.868794455535E+02  6.943794455535E+02  1.229473555112E+01 -6.302927942301E-15  7.762713739639E-03  1.513431288245E+02  6.490836586076E-02  8.643252373545E-02 -3.855687830445E-02 -7.519114353326E-04  1.077756204361E-01  1.462952306563E+00 -4.051674157913E-03  7.377545617014E-03 -3.325871459122E-03 -6.767458054434E-03  8.148364047046E-04 -8.675949671884E-07  1.914338160920E-06  6.224806892565E-07  3.209662854374E-02  8.675949674723E-07 -4.060809469714E-03  3.805459584137E-20 -1.508298182981E-20 -1.613080148972E-20 -4.223717589924E-04
  7.018794455535E+02  7.093794455535E+02  1.232507352711E+01 -5.963543587625E-15  4.900686464669E-03  1.520833465256E+02  6.267854913065E-02  8.468504894941E-02 -3.681042776826E-02 -6.689597486918E-04  7.305461912954E-02  1.434482072577E+00 -3.996735634920E-03  7.145626285976E-03 -3.148890650980E-03 -6.690654505187E-03  4.884781261471E-04 -1.396103297560E-07  1.851776725815E-06 -9.734851608714E-07  3.132029128211E-02  1.396103317317E-07 -2.610190639168E-03  3.350947712986E-20 -1.253997174937E-20 -2.410321153995E-20 -4.037909029435E-04
  7.168794455535E+02  7.243794455535E+02  1.235345802852E+01 -6.465456895271E-15  2.865745779570E-03  1.527779805840E+02  6.046920118786E-02  8.223545015868E-02 -3.499304519839E-02 -6.133027731111E-04  4.783323430075E-02  1.397833972796E+00 -3.794478990970E-03  6.819692873184E-03 -3.025213882237E-03 -6.232967241679E-03  3.297275641504E-04  8.639376468373E-07  1.884406696200E-06 -1.644579920915E-06  2.986480051108E-02 -8.639376527708E-07 -1.677380578461E-03  3.013537892492E-20 -7.781982462514E-21 -2.200006760089E-20 -3.828785341840E-04
  7.318794455535E+02  7.393794455535E+02  1.238107321493E+01 -7.035293065708E-15  1.754729436909E-03  1.534555197985E+02  5.828187431858E-02  7.985303878909E-02 -3.315630857027E-02 -5.331278630008E-04  3.424999977909E-02  1.368545575204E+00 -3.655602250701E-03  6.598452574050E-03 -2.942850323403E-03 -5.975678031305E-03  2.299627035621E-04  1.539644787728E-06  1.331414767714E-06 -2.941797347646E-06  2.861772118742E-02 -1.539644782269E-06 -1.364905543550E-03  2.615586196169E-20 -1.155123537266E-20 -1.735845819589E-20 -3.611364915503E-04
  7.468794455535E+02  7.543794455535E+02  1.240712188208E+01 -7.088729885203E-15  3.080836763107E-04  1.540958933972E+02  5.614431273410E-02  7.777114550180E-02 -3.131502977438E-02 -4.880222002388E-04  1.580695000807E-02  1.339947093983E+00 -3.472688630439E-03  6.346281169463E-03 -2.873592539057E-03 -5.636697139081E-03  1.218277657812E-04 -4.451622920101E-07  5.376152718649E-07 -1.691485732098E-06  2.779283567139E-02  4.451622887133E-07 -1.307528788217E-03  2.376255456457E-20 -6.919257920988E-21 -1.709262990035E-20 -3.476136008068E-04
  7.618794455535E+02  7.693794455535E+02  1.243317527295E+01 -6.892663414852E-15 -6.949148035041E-04  1.547371441369E+02  5.400983694628E-02  7.464156596722E-02 -2.948452144714E-02 -4.526770489104E-04  3.121226172913E-03  1.318193227837E+00 -3.394627230996E-03  6.124857978765E-03 -2.730230747743E-03 -5.455799400060E-03  5.133038885335E-05 -1.547315536847E-06 -1.618646553768E-07  3.847095200704E-07  2.650182066196E-02  1.547315537528E-06 -9.464774227657E-04  2.833532208411E-20 -7.630179742737E-21 -2.073635766563E-20 -3.266852949828E-04
  7.768794455535E+02  7.843794455535E+02  1.245679834150E+01 -5.964573597759E-15 -1.466113455422E-03  1.553210857329E+02  5.178324675409E-02  7.200316906530E-02 -2.759833981926E-02 -4.174201725943E-04 -6.930360879959E-03  1.294311044685E+00 -3.330249328937E-03  5.934885460495E-03 -2.604636131584E-03 -4.958551481105E-03  6.167103316801E-05 -1.163891268898E-06 -7.730172285731E-07 -1.777748224156E-06  2.369543758764E-02  1.163891274688E-06 -9.912361893824E-04  2.534678624265E-20 -1.063633217719E-20 -1.966103744161E-20 -2.934110542950E-04
  7.918794455535E+02  7.993794455535E+02  1.247760053860E+01 -4.821296212381E-15 -2.557353315417E-03  1.558351436262E+02  4.951822799250E-02  6.891302770231E-02 -2.577046183918E-02 -4.085242073252E-04 -2.060785383980E-02  1.264780958274E+00 -3.287250437281E-03  5.700759163074E-03 -2.413508725832E-03 -4.424861195570E-03  8.420051688522E-05 -1.405583953095E-06 -7.234153819573E-07 -2.732569907934E-06  2.071207607900E-02  1.405583954961E-06 -1.317355608716E-03  1.832388026741E-20 -1.079837573438E-20 -1.490961877434E-20 -2.605268264750E-04
  8.068794455535E+02  8.143794455535E+02  1.249563926722E+01 -3.902078783066E-15 -3.936881523347E-03  1.562811517919E+02  4.722014513006E-02  6.671496157766E-02 -2.382884779560E-02 -3.824788871586E-04 -3.778666714846E-02  1.237161282212E+00 -3.179628239144E-03  5.522908592861E-03 -2.343280353727E-03 -3.934241450932E-03  1.778094712069E-04 -6.153354652472E-07 -6.551563025893E-07 -2.133807070320E-06  1.902246664689E-02  6.153354778837E-07 -1.178862300229E-03  1.877631406525E-20 -1.162105225464E-20 -2.051526333428E-20 -2.364561000501E-04
  8.218794455535E+02  8.293794455535E+02  1.251326742736E+01 -2.824685400223E-15 -4.765186075977E-03  1.567165380357E+02  4.488356184064E-02  6.410638547888E-02 -2.200950867427E-02 -3.764828693325E-04 -4.765439556358E-02  1.212308700164E+00 -3.078148140434E-03  5.329748436393E-03 -2.251600295973E-03 -3.663368823282E-03  6.910417536836E-05  1.513770134311E-06 -8.242652667793E-07  2.311844996120E-07  1.839540024376E-02 -1.513770130573E-06 -6.633571252035E-04  1.908330066190E-20 -8.920173850040E-21 -2.158695936510E-20 -2.215207955129E-04
  8.368794455535E+02  8.443794455535E+02  1.253012639742E+01 -2.189880872125E-15 -5.186639679842E-03  1.571336815477E+02  4.251566248441E-02  6.182353720993E-02 -2.008276906755E-02 -3.813613539809E-04 -5.320617454121E-02  1.191000508775E+00 -2.963146335002E-03  5.094095382638E-03 -2.130949047587E-03 -3.395815142458E-03  6.233571575113E-05  9.723096995947E-07 -8.278831705194E-07  8.654902256015E-07  1.723548205255E-02 -9.723096911749E-07 -1.558556315606E-03  1.469534157415E-20 -3.360969007110E-21 -1.294779528533E-20 -2.042788703085E-04
  8.518794455535E+02  8.593794455535E+02  1.254558530573E+01 -2.329994920960E-15 -7.694002380700E-03  1.575163153127E+02  4.004562247394E-02  5.913789372384E-02 -1.821683750267E-02 -3.689719872067E-04 -8.493992179933E-02  1.167280956871E+00 -2.918553847680E-03  4.967139571526E-03 -2.048585723863E-03 -3.143922657157E-03  3.160303731066E-04  4.173259738127E-07 -1.053852909796E-06  1.855599338210E-07  1.595150561959E-02 -4.173259732898E-07 -2.142062443846E-03  1.854774838437E-20 -5.845858315755E-21 -1.662513803772E-20 -1.880208348703E-04
  8.668794455535E+02  8.743794455535E+02  1.256003643235E+01 -2.710239584841E-15 -9.199110352468E-03  1.578741492092E+02  3.743668850020E-02  5.746268277023E-02 -1.628709688788E-02 -4.124415648777E-04 -1.041926005603E-01  1.154068419994E+00 -2.823865980872E-03  4.897789033166E-03 -2.073923052321E-03 -2.935429689494E-03  1.821398900321E-04  4.998712994590E-07 -1.357182739435E-06  3.050577621640E-07  1.603055627184E-02 -4.998712978906E-07 -1.369926347168E-03  1.406477043173E-20 -7.890078207866E-21 -2.495972112413E-20 -1.872990384862E-04
  8.818794455535E+02  8.893794455535E+02  1.257564065486E+01 -2.712401773094E-15 -1.026031424419E-02  1.582610884890E+02  3.466997446973E-02  5.640661514694E-02 -1.437795906763E-02 -3.767076656936E-04 -1.177565151686E-01  1.144419365960E+00 -2.700989807007E-03  4.867321379417E-03 -2.166331572364E-03 -3.053342658479E-03  1.128152317807E-04  1.337152262337E-06 -1.388185525980E-06 -8.964764308356E-07  1.615395374278E-02 -1.337152261282E-06 -1.281989667947E-03  1.244694245577E-20 -4.072546383676E-21 -2.251151658280E-20 -1.865243289791E-04
  8.968794455535E+02  9.043794455535E+02  1.259032015933E+01 -2.715085101190E-15 -1.161264668816E-02  1.586252795411E+02  3.177754356086E-02  5.601055841207E-02 -1.241414761981E-02 -4.288483021512E-04 -1.352029315525E-01  1.125952239627E+00 -2.576104355818E-03  4.669330439487E-03 -2.093226083681E-03 -2.829612025809E-03  1.415607885302E-04  3.555122853985E-07 -1.201740280869E-06 -1.648661699212E-06  1.532859497140E-02 -3.555122791775E-07 -1.216058991328E-03  1.623252066505E-20 -4.698224721026E-21 -2.360310775705E-20 -1.701854836904E-04
  9.118794455535E+02  9.193794455535E+02  1.260437760133E+01 -3.123926681572E-15 -1.254646109622E-02  1.589742441053E+02  2.865743289256E-02  5.577133257416E-02 -1.051858700164E-02 -3.809713628398E-04 -1.469750770801E-01  1.102083282813E+00 -2.512720064620E-03  4.485526039994E-03 -1.972805975379E-03 -2.618051511499E-03  8.890557445533E-05  3.371739427693E-07 -7.866238716333E-07 -1.717617025176E-06  1.403269626521E-02 -3.371739477257E-07 -5.412307699860E-05  1.192771166139E-20 -5.499068560847E-21 -2.049705955050E-20 -1.534559500302E-04
  9.268794455535E+02  9.343794455535E+02  1.261663475254E+01 -3.365193901895E-15 -1.170973335691E-02  1.592790604184E+02  2.516804508272E-02  5.673907688799E-02 -8.551456267368E-03 -4.032702263420E-04 -1.364348803112E-01  1.078770786819E+00 -2.467137424157E-03  4.331221333147E-03 -1.864083909012E-03 -2.281854649014E-03 -4.196182168394E-05 -1.722915658369E-07 -5.230867688736E-07 -1.226803713802E-06  1.210788180961E-02  1.722915755507E-07 -3.381569362399E-04  1.205751630160E-20 -9.236635605341E-22 -2.372390894816E-20 -1.333756357519E-04
  9.418794455535E+02  9.493794455535E+02  1.262708228905E+01 -3.185489018109E-15 -1.317785960966E-02  1.595391506197E+02  2.118458861890E-02  5.759868379504E-02 -6.622863699884E-03 -3.385675329948E-04 -1.561313327507E-01  1.064648856908E+00 -2.383957840557E-03  4.138891553027E-03 -1.754933712452E-03 -2.012138296404E-03  8.019521225139E-05  1.098619332994E-07 -4.650735876202E-07  4.637002934016E-07  1.132895365710E-02 -1.098619357772E-07  4.337443063303E-04  1.109509834816E-20 -2.215147675484E-21 -2.238822237869E-20 -1.216521932252E-04
  9.568794455535E+02  9.643794455535E+02  1.263787653001E+01 -2.742439223847E-15 -1.089613567232E-02  1.598092062181E+02  1.622892281004E-02  5.945665795006E-02 -4.648684412892E-03 -2.477889654660E-04 -1.285214323513E-01  1.074417759057E+00 -2.347391138494E-03  4.154719727315E-03 -1.807328588854E-03 -1.977004039371E-03 -2.805108695127E-04  1.634774973519E-06 -3.607790912734E-07  1.089083909598E-06  1.254119005655E-02 -1.634774961290E-06  2.990471804493E-03  8.046446062061E-21  4.524756511388E-22 -3.262128826437E-20 -1.327330009247E-04
  9.718794455535E+02  9.793794455535E+02  1.265060024792E+01 -1.819793619542E-15 -7.571917758393E-03  1.601305096708E+02  9.890798514627E-03  6.290012405491E-02 -2.701208741056E-03 -1.383363283978E-04 -8.764931967593E-02  1.153963396052E+00 -2.581261789963E-03  4.733469946200E-03 -2.152208156198E-03 -2.358655705736E-03 -4.153088487413E-04  3.765893690076E-07 -2.537005352673E-07  6.860332416485E-07  1.740148210158E-02 -3.765893674205E-07  5.046904666732E-03  7.087521181157E-21 -1.209957844743E-21 -1.970093704139E-20 -1.834167422477E-04
  9.868794455535E+02  9.943794455535E+02  1.267050751882E+01 -5.606089441816E-16 -1.435686177853E-03  1.606388715082E+02  1.994876184520E-03  7.291860331859E-02 -7.795533925744E-04 -5.851277799219E-05 -1.174497676909E-02  1.167328442464E+00 -2.999884991718E-03  5.223151663251E-03 -2.223266671578E-03 -3.121209910842E-03 -6.827439368273E-04 -1.153175882682E-07 -9.005929730486E-08 -5.215229775549E-07  1.061638676659E-02  1.153175988141E-07  3.273120279685E-03  3.256608802564E-21 -8.924532274316E-23 -1.481691264956E-20 -9.208852821993E-05
