                   y                  ym                   U                   V                   W                 U^2                 V^2                 W^2                  UV                  VW                  UW                VISC               SFSxx               SFSyy               SFSzz               SFSxy               SFSyz                dUdX                dVdX                dWdX                dUdY                dVdY                dWdY                dUdZ                dVdZ                dWdZ              SFSxym
 -4.000000000000E+00 -2.000000000000E+00  0.000000000000E+00  0.000000000000E+00  0.000000000000E+00  0.000000000000E+00  0.000000000000E+00  0.000000000000E+00  0.000000000000E+00  0.000000000000E+00  0.000000000000E+00  0.000000000000E+00  0.000000000000E+00  0.000000000000E+00  0.000000000000E+00  0.000000000000E+00  0.000000000000E+00  0.000000000000E+00  0.000000000000E+00  0.000000000000E+00  0.000000000000E+00  0.000000000000E+00  0.000000000000E+00  0.000000000000E+00  0.000000000000E+00  0.000000000000E+00  0.000000000000E+00
  2.220446049250E-16  2.000000000000E+00  7.715732535825E+00  2.582794998562E-17 -2.917588370482E-02  6.042079048779E+01  1.532970893543E-02  2.080589524741E-01 -4.417116005086E-02 -2.202776537240E-04 -2.226408776556E-01  3.583427103407E-01  1.465595734815E-05  7.417652560488E-04 -7.564212134245E-04 -1.401944294742E+00  3.796031066424E-03 -1.055386342525E-05  6.748872995024E-07 -1.966541543153E-06  3.212405752372E+01  1.055386342657E-05 -1.265771033049E-01  1.826114750357E-20 -2.353991119015E-21 -4.987995235389E-21 -1.650615141641E-03
  4.000000000000E+00  6.000000000000E+00  8.346274332052E+00  7.036938306365E-17 -3.411428153597E-02  7.041037512391E+01  6.120686532844E-02  1.823075630367E-01 -8.046804156469E-02 -1.123590564153E-04 -2.831528669223E-01  2.715322087974E+00  4.437598811265E-02 -6.210910476797E-02  1.773311665589E-02 -2.179917958343E-01 -2.304248478760E-02  1.066904935930E-06  1.908541390678E-06  7.313994836859E-07  1.708187447025E+00 -1.066904934468E-06 -1.068927027874E-02  1.420547734633E-20 -3.320605174188E-21  6.005983040183E-21 -1.657366140817E-02
  8.000000000000E+00  1.000000000000E+01  8.569821759350E+00  1.191986414810E-16 -3.453144746599E-02  7.409582656345E+01  7.186418505862E-02  1.641165243607E-01 -7.960282247393E-02 -2.018593551906E-04 -2.946809076843E-01  2.853128425222E+00  2.928409067002E-02 -7.989099272717E-02  5.060690205745E-02 -1.473468049294E-01 -1.131779499533E-03  1.833616385534E-07  2.599150359527E-06  3.386584235059E-06  8.571659565362E-01 -1.833616388250E-07 -2.004897313975E-03  2.923258500819E-20 -8.698428119137E-21  4.255038473240E-21 -8.852274222219E-03
  1.200000000000E+01  1.400000000000E+01  8.774868024835E+00  1.685082511533E-16 -3.509608268238E-02  7.763488863691E+01  7.710916883478E-02  1.590845649402E-01 -8.453795744548E-02 -1.565715205002E-04 -3.069319894207E-01  2.810190274547E+00  2.706768683217E-02 -7.390427337237E-02  4.683658654031E-02 -1.354940726784E-01  1.670468259536E-03  7.648206188770E-06  3.256523981822E-06  3.567398977988E-06  7.118414586117E-01 -7.648206184835E-06 -2.234271001734E-03  2.762473932751E-20 -4.213031512991E-22  1.149727979671E-20 -7.486078496555E-03
  1.600000000000E+01  1.800000000000E+01  8.925747197633E+00  1.403606867597E-16 -3.563673555704E-02  8.028344262880E+01  8.141924146250E-02  1.552932058659E-01 -8.445939570299E-02 -1.716096899671E-04 -3.169300838085E-01  2.654360761360E+00  2.242594343588E-02 -6.550452116840E-02  4.307857773237E-02 -1.019826123100E-01  1.432055786063E-03 -1.007835003443E-06  3.877391415111E-06  2.113317435284E-06  5.691279768950E-01  1.007835003045E-06 -2.814675705667E-03  1.012237831110E-20 -5.328644004731E-21  2.710067091340E-20 -5.945503283986E-03
  2.000000000000E+01  2.200000000000E+01  9.059436350206E+00  3.984505325509E-17 -3.650355764567E-02  8.267792060097E+01  8.524345776658E-02  1.536501954823E-01 -8.601787079381E-02 -1.393818423538E-04 -3.294133458679E-01  2.544709726833E+00  1.999824109825E-02 -5.945714086800E-02  3.945889976935E-02 -8.938228931508E-02  1.023108845614E-03 -3.257979255078E-07  4.027552999249E-06 -2.648487871952E-06  4.885116415478E-01  3.257979274229E-07 -3.017572690894E-03  3.244546794091E-20 -3.539347122253E-23  4.034820428229E-20 -5.114480834201E-03
  2.400000000000E+01  2.600000000000E+01  9.169996925470E+00 -6.637780241546E-17 -3.714894698393E-02  8.468356073212E+01  8.858141050982E-02  1.523411636167E-01 -8.616494756963E-02 -1.196232499311E-04 -3.390715324842E-01  2.434124031859E+00  1.748522647373E-02 -5.437336777840E-02  3.688814130435E-02 -7.430085161901E-02  5.900111678631E-04  1.213611960030E-06  4.451733313967E-06 -3.039841754944E-06  4.195286211649E-01 -1.213611962048E-06 -1.462304625451E-03  2.332176455156E-20 -3.165853317246E-21  3.320167876134E-20 -4.370144814323E-03
  2.800000000000E+01  3.000000000000E+01  9.269212613801E+00 -1.990640183074E-16 -3.724128611587E-02  8.650721855851E+01  9.142040413790E-02  1.515767701360E-01 -8.680058552121E-02 -1.095642202204E-04 -3.435492436018E-01  2.345384959108E+00  1.565036739305E-02 -5.035378066401E-02  3.470341327099E-02 -6.598134585072E-02  1.443136150492E-04  2.585815841764E-07  4.330679870266E-06 -1.537675328815E-06  3.730216600360E-01 -2.585815802825E-07 -4.582646233855E-05  2.226034030097E-20  3.195845512178E-21  3.017274422526E-20 -3.868630544182E-03
  3.200000000000E+01  3.400000000000E+01  9.356525515127E+00 -3.775568363449E-16 -3.717742121518E-02  8.812834257548E+01  9.381112467890E-02  1.509348072501E-01 -8.689107590070E-02 -8.708413743432E-05 -3.460179514005E-01  2.264145814547E+00  1.399203144134E-02 -4.701660208308E-02  3.302457064124E-02 -5.798686280152E-02 -3.936955179871E-05  2.195314398879E-06  3.462549193075E-06  3.060810359063E-06  3.344980858863E-01 -2.195314405175E-06  3.212061420181E-04  1.598244037127E-20 -2.447960232317E-21  4.806366696436E-20 -3.449453868953E-03
  3.600000000000E+01  3.800000000000E+01  9.436460655511E+00 -5.676792224953E-16 -3.708673491039E-02  8.962758533013E+01  9.581798298277E-02  1.503208944979E-01 -8.716724219293E-02 -9.178093934910E-05 -3.477767901700E-01  2.195432918400E+00  1.268783745445E-02 -4.416838599507E-02  3.148054854049E-02 -5.259994002183E-02 -1.144374620622E-04  4.124954648341E-06  3.138490502987E-06  1.415316539741E-06  3.059939663600E-01 -4.124954646228E-06  2.818138460261E-04  1.116941201610E-20 -3.794322537471E-21  5.167210089469E-20 -3.135434603926E-03
  4.000000000000E+01  4.200000000000E+01  9.509524597811E+00 -7.331188065472E-16 -3.704722751408E-02  9.100966063846E+01  9.748435530097E-02  1.493454591838E-01 -8.719166396234E-02 -7.832198497123E-05 -3.497810189615E-01  2.133148706896E+00  1.154621815217E-02 -4.166397973729E-02  3.011776158517E-02 -4.779615433113E-02 -1.085277818383E-04  2.083687514402E-06  3.102298476823E-06 -2.533992402102E-07  2.809919531878E-01 -2.083687522186E-06  3.264851176743E-04  1.745072147146E-20  7.805338024394E-22  5.296808404552E-20 -2.863130525766E-03
  4.400000000000E+01  4.600000000000E+01  9.576968254282E+00 -8.379279981101E-16 -3.692773960239E-02  9.229534739259E+01  9.882295747878E-02  1.481726236357E-01 -8.730342357721E-02 -8.121130624689E-05 -3.507712619182E-01  2.076527289413E+00  1.067106323010E-02 -3.950102308530E-02  2.882995985503E-02 -4.394818362746E-02 -1.619607408660E-04  7.677292496914E-07  2.926764203692E-06  6.217819511444E-07  2.601731117417E-01 -7.677292493770E-07  9.829231794832E-04  8.841646951891E-21 -3.407293956274E-21  5.591753015264E-20 -2.641277922651E-03
  4.800000000000E+01  5.000000000000E+01  9.639620352587E+00 -9.446675574310E-16 -3.656266006524E-02  9.349799544957E+01  9.988922563119E-02  1.469586584644E-01 -8.730317760869E-02 -6.662357363778E-05 -3.492716401648E-01  2.024119750031E+00  9.910943986170E-03 -3.758649282033E-02  2.767554883401E-02 -4.066595848591E-02 -2.888768317250E-04  4.499288194807E-06  2.554032783763E-06  9.539010444279E-07  2.427745152889E-01 -4.499288194372E-06  1.777025788686E-03  2.169113412492E-20 -2.336329554768E-21  4.827707265037E-20 -2.455089208034E-03
  5.200000000000E+01  5.400000000000E+01  9.698355857074E+00 -1.083936172518E-15 -3.605788678643E-02  9.463345637709E+01  1.007605657530E-01  1.458650683751E-01 -8.732561987298E-02 -7.208291040884E-05 -3.465390102329E-01  1.978556211429E+00  9.263531754519E-03 -3.599554857226E-02  2.673201681800E-02 -3.793104254596E-02 -4.298794789571E-04  1.288737462067E-06  2.096988508414E-06 -3.503263836342E-07  2.276125849973E-01 -1.288737468772E-06  2.007157057253E-03 -1.071064908480E-20  4.244414634670E-22  5.157774692755E-20 -2.291452671865E-03
  5.600000000000E+01  5.800000000000E+01  9.753422469966E+00 -1.212524984397E-15 -3.557080542102E-02  9.570437807240E+01  1.014789651029E-01  1.447554363240E-01 -8.729489512124E-02 -7.429044759957E-05 -3.439493999838E-01  1.937534323134E+00  8.693705736706E-03 -3.462838236978E-02  2.593467663291E-02 -3.543093894846E-02 -4.269210921485E-04 -5.411282028612E-07  1.644744090276E-06 -3.663709069302E-07  2.145083717778E-01  5.411282034613E-07  1.538493294102E-03  1.665261465967E-20 -8.902928971256E-21  4.060381417200E-20 -2.145706831340E-03
  6.000000000000E+01  6.200000000000E+01  9.805596741413E+00 -1.189584543338E-15 -3.528827106043E-02  9.672458762465E+01  1.020650533620E-01  1.435676572425E-01 -8.726505100748E-02 -8.807951686714E-05 -3.432983430316E-01  1.898339015203E+00  8.146861784567E-03 -3.327459444149E-02  2.512773265674E-02 -3.324792659686E-02 -2.760722957930E-04  2.485912176462E-06  1.356680408065E-06  7.897869188701E-07  2.030872145288E-01 -2.485912163859E-06  7.685554445611E-04  1.932296327760E-20  1.504102630243E-22  5.053165031228E-20 -2.018022932883E-03
  6.400000000000E+01  6.600000000000E+01  9.854951489212E+00 -1.151985279358E-15 -3.518607452997E-02  9.769446385593E+01  1.025306677430E-01  1.422188020203E-01 -8.721538503158E-02 -9.275048907538E-05 -3.442273165249E-01  1.859947572678E+00  7.645655587553E-03 -3.202047013755E-02  2.437481455001E-02 -3.132841458447E-02 -1.737954485640E-04  1.217543661270E-06  1.314764315623E-06  2.216908505763E-06  1.920304156960E-01 -1.217543661899E-06 -1.084420604291E-04  1.332699299724E-22 -4.983119664802E-21  4.996326622098E-20 -1.897251184009E-03
  6.800000000000E+01  7.000000000000E+01  9.901610050816E+00 -1.183923099350E-15 -3.534416332799E-02  9.861569020535E+01  1.029131877938E-01  1.408098969227E-01 -8.716023607948E-02 -9.866025281425E-05 -3.475969993897E-01  1.824523597959E+00  7.178826857478E-03 -3.084644314802E-02  2.366761629044E-02 -2.948635693400E-02 -4.603553668349E-05  3.302435638345E-07  1.086677081347E-06  1.786337473243E-06  1.823035703171E-01 -3.302435600879E-07 -9.746264235965E-04  4.646335080087E-21  1.981341377464E-21  4.781906984391E-20 -1.793296533676E-03
  7.200000000000E+01  7.400000000000E+01  9.946105366660E+00 -1.340800517488E-15 -3.567545977029E-02  9.949794828126E+01  1.032282985473E-01  1.396022776653E-01 -8.708540496288E-02 -9.940328812747E-05 -3.526977653708E-01  1.793195939537E+00  6.811096194192E-03 -2.984256762974E-02  2.303147143546E-02 -2.791877288191E-02 -2.319775625809E-05 -9.655038579431E-07  6.837879297295E-07  3.009970487111E-06  1.741131641940E-01  9.655038568496E-07 -1.493673543080E-03  1.069247784851E-21  1.303881620229E-21  5.789757225907E-20 -1.701267833689E-03
  7.600000000000E+01  7.800000000000E+01  9.988671654605E+00 -1.718339735548E-15 -3.609258644648E-02  1.003457176865E+02  1.035031614347E-01  1.386562355020E-01 -8.700676194015E-02 -1.132832740286E-04 -3.584467243585E-01  1.764802400376E+00  6.458346788694E-03 -2.890503564794E-02  2.244668885935E-02 -2.652153202439E-02  2.878062037724E-05 -1.462082391559E-06  3.531702259838E-07  2.909948627694E-06  1.674994946500E-01  1.462082384884E-06 -1.182937435545E-03  2.356080125348E-21 -2.426003083034E-21  4.147301595493E-20 -1.623879807466E-03
  8.000000000000E+01  8.200000000000E+01  1.002985674808E+01 -1.970173124940E-15 -3.626388437862E-02  1.011692424129E+02  1.037400229926E-01  1.380425833364E-01 -8.690452360395E-02 -1.067255999922E-04 -3.617372711003E-01  1.738114073253E+00  6.099559290859E-03 -2.803145080900E-02  2.193189151801E-02 -2.542062153922E-02 -5.389410953953E-05 -1.167811890895E-06  2.542109340782E-07  5.622451228848E-07  1.612844549033E-01  1.167811896183E-06 -1.258706585297E-04 -1.122360372583E-20 -3.512913912252E-21  3.916142368189E-20 -1.551650012608E-03
  8.400000000000E+01  8.600000000000E+01  1.006931719298E+01 -2.215336954318E-15 -3.614887522110E-02  1.019616051376E+02  1.039398075103E-01  1.373837705730E-01 -8.681875917908E-02 -1.134938072630E-04 -3.621122896669E-01  1.713257306665E+00  5.793811710848E-03 -2.726175338051E-02  2.146794166961E-02 -2.425512331605E-02 -1.535805948249E-04 -9.376246169394E-07  3.622345729002E-07 -9.007461056273E-07  1.547688495885E-01  9.376246123082E-07  2.617911703819E-04  1.347939140191E-21 -3.730471131189E-21  4.183224486496E-20 -1.480400624032E-03
  8.800000000000E+01  9.000000000000E+01  1.010724990282E+01 -2.664369078012E-15 -3.611644325198E-02  1.027260156440E+02  1.040914992553E-01  1.366462655377E-01 -8.672094695684E-02 -1.215023887121E-04 -3.631903977723E-01  1.689807252457E+00  5.513693842063E-03 -2.655073080297E-02  2.103703696094E-02 -2.311214984670E-02 -8.070221701097E-05 -3.837198858160E-06  4.478048110541E-07 -1.225262705545E-06  1.485392027629E-01  3.837198858823E-06 -5.979145663312E-05 -9.783685437984E-21  7.030348543045E-23  4.173477592156E-20 -1.409653605926E-03
  9.200000000000E+01  9.400000000000E+01  1.014358440700E+01 -2.957892990870E-15 -3.616046722672E-02  1.034608553373E+02  1.042013264826E-01  1.360081251642E-01 -8.661720483721E-02 -1.301918464329E-04 -3.649179792505E-01  1.668998620089E+00  5.299349271352E-03 -2.598367011266E-02  2.068432084128E-02 -2.201748935197E-02 -5.964929793611E-05 -4.753830293905E-06  5.365237042046E-07 -2.310716130941E-06  1.432227018741E-01  4.753830289832E-06 -3.955498718602E-04 -8.052616794689E-21 -1.588246262979E-21  5.480518382113E-20 -1.348744201827E-03
  9.600000000000E+01  9.800000000000E+01  1.017885171496E+01 -3.108381987135E-15 -3.631071614252E-02  1.041763675751E+02  1.042920927395E-01  1.354633471064E-01 -8.651085719634E-02 -1.329873240108E-04 -3.677061547970E-01  1.647780548133E+00  5.035928554454E-03 -2.535790126222E-02  2.032197270781E-02 -2.115226308636E-02 -2.031394943800E-05 -2.476856712430E-06  7.059340818830E-07 -2.573279394305E-06  1.380777727012E-01  2.476856713480E-06 -4.372307192725E-04 -1.691490701964E-20 -5.891256961108E-21  3.446395789262E-20 -1.293384677955E-03
  1.000000000000E+02  1.020000000000E+02  1.021261908702E+01 -3.422965108695E-15 -3.638062287932E-02  1.048636675868E+02  1.043780558675E-01  1.349237723496E-01 -8.640967225385E-02 -1.379637915623E-04 -3.696497352752E-01  1.626654689315E+00  4.834213064980E-03 -2.477737745873E-02  1.994316439378E-02 -2.025951484323E-02 -4.607367918695E-05 -2.653845175392E-06  5.809126247208E-07 -2.007555645428E-06  1.335516745691E-01  2.653845170849E-06 -4.397454777452E-04 -8.575886766034E-21 -2.782434819278E-21  3.957674716626E-20 -1.244579477067E-03
  1.040000000000E+02  1.060000000000E+02  1.024562139577E+01 -3.568534609882E-15 -3.652822312601E-02  1.055373457445E+02  1.044834820534E-01  1.344581215998E-01 -8.629461698241E-02 -1.508730911489E-04 -3.723642009658E-01  1.607321300099E+00  4.599947125017E-03 -2.423068947915E-02  1.963074235433E-02 -1.958148578300E-02  1.584912267357E-05 -2.099734894569E-06  1.996783426020E-07 -1.754971051713E-06  1.300201340668E-01  2.099734898948E-06 -7.320296642724E-04  4.907941453209E-21 -3.076925729244E-21  4.339337706224E-20 -1.202030373813E-03
  1.080000000000E+02  1.100000000000E+02  1.027762127375E+01 -3.501907287371E-15 -3.674562021402E-02  1.061923633921E+02  1.046026610139E-01  1.340871085857E-01 -8.618143548156E-02 -1.600854989676E-04 -3.757613775255E-01  1.589685609287E+00  4.391577410795E-03 -2.374030575071E-02  1.934872833977E-02 -1.886958793191E-02 -1.297425906453E-05  2.701840282754E-07 -4.716269601315E-08 -1.197970093294E-06  1.258002930311E-01 -2.701840311077E-07 -9.065281294005E-04 -1.247771893614E-20 -3.774088521519E-21  3.673252724161E-20 -1.156650246317E-03
  1.120000000000E+02  1.140000000000E+02  1.030852475824E+01 -3.596004850591E-15 -3.698278805414E-02  1.068266708302E+02  1.047273682797E-01  1.337766701787E-01 -8.606883691425E-02 -1.674480825912E-04 -3.792815272514E-01  1.571312790802E+00  4.196043386111E-03 -2.321960710643E-02  1.902356372010E-02 -1.815582723297E-02 -2.225933220663E-05  2.726455960613E-07 -1.744917711895E-07 -1.240259905584E-06  1.218613740980E-01 -2.726455929709E-07 -8.706896320446E-04 -1.775776914656E-20 -3.823550874594E-21  3.436000295011E-20 -1.114192014316E-03
  1.160000000000E+02  1.180000000000E+02  1.033855591894E+01 -3.659009654873E-15 -3.718334065745E-02  1.074446975590E+02  1.048633491059E-01  1.335321979450E-01 -8.594473268797E-02 -1.793848561805E-04 -3.824037049897E-01  1.555065711864E+00  4.031628334451E-03 -2.274214876529E-02  1.871052043084E-02 -1.752436086843E-02 -1.441058859936E-05 -9.471746946216E-07 -3.253013736137E-07 -1.903441692047E-06  1.186826788640E-01  9.471746903818E-07 -4.075226684952E-04 -9.134306825027E-21 -2.654767610762E-21  4.132304638521E-20 -1.078402690767E-03
  1.200000000000E+02  1.220000000000E+02  1.036786377308E+01 -3.630355049781E-15 -3.719153803749E-02  1.080494622538E+02  1.050240595128E-01  1.331937027724E-01 -8.583671070674E-02 -1.863898715479E-04 -3.834506923220E-01  1.538344353923E+00  3.847787655481E-03 -2.226349827067E-02  1.841571061516E-02 -1.697700700685E-02 -1.504615783276E-05  1.933766246440E-07 -6.557194114367E-07 -1.382386980750E-06  1.153331483737E-01 -1.933766257455E-07  3.607290117147E-04 -2.958113039030E-20 -6.031695717480E-21  4.265523163329E-20 -1.042912642337E-03
  1.240000000000E+02  1.260000000000E+02  1.039622103822E+01 -3.725927945624E-15 -3.700740758616E-02  1.086361894479E+02  1.052082245105E-01  1.327704516799E-01 -8.570969241187E-02 -2.000082898766E-04 -3.822931037819E-01  1.521606312996E+00  3.707516824101E-03 -2.179096457526E-02  1.808344775104E-02 -1.638471902088E-02 -4.780306255705E-05  2.213841389839E-07 -9.651088316177E-07 -1.584226546111E-06  1.114797630922E-01 -2.213841432642E-07  1.233078922218E-03 -3.437746212857E-20 -4.270183551764E-22  3.572085146238E-20 -1.004807140549E-03
  1.280000000000E+02  1.300000000000E+02  1.042360738208E+01 -3.774616397801E-15 -3.657429519274E-02  1.092042530584E+02  1.053936185672E-01  1.323546249284E-01 -8.558639960517E-02 -2.057401205877E-04 -3.784110300435E-01  1.506799721069E+00  3.540642505568E-03 -2.137395548582E-02  1.783331298013E-02 -1.578941741715E-02 -1.283266281077E-04  3.342337791533E-07 -1.142972792526E-06 -1.547352102648E-06  1.082863691317E-01 -3.342337736050E-07  1.654900096626E-03 -1.652880716694E-20 -8.677604495275E-21  3.843432451627E-20 -9.717696222394E-04
  1.320000000000E+02  1.340000000000E+02  1.045037308652E+01 -3.734979782414E-15 -3.617713062544E-02  1.097606550198E+02  1.055695075022E-01  1.320079448536E-01 -8.545169592734E-02 -2.230393476723E-04 -3.746781919194E-01  1.492359458445E+00  3.387198793443E-03 -2.101967345777E-02  1.763247466424E-02 -1.530145050322E-02 -1.535928808582E-04 -7.929038378575E-07 -1.173903584285E-06 -7.827951136297E-07  1.051883186408E-01  7.929038326558E-07  2.020308467542E-03 -3.557097610769E-20 -1.874560677228E-21  4.328254087055E-20 -9.387171125336E-04
  1.360000000000E+02  1.380000000000E+02  1.047620558696E+01 -3.988610476335E-15 -3.556165309681E-02  1.102988755492E+02  1.057309558500E-01  1.315477242459E-01 -8.532984363471E-02 -2.276682895397E-04 -3.687052048304E-01  1.477939269790E+00  3.235005357222E-03 -2.065992581647E-02  1.742492045925E-02 -1.471363461365E-02 -2.154375834789E-04 -2.247961531796E-06 -9.406803356493E-07 -1.039132952768E-06  1.021310689460E-01  2.247961536619E-06  2.669811831672E-03 -2.746140530236E-20 -1.171117962406E-21  4.563125400994E-20 -9.049032759847E-04
  1.400000000000E+02  1.420000000000E+02  1.050143687206E+01 -4.307005634664E-15 -3.483803521021E-02  1.108254144138E+02  1.058706832282E-01  1.309670758260E-01 -8.519277774097E-02 -2.400042960269E-04 -3.615621353209E-01  1.463454474198E+00  3.105714678867E-03 -2.027666910395E-02  1.717095442493E-02 -1.423725638123E-02 -2.318963140761E-04 -3.616840363766E-06 -5.599106489546E-07 -1.386355201427E-06  1.000315586958E-01  3.616840353780E-06  2.893422905779E-03 -9.123418627842E-21 -5.417725141296E-21  4.532793451656E-20 -8.775194748327E-04
  1.440000000000E+02  1.460000000000E+02  1.052622017287E+01 -4.353789446297E-15 -3.411175268853E-02  1.113436538593E+02  1.059859437484E-01  1.303562848646E-01 -8.505869205930E-02 -2.514868972619E-04 -3.542830815464E-01  1.448773727327E+00  2.985949642991E-03 -1.989172714300E-02  1.690577750010E-02 -1.386749192709E-02 -2.364343386739E-04 -1.187068332159E-06 -1.404031845478E-07 -2.193040228631E-06  9.750247132122E-02  1.187068332386E-06  3.131786685064E-03 -2.281738314701E-20 -1.257097288654E-21  2.908889887720E-20 -8.536066488938E-04
  1.480000000000E+02  1.500000000000E+02  1.055018792170E+01 -4.418699130551E-15 -3.327318812226E-02  1.118461108975E+02  1.060717296404E-01  1.298114612146E-01 -8.491822328986E-02 -2.629252954498E-04 -3.458380652516E-01  1.436602806848E+00  2.867750784480E-03 -1.958140174321E-02  1.671365095858E-02 -1.343943044461E-02 -2.990848160172E-04 -1.188537776287E-06  5.734457192560E-08 -1.486563461907E-06  9.474445538625E-02  1.188537772163E-06  3.235558269874E-03 -1.870137933299E-20 -3.284499012343E-21  4.270248298590E-20 -8.268243959163E-04
  1.520000000000E+02  1.540000000000E+02  1.057358680282E+01 -4.474400342423E-15 -3.249294525629E-02  1.123372494102E+02  1.061324543904E-01  1.294413859611E-01 -8.478192192183E-02 -2.750952513075E-04 -3.381249046885E-01  1.425254735660E+00  2.774841807541E-03 -1.929619070855E-02  1.652134890091E-02 -1.304973590326E-02 -2.954465651769E-04 -1.670309010025E-06  8.093143142428E-08 -1.632623148041E-08  9.230117511255E-02  1.670309011587E-06  3.106783240678E-03 -1.687982652953E-20 -9.948004251731E-21  3.668886639153E-20 -8.024847234855E-04
  1.560000000000E+02  1.580000000000E+02  1.059633251916E+01 -4.418107915106E-15 -3.171415219314E-02  1.128156913325E+02  1.061748490280E-01  1.291410385484E-01 -8.465112481167E-02 -2.890368394772E-04 -3.304059433080E-01  1.414611904003E+00  2.726926714742E-03 -1.907297437025E-02  1.634604765564E-02 -1.262724692604E-02 -2.889753202713E-04  5.351404645789E-07  1.236185678374E-07  2.059927069203E-07  8.987024705519E-02 -5.351404676196E-07  3.358315092699E-03 -2.772929768177E-20 -8.443803154678E-21  3.182338844851E-20 -7.797953601583E-04
  1.600000000000E+02  1.620000000000E+02  1.061852386415E+01 -4.418820561194E-15 -3.080930772502E-02  1.132830380012E+02  1.062318784802E-01  1.290105329237E-01 -8.450738007096E-02 -2.909409051193E-04 -3.214031026589E-01  1.403495621208E+00  2.655399977385E-03 -1.878583486567E-02  1.613043488826E-02 -1.232412648155E-02 -2.910890602304E-04  6.843850308655E-07  7.434611155188E-08 -9.486965195790E-08  8.791641901472E-02 -6.843850287065E-07  4.359144371613E-03 -1.800251288368E-20 -1.153793351630E-21  3.106136037913E-20 -7.594489963291E-04
  1.640000000000E+02  1.660000000000E+02  1.064029268666E+01 -4.361115310027E-15 -2.953006887110E-02  1.137422988199E+02  1.063219863233E-01  1.290350102960E-01 -8.438058794053E-02 -3.001493632889E-04 -3.084070721649E-01  1.393876063705E+00  2.562353264871E-03 -1.850942081162E-02  1.594706754679E-02 -1.200107969344E-02 -4.326314581632E-04 -3.368762265981E-07  2.110266455916E-08  4.053067959131E-07  8.607279707880E-02  3.368762264237E-07  5.269819365895E-03 -2.165188257598E-20 -6.324222632694E-21  3.598019010638E-20 -7.416570263692E-04
  1.680000000000E+02  1.700000000000E+02  1.066155672593E+01 -4.221844047680E-15 -2.816686470154E-02  1.141917642155E+02  1.064329627864E-01  1.291630983263E-01 -8.422801662115E-02 -3.110357666165E-04 -2.944600715473E-01  1.383633314310E+00  2.505837158011E-03 -1.827470407464E-02  1.576886691683E-02 -1.172518017834E-02 -4.686691897616E-04  8.601500847876E-08  2.300193878077E-08  7.525554427951E-07  8.426440578917E-02 -8.601500680579E-08  5.610357899571E-03 -3.090272198254E-20 -4.967188430174E-21  4.078941107290E-20 -7.241394253264E-04
  1.720000000000E+02  1.740000000000E+02  1.068241913529E+01 -4.229616223234E-15 -2.671989497296E-02  1.146337175986E+02  1.065544250719E-01  1.293240765585E-01 -8.409784091969E-02 -3.268208617946E-04 -2.797138457562E-01  1.375767903869E+00  2.473931778685E-03 -1.807531305534E-02  1.560138127656E-02 -1.145028560787E-02 -5.058511324063E-04  1.947233353310E-07 -1.091569514777E-07  4.114481878644E-07  8.291189758268E-02 -1.947233368496E-07  5.664214831207E-03 -2.762240803373E-20 -2.399581681794E-21  3.499617646419E-20 -7.090567778283E-04
  1.760000000000E+02  1.780000000000E+02  1.070300842118E+01 -4.233278875013E-15 -2.533757838839E-02  1.150704896554E+02  1.066791402726E-01  1.293941267521E-01 -8.394402730294E-02 -3.389890343723E-04 -2.656674917268E-01  1.366501383736E+00  2.421410023829E-03 -1.786938422043E-02  1.544797419667E-02 -1.122474601169E-02 -4.827212329483E-04 -1.587275933916E-07 -2.028057385068E-07 -8.480029980877E-07  8.116641043565E-02  1.587275935159E-07  5.470490942804E-03 -2.686311975449E-20 -5.369372301265E-23  3.465625400789E-20 -6.928709812981E-04
  1.800000000000E+02  1.820000000000E+02  1.072300008259E+01 -4.109211741131E-15 -2.398752458608E-02  1.154951722219E+02  1.068035213421E-01  1.294652449500E-01 -8.380957567142E-02 -3.538674388188E-04 -2.519663167805E-01  1.358187580065E+00  2.374867083622E-03 -1.767097354084E-02  1.529610645721E-02 -1.096545771442E-02 -4.679606877359E-04 -1.841944124063E-07 -9.543024842992E-08 -1.833818530664E-06  7.923924764445E-02  1.841944108046E-07  5.513742687493E-03 -2.303372626397E-20 -5.848670878794E-21  3.340199442867E-20 -6.789636073281E-04
  1.840000000000E+02  1.860000000000E+02  1.074262546089E+01 -4.059374798110E-15 -2.257947895395E-02  1.159128912661E+02  1.069350231816E-01  1.294762689588E-01 -8.364880609868E-02 -3.568516418964E-04 -2.377076452376E-01  1.350755348484E+00  2.317375366040E-03 -1.747364509950E-02  1.515626973350E-02 -1.074855659474E-02 -5.216219014872E-04  1.413485712032E-07  7.802931637721E-08 -2.040633994929E-06  7.779524183850E-02 -1.413485710180E-07  5.871599636139E-03 -2.315984481981E-20 -1.130526006058E-21  3.751236240790E-20 -6.646513710229E-04
  1.880000000000E+02  1.900000000000E+02  1.076189321554E+01 -4.058734685147E-15 -2.105339631281E-02  1.163235479214E+02  1.070742261834E-01  1.293786490751E-01 -8.351128172826E-02 -3.676741482854E-04 -2.220594955222E-01  1.342660962517E+00  2.254438251057E-03 -1.725369777442E-02  1.499925952330E-02 -1.052322692133E-02 -5.811029543358E-04  1.121864054771E-06  2.277591925369E-07 -2.657138101845E-06  7.704450305449E-02 -1.121864054813E-06  6.347883943265E-03 -2.959497852015E-20  3.390712265810E-21  3.308634598282E-20 -6.552506631612E-04
  1.920000000000E+02  1.940000000000E+02  1.078113992796E+01 -3.955794531639E-15 -1.940865255873E-02  1.167343295230E+02  1.072081162160E-01  1.290296479982E-01 -8.332878922654E-02 -3.711690207059E-04 -2.049775981995E-01  1.333316249596E+00  2.169047087297E-03 -1.699988110041E-02  1.483083401320E-02 -1.041117592173E-02 -6.249899028730E-04  1.505248416325E-06  5.002699820998E-07 -2.218050968034E-06  7.614036244285E-02 -1.505248415417E-06  6.686276328699E-03 -2.123028707486E-20 -5.229851303176E-21  3.841658599442E-20 -6.428798873585E-04
  1.960000000000E+02  1.980000000000E+02  1.079995654406E+01 -3.844007577525E-15 -1.771321857138E-02  1.171367450753E+02  1.073435991022E-01  1.288150276362E-01 -8.320522937654E-02 -3.823708481114E-04 -1.871666582960E-01  1.326599311888E+00  2.116830200063E-03 -1.679819927918E-02  1.468136907913E-02 -1.016797024899E-02 -6.637179222385E-04  6.710226976617E-07  8.555439359719E-07 -2.187501928426E-06  7.526155143109E-02 -6.710226960067E-07  7.065862897301E-03 -2.003193279673E-20 -4.197389344106E-21  4.190839488462E-20 -6.309094820927E-04
  2.000000000000E+02  2.020600000000E+02  1.081876974233E+01 -3.742072551711E-15 -1.588120430387E-02  1.175390625652E+02  1.074479365039E-01  1.285827168683E-01 -8.299468248837E-02 -3.854324264440E-04 -1.679535296808E-01  1.321330146372E+00  1.962769072632E-03 -1.637243446327E-02  1.440966539066E-02 -1.007669048847E-02 -5.900153553707E-04 -1.948658110634E-07  1.162125517569E-06 -1.533213448719E-06  7.371560779761E-02  1.948658115398E-07  7.492286602799E-03 -2.470834146488E-20 -2.886362916706E-21  4.018811759542E-20 -6.291996168052E-04
  2.041200000000E+02  2.062418000000E+02  1.083791643200E+01 -3.594899370951E-15 -1.386031035489E-02  1.179493996300E+02  1.075433846081E-01  1.283535707177E-01 -8.283706759712E-02 -3.871782351133E-04 -1.466882147620E-01  1.316854431658E+00  1.792916740797E-03 -1.589558560463E-02  1.410266886378E-02 -1.005956067351E-02 -6.572485612916E-04  1.128737741242E-06  1.573083129420E-06 -1.320993860638E-06  7.291522907490E-02 -1.128737743973E-06  7.898059550403E-03 -2.266778663108E-20  4.631315797822E-21  3.739042247036E-20 -6.268889665782E-04
  2.083636000000E+02  2.105490540000E+02  1.085744627727E+01 -3.465590444826E-15 -1.169647950159E-02  1.183680228867E+02  1.076142462576E-01  1.280590196862E-01 -8.260961281165E-02 -3.902099423604E-04 -1.237463187190E-01  1.312300962516E+00  1.611626091679E-03 -1.542587929730E-02  1.381425320569E-02 -1.000672811758E-02 -6.911642478244E-04  1.627717070168E-06  2.008959463508E-06 -1.129680175241E-06  7.230663992484E-02 -1.627717060330E-06  7.974014338750E-03 -1.972763564427E-20 -5.445041149001E-21  4.191817914033E-20 -6.252109578124E-04
  2.127345080000E+02  2.149855256200E+02  1.087742471920E+01 -3.351031113476E-15 -9.510114315988E-03  1.187973404507E+02  1.076602016283E-01  1.279529261947E-01 -8.241959733245E-02 -3.923736168466E-04 -1.004890488473E-01  1.309637242804E+00  1.438185370904E-03 -1.497440028190E-02  1.353621491105E-02 -1.000710693874E-02 -6.992519316531E-04  2.954142546726E-07  2.433281306063E-06  5.635243653793E-07  7.223223853327E-02 -2.954142584072E-07  7.990962509995E-03 -2.338131606316E-20 -6.301288129791E-22  3.514549492927E-20 -6.254149051404E-04
  2.172365432400E+02  2.195550913886E+02  1.089809945047E+01 -3.244908392911E-15 -7.206777024486E-03  1.192420355480E+02  1.076952288786E-01  1.277528513762E-01 -8.219270211847E-02 -4.033724375558E-04 -7.592600892539E-02  1.304582795504E+00  1.224155588049E-03 -1.448808295075E-02  1.326392736271E-02 -9.999429242184E-03 -7.390000836346E-04 -4.606873451121E-07  2.802934199721E-06  2.303321317554E-06  7.147489905355E-02  4.606873480236E-07  7.910723832919E-03 -2.454559021809E-20 -5.647887226291E-21  3.370808032998E-20 -6.221693111771E-04
  2.218736395372E+02  2.242617441303E+02  1.091885707579E+01 -3.192868206515E-15 -4.929760713319E-03  1.196892607696E+02  1.077234729650E-01  1.275272551686E-01 -8.195345326211E-02 -4.041361870147E-04 -5.145365547465E-02  1.300122764278E+00  1.045705951057E-03 -1.396755582023E-02  1.292184986917E-02 -9.907716192573E-03 -7.145594641590E-04  6.583282425403E-07  3.012818469363E-06  2.793843687650E-06  7.034446775582E-02 -6.583282455932E-07  7.325125507867E-03 -1.963008031432E-20 -6.892260040985E-21  3.170964656978E-20 -6.191160167976E-04
  2.266498487233E+02  2.291095964542E+02  1.094009387738E+01 -3.220535220883E-15 -2.832409421634E-03  1.201473388988E+02  1.077555359517E-01  1.273169645670E-01 -8.169940589569E-02 -4.189479786970E-04 -2.881284913524E-02  1.297184006342E+00  8.885186652313E-04 -1.346002862099E-02  1.257150995580E-02 -9.932512725622E-03 -6.369160028813E-04  3.681090635813E-07  3.042985837222E-06  3.631743206827E-06  6.979669285782E-02 -3.681090611453E-07  6.819974303502E-03 -1.416252007807E-20 -3.722970066949E-21  2.687145282503E-20 -6.201886280541E-04
  2.315693441850E+02  2.341028843478E+02  1.096177910569E+01 -3.272909576459E-15 -7.306262373075E-04  1.206160401520E+02  1.078001250582E-01  1.269137351806E-01 -8.143929034861E-02 -4.138934127444E-04 -6.041769694624E-03  1.292600920683E+00  6.518006718451E-04 -1.287126188421E-02  1.221946121239E-02 -9.897840662382E-03 -6.092216500964E-04  7.337218594345E-07  2.938727038558E-06  4.031676477818E-06  6.856749176884E-02 -7.337218603875E-07  6.776133992653E-03 -1.873587131975E-20  1.309716903961E-21  3.353975333417E-20 -6.142933717312E-04
  2.366364245106E+02  2.392459708782E+02  1.098352618451E+01 -3.279317265509E-15  1.461517561973E-03  1.210865847470E+02  1.078300778504E-01  1.263497653464E-01 -8.115017148341E-02 -4.062226830645E-04  1.774608146679E-02  1.288904223882E+00  4.299684799737E-04 -1.229048070232E-02  1.186051222231E-02 -9.777056493558E-03 -6.476298021911E-04  1.265260687711E-06  2.709113987139E-06  4.071682779121E-06  6.715560799468E-02 -1.265260689892E-06  6.964341161617E-03 -4.618964748856E-21 -1.329362646863E-21  1.762356160313E-20 -6.075445843479E-04
  2.418555172459E+02  2.445433500046E+02  1.100559528434E+01 -3.230629432230E-15  3.814362020967E-03  1.215650767234E+02  1.078188124604E-01  1.258673676527E-01 -8.086906134524E-02 -4.001284167116E-04  4.356510578790E-02  1.284993564614E+00  2.293204174915E-04 -1.172646561552E-02  1.149714519795E-02 -9.677891266101E-03 -7.288080477360E-04 -2.675452319618E-07  2.266690558918E-06  2.457928561194E-06  6.582863165805E-02  2.675452314712E-07  7.230821996366E-03 -1.563580637244E-20  2.364027930639E-21  2.701542988483E-20 -6.012264302287E-04
  2.472311827633E+02  2.499996505047E+02  1.102776799851E+01 -3.207151072230E-15  6.324642855135E-03  1.220467099732E+02  1.077355149656E-01  1.252918349664E-01 -8.052855697049E-02 -4.056670798450E-04  7.124703308678E-02  1.282312965366E+00 -1.855199576862E-05 -1.112660491312E-02  1.114515690889E-02 -9.567117397800E-03 -7.390698388471E-04 -2.266674859843E-06  1.733830300807E-06  7.641462615801E-07  6.455834215163E-02  2.266674861256E-06  7.446554249619E-03 -1.230081623980E-20 -3.646846834893E-21  1.973337503316E-20 -5.958745450409E-04
  2.527681182462E+02  2.556196400198E+02  1.105028265419E+01 -3.253793068314E-15  8.975700143816E-03  1.225369904724E+02  1.075874600027E-01  1.247865544715E-01 -8.020309599720E-02 -3.982034482317E-04  1.005955668507E-01  1.280872558371E+00 -2.322187065701E-04 -1.052857195925E-02  1.076079066589E-02 -9.513050340728E-03 -7.072918696908E-04 -2.977405069086E-06  1.145102165163E-06  4.761743857550E-07  6.390841597387E-02  2.977405066868E-06  7.576148028225E-03 -3.358740647455E-20  8.237829236031E-22  2.184369672563E-20 -5.946225325931E-04
  2.584711617935E+02  2.614082292204E+02  1.107333191014E+01 -3.313916813128E-15  1.173866621173E-02  1.230398221552E+02  1.074120993801E-01  1.244623893249E-01 -7.981093989835E-02 -4.073465539162E-04  1.313396958956E-01  1.278716911948E+00 -4.782819352945E-04 -9.918632044015E-03  1.039691397939E-02 -9.508097259547E-03 -7.051133974784E-04 -3.912763178022E-06  5.659500825191E-07  1.530382891317E-06  6.343733232848E-02  3.912763179219E-06  7.534818630526E-03 -9.451225115038E-21 -5.577992112927E-21  2.046949648016E-20 -5.930024117426E-04
  2.643452966473E+02  2.673704760971E+02  1.109686340831E+01 -3.308975381026E-15  1.451668599063E-02  1.235543899212E+02  1.072185609515E-01  1.244057750838E-01 -7.943625436117E-02 -4.328107745625E-04  1.621701552695E-01  1.276842029566E+00 -7.329983058753E-04 -9.244588330026E-03  9.977586636008E-03 -9.487107003755E-03 -6.803896501112E-04 -3.452114451796E-06  1.596759364886E-07  1.306216128017E-06  6.322975116310E-02  3.452114452268E-06  7.178213556365E-03 -8.970509356540E-21  1.090323666324E-21  2.154506496374E-20 -5.953605557257E-04
  2.703956555468E+02  2.735115903800E+02  1.112115007994E+01 -3.214528632427E-15  1.716576656627E-02  1.240868371674E+02  1.069782627611E-01  1.243880048760E-01 -7.900519677419E-02 -4.381575372076E-04  1.917242890504E-01  1.278274178542E+00 -9.331269083607E-04 -8.603656717274E-03  9.536783625536E-03 -9.571553310523E-03 -6.696438778185E-04 -1.408855865546E-06 -3.381759077759E-07  1.237744298410E-06  6.304332185897E-02  1.408855867482E-06  6.167491495196E-03 -2.042560432618E-20  4.430386526196E-21  2.213922567372E-20 -6.004362928188E-04
  2.766275252132E+02  2.798369380914E+02  1.114597232093E+01 -3.099596877631E-15  1.931893312872E-02  1.246325647995E+02  1.066716842648E-01  1.247154345925E-01 -7.855350754149E-02 -4.746901509326E-04  2.160783080233E-01  1.279370248143E+00 -1.115433621929E-03 -7.961539000288E-03  9.076972622149E-03 -9.657246268643E-03 -5.566502194339E-04  4.709543798412E-08 -1.109735623567E-06  1.425622742982E-06  6.263918369801E-02 -4.709543547716E-08  4.917105013737E-03 -1.566034807488E-21 -2.871297356265E-21  1.480998878856E-20 -6.042190699688E-04
  2.830463509696E+02  2.863520462341E+02  1.117140831440E+01 -3.065584931449E-15  2.111355772005E-02  1.251930189136E+02  1.063097706745E-01  1.251978183504E-01 -7.806772049576E-02 -4.977684981321E-04  2.366581253083E-01  1.282454206716E+00 -1.323731998835E-03 -7.286153664939E-03  8.609885663741E-03 -9.700803468083E-03 -4.658625758225E-04  7.173383442867E-07 -1.989326299787E-06  3.132854449264E-06  6.200676020607E-02 -7.173383455672E-07  4.135835300053E-03 -1.578033039683E-21  5.372743870220E-22  1.187643901415E-20 -6.066751818460E-04
  2.896577414987E+02  2.930626076211E+02  1.119720954269E+01 -3.062239806347E-15  2.274308387833E-02  1.257633686360E+02  1.059214601769E-01  1.256741649656E-01 -7.755491930495E-02 -5.289741280137E-04  2.552893818131E-01  1.285559263689E+00 -1.564470397315E-03 -6.617958457343E-03  8.182428854649E-03 -9.721575541544E-03 -4.037583840661E-04  1.389365074585E-06 -2.771135778276E-06  4.812297532741E-06  6.192046542051E-02 -1.389365072864E-06  3.761410441738E-03 -6.187209433160E-21 -4.080728643690E-21  7.024203422933E-21 -6.123596727745E-04
  2.964674737436E+02  2.999744858498E+02  1.122410954373E+01 -3.036278585326E-15  2.431965565428E-02  1.263587324510E+02  1.055306072304E-01  1.258176128765E-01 -7.701082506714E-02 -5.428056432188E-04  2.735876323207E-01  1.291300882907E+00 -1.779717843222E-03 -5.939468427648E-03  7.719186270916E-03 -9.919200596639E-03 -3.823559985435E-04  1.915912216281E-06 -3.524743826533E-06  4.389616801805E-06  6.189510226264E-02 -1.915912216433E-06  3.659857225147E-03  3.312658789328E-21 -3.600787198966E-21  1.029459392330E-20 -6.254865534932E-04
  3.034814979559E+02  3.070937204253E+02  1.125147091345E+01 -2.981155144792E-15  2.594677624214E-02  1.269666458010E+02  1.051351190092E-01  1.259372681432E-01 -7.641438986541E-02 -5.826868938696E-04  2.925054812311E-01  1.295328737036E+00 -1.972637073736E-03 -5.224140597122E-03  7.196777670929E-03 -1.006058499058E-02 -3.786344355073E-04  5.750676269238E-07 -4.053473859403E-06  2.690274041384E-06  6.175133278337E-02 -5.750676246219E-07  3.435513902276E-03 -1.573908496803E-21 -5.118712862988E-21 -6.396865659437E-22 -6.336055605897E-04
  3.107059428946E+02  3.144265320380E+02  1.127987019749E+01 -2.861327711226E-15  2.740514892784E-02  1.275996256045E+02  1.046712393630E-01  1.260371057656E-01 -7.578926553195E-02 -6.030370426600E-04  3.097205509933E-01  1.300223937326E+00 -2.173355483221E-03 -4.510436120777E-03  6.683791603995E-03 -1.022292586188E-02 -3.467561314847E-04  8.574596936975E-07 -4.164741849792E-06  1.936685917354E-06  6.175356422435E-02 -8.574596934048E-07  2.983279343954E-03  4.865040101445E-22 -9.538984551298E-22  8.055372323875E-21 -6.410068720449E-04
  3.181471211814E+02  3.219793279992E+02  1.130891299028E+01 -2.629008989674E-15  2.870628422276E-02  1.282485533305E+02  1.040827060813E-01  1.263115081983E-01 -7.517021446754E-02 -6.557493461563E-04  3.253134381959E-01  1.306643206393E+00 -2.381604643510E-03 -3.804430156019E-03  6.186034799425E-03 -1.032677638074E-02 -3.256552732042E-04  1.579525571463E-06 -4.224501538587E-06  3.563169890949E-07  6.238551513329E-02 -1.579525565669E-06  3.008583681053E-03 -2.404314777175E-21 -3.135947794053E-21 -3.345712817099E-21 -6.529550669683E-04
  3.258115348169E+02  3.297587078391E+02  1.133963714471E+01 -2.364710785403E-15  3.028467338700E-02  1.289370339980E+02  1.033137680399E-01  1.265788044930E-01 -7.444862343626E-02 -6.812121737713E-04  3.441373788888E-01  1.314287702477E+00 -2.561708730909E-03 -3.109395240394E-03  5.671103971339E-03 -1.054896826606E-02 -3.648867941849E-04  2.561384902833E-06 -4.353784666095E-06 -1.306993602104E-06  6.206946305383E-02 -2.561384903877E-06  2.714029037794E-03 -2.577859235419E-21 -5.522602857620E-21 -6.708400244475E-21 -6.597574042683E-04
  3.337058808614E+02  3.377714690743E+02  1.137016387559E+01 -2.109870871764E-15  3.138594567464E-02  1.296233624851E+02  1.024190942279E-01  1.271774389420E-01 -7.374098694645E-02 -7.570540550747E-04  3.575298432988E-01  1.320663277112E+00 -2.719868533988E-03 -2.416175314091E-03  5.136043848017E-03 -1.053459736494E-02 -2.245939353396E-04  1.904108756116E-06 -4.685165233284E-06 -2.927968182959E-06  6.046891764586E-02 -1.904108753219E-06  2.377723744508E-03  6.108092722561E-21  5.961707923870E-21 -2.654660836054E-21 -6.572539777243E-04
  3.418370572872E+02  3.460246131465E+02  1.140110393681E+01 -1.904936567284E-15  3.269980776540E-02  1.303200870621E+02  1.014831094424E-01  1.275591480219E-01 -7.295397745049E-02 -7.898949646423E-04  3.735456034741E-01  1.326313092917E+00 -2.880569122666E-03 -1.652229817923E-03  4.532798940597E-03 -1.051787759974E-02 -2.236761687940E-04  1.049842746753E-06 -4.984988499712E-06 -4.204258592981E-06  5.925209778237E-02 -1.049842746823E-06  1.322245921013E-03  1.491626167242E-20 -1.121998713985E-21 -4.517695382188E-21 -6.567331756915E-04
  3.502121690058E+02  3.545253515409E+02  1.143219948059E+01 -1.789934881447E-15  3.276964950121E-02  1.310228519019E+02  1.004653307557E-01  1.277957541693E-01 -7.217942036468E-02 -8.460826865928E-04  3.756557358888E-01  1.336671647372E+00 -3.016488582095E-03 -9.140693382526E-04  3.930557920331E-03 -1.051282336199E-02  4.346677353743E-05  6.009098061288E-07 -5.055531221535E-06 -5.147666413236E-06  5.914246314742E-02 -6.009098046192E-07  2.197230980243E-05  1.368461216702E-21 -9.528462624965E-21 -8.364621440261E-21 -6.648758218838E-04
  3.588385340760E+02  3.632811120872E+02  1.146487765839E+01 -1.721787209336E-15  3.273138661417E-02  1.317637224597E+02  9.942598109063E-02  1.272855832031E-01 -7.132622928684E-02 -9.023599170372E-04  3.770547058031E-01  1.347070006720E+00 -3.172307016305E-03 -2.467779085088E-04  3.419084924850E-03 -1.075552956013E-02  6.866880587889E-05  1.141075307507E-06 -4.801792819875E-06 -4.823117517642E-06  5.866176479126E-02 -1.141075306906E-06 -9.866094783011E-06  1.260972861059E-20 -5.264505031171E-21 -1.353181460349E-20 -6.674841804245E-04
  3.677236900983E+02  3.722995454498E+02  1.149735096385E+01 -1.713294725999E-15  3.277214650919E-02  1.325017591910E+02  9.834397170933E-02  1.267083932738E-01 -7.048723723540E-02 -9.393714890543E-04  3.793037515963E-01  1.354384009242E+00 -3.400189969716E-03  4.366062742837E-04  2.963583695532E-03 -1.055126023967E-02  9.570812498919E-05  1.330523025814E-06 -4.328153180469E-06 -3.897234501515E-06  5.620683769960E-02 -1.330523025987E-06 -6.503115658002E-04  1.441362785934E-20 -3.106467369507E-21 -1.436091379129E-20 -6.488033960034E-04
  3.768754008012E+02  3.815885318133E+02  1.152918236741E+01 -1.716744657311E-15  3.199533647677E-02  1.332271866598E+02  9.707352801266E-02  1.259956834791E-01 -6.954549745501E-02 -9.492021908077E-04  3.719389498568E-01  1.365715850868E+00 -3.629859011319E-03  1.108535532103E-03  2.521323479242E-03 -1.024534776856E-02  2.500572632710E-04  1.749165480267E-07 -3.911739084883E-06 -3.249626705499E-06  5.490290173470E-02 -1.749165489494E-07 -1.588012486748E-03  1.861778190765E-20 -5.766547818589E-21 -1.345609548413E-20 -6.423597230748E-04
  3.863016628253E+02  3.911561877677E+02  1.156204232103E+01 -1.598692387963E-15  3.089762379879E-02  1.339791336046E+02  9.558416313553E-02  1.251034950463E-01 -6.861024995285E-02 -9.900159284307E-04  3.611613663722E-01  1.382452431610E+00 -3.754304234966E-03  1.780489599784E-03  1.973814635284E-03 -1.037051249019E-02  2.790251523597E-04  6.757324132110E-09 -3.350946133206E-06 -1.280871723686E-06  5.470344205138E-02 -6.757322765299E-09 -2.060502552302E-03  1.573444845590E-20 -3.228299566809E-21 -1.970788468445E-20 -6.516123572932E-04
  3.960107127100E+02  4.010108734007E+02  1.159555523652E+01 -1.471229821998E-15  2.948896329885E-02  1.347485129765E+02  9.400169442432E-02  1.241063180717E-01 -6.758621826775E-02 -9.892192265967E-04  3.466630388758E-01  1.404405167454E+00 -3.862085512846E-03  2.479316964986E-03  1.382768547954E-03 -1.047554518601E-02  3.044335941540E-04  3.328561013711E-07 -2.676459986920E-06 -2.134852148072E-06  5.476251211216E-02 -3.328561001741E-07 -2.043972940098E-03  2.156646048197E-20 -5.724517493625E-21 -2.465571444867E-20 -6.609490674249E-04
  4.060110340913E+02  4.111611996027E+02  1.163048479886E+01 -1.535586039112E-15  2.834164213414E-02  1.355524984463E+02  9.249440375133E-02  1.226965633274E-01 -6.654650053009E-02 -9.931535886187E-04  3.350386756978E-01  1.421592920764E+00 -3.995051467384E-03  3.151632612425E-03  8.434188549250E-04 -1.063806584903E-02  2.503589481156E-04  6.825417266911E-08 -1.992352418206E-06 -1.695362628310E-06  5.369563204297E-02 -6.825417403069E-08 -2.120279170689E-03  3.057646032476E-20 -5.413728897063E-21 -3.292928782509E-20 -6.587644258501E-04
  4.163113651141E+02  4.216160355908E+02  1.166469439228E+01 -1.657035186148E-15  2.676272219622E-02  1.363424207975E+02  9.118763464600E-02  1.211051612636E-01 -6.546085775901E-02 -9.602085023371E-04  3.174752464186E-01  1.440403301903E+00 -4.143312114708E-03  3.785654198193E-03  3.576579165302E-04 -1.046068930478E-02  3.049600889955E-04  6.167068501274E-08 -1.277946122935E-06  4.204627294529E-07  5.302624524978E-02 -6.167068476855E-08 -2.298156278043E-03  2.221515404603E-20 -7.376892218780E-21 -2.593577838653E-20 -6.608653359639E-04
  4.269207060675E+02  4.323845166585E+02  1.170082078343E+01 -1.757497070330E-15  2.530101188959E-02  1.371791491948E+02  9.000675976732E-02  1.198981263571E-01 -6.430656746717E-02 -9.454064470474E-04  3.011186719251E-01  1.461337805104E+00 -4.273599899775E-03  4.463722874338E-03 -1.901229745126E-04 -1.072276098676E-02  2.520719528528E-04  4.492698392009E-07 -8.369168749046E-07 -2.255736776909E-08  5.282276406505E-02 -4.492698411317E-07 -1.969293447366E-03  2.593527674279E-20 -1.285649620581E-21 -3.130130867839E-20 -6.707354289455E-04
  4.378483272495E+02  4.434760521583E+02  1.173686692434E+01 -1.905068406268E-15  2.407826895372E-02  1.380174573210E+02  8.879646994583E-02  1.186572275219E-01 -6.313395944640E-02 -9.343325601239E-04  2.872865030250E-01  1.481392576100E+00 -4.421718149508E-03  5.100315347249E-03 -6.785971977353E-04 -1.069935632655E-02  2.107636303065E-04 -5.234101974887E-07 -8.327433330793E-07 -1.169973831795E-06  5.191017575978E-02  5.234101986031E-07 -2.918659943429E-03  2.926411860119E-20 -3.092384600916E-21 -3.917492236060E-20 -6.720630669315E-04
  4.491037770670E+02  4.549003337230E+02  1.177386317045E+01 -2.060194318384E-15  2.118642650453E-02  1.388798231941E+02  8.756766876669E-02  1.175055331109E-01 -6.188878001531E-02 -9.146737217806E-04  2.541279039826E-01  1.503832619409E+00 -4.435368543516E-03  5.665734877642E-03 -1.230366334161E-03 -1.080478695799E-02  5.201245436677E-04 -1.662471394147E-06 -1.018328870274E-06 -1.598701490572E-06  5.148204980129E-02  1.662471391193E-06 -4.051740487509E-03  2.821524268016E-20 -8.342321553796E-21 -3.839527925847E-20 -6.758304066972E-04
  4.606968903790E+02  4.666673437347E+02  1.181146738085E+01 -2.097276056527E-15  1.818837094925E-02  1.397592129381E+02  8.639049868437E-02  1.163208031181E-01 -6.062972828698E-02 -9.150805059290E-04  2.198203793435E-01  1.526976635721E+00 -4.575315649160E-03  6.252953930542E-03 -1.677638281458E-03 -1.083215141681E-02  5.590276177710E-04 -1.809930426224E-06 -1.324758779340E-06 -1.209446477588E-06  5.041035366198E-02  1.809930425634E-06 -4.027837770930E-03  2.984858398277E-20 -9.731217772690E-21 -3.516352876208E-20 -6.733614851399E-04
  4.726377970904E+02  4.787873640468E+02  1.184910724810E+01 -1.918556025854E-15  1.516763055441E-02  1.406422302175E+02  8.516695570215E-02  1.142524460201E-01 -5.931852894581E-02 -8.876778816437E-04  1.843822873579E-01  1.560396469139E+00 -4.729604996617E-03  6.908564518379E-03 -2.178959521784E-03 -1.081164277147E-02  6.534134109207E-04 -4.734933312477E-07 -1.278809582965E-06 -1.367992276245E-06  5.046956983136E-02  4.734933323620E-07 -5.153636931339E-03  2.373307916539E-20 -9.872170575575E-21 -3.720258381435E-20 -6.907472263952E-04
  4.849369310031E+02  4.912709849682E+02  1.188905728094E+01 -1.558270006086E-15  1.026888689045E-02  1.415825760071E+02  8.388839372670E-02  1.125372072105E-01 -5.798991690871E-02 -8.886711966593E-04  1.268643737671E-01  1.592708976130E+00 -4.792205419778E-03  7.502923577258E-03 -2.710718157466E-03 -1.125815109017E-02  8.988764714755E-04 -3.681438217572E-07 -6.193080818518E-07 -6.687529932529E-07  5.093606469165E-02  3.681438221998E-07 -5.709353078071E-03  1.646589319427E-20 -8.204950664951E-21 -3.814241256999E-20 -7.104039916119E-04
  4.976050389332E+02  5.041291145172E+02  1.192975570848E+01 -1.002583866622E-15  6.133403885237E-03  1.425438291764E+02  8.256232344559E-02  1.106820990474E-01 -5.660857619255E-02 -8.534801975724E-04  7.776683933265E-02  1.622644306935E+00 -4.929750252141E-03  8.053827137458E-03 -3.124076885278E-03 -1.148467095439E-02  8.601388650228E-04 -8.862834698631E-07 -1.898786775202E-07  3.878111795572E-07  5.075087136706E-02  8.862834726333E-07 -6.353102577176E-03  2.282456277709E-20 -1.309662576720E-20 -2.956530937775E-20 -7.221239084781E-04
  5.106531901012E+02  5.173729879527E+02  1.197183509249E+01 -5.553426642158E-16 -8.245652375349E-05  1.435406608606E+02  8.139799280358E-02  1.088413614548E-01 -5.519029206159E-02 -8.374266105145E-04  2.845115584519E-03  1.646648494276E+00 -4.917609714462E-03  8.365618746155E-03 -3.448009031613E-03 -1.155963078234E-02  1.218540275272E-03 -1.567254787805E-07 -2.628534656915E-07  1.029857470697E-06  5.031177108496E-02  1.567254801712E-07 -7.207957915823E-03  2.787856403291E-20 -1.177334276098E-20 -4.557520137609E-20 -7.147297495745E-04
  5.240927858042E+02  5.310141775913E+02  1.201428908190E+01 -4.566374766738E-16 -5.972672388939E-03  1.445506946955E+02  8.020898459465E-02  1.067791756800E-01 -5.371789826607E-02 -8.066662335423E-04 -6.834907293180E-02  1.670261011907E+00 -4.953868309135E-03  8.675867596666E-03 -3.721999287561E-03 -1.130046420094E-02  1.128299858507E-03 -1.357279658513E-06 -7.188577192845E-07  2.624738434454E-06  4.924475169157E-02  1.357279658400E-06 -6.113875237851E-03  2.623859305696E-20 -6.499555690152E-21 -3.880919927841E-20 -7.043889705085E-04
  5.379355693784E+02  5.450646029190E+02  1.205705476215E+01 -4.456247292469E-16 -1.066795755806E-02  1.455728621096E+02  7.870410246092E-02  1.057118217234E-01 -5.223577265606E-02 -7.843542614399E-04 -1.256113523306E-01  1.692255144004E+00 -4.970535085822E-03  9.021242717624E-03 -4.050707631815E-03 -1.124218640840E-02  8.883925100750E-04 -1.336881224945E-06 -1.581145197105E-06  2.816117401569E-06  4.744689522573E-02  1.336881224826E-06 -4.465032449513E-03  1.558539816151E-20 -8.306007690672E-21 -3.310122058619E-20 -6.932157815566E-04
  5.521936364597E+02  5.595365410066E+02  1.209885269091E+01 -2.673570277204E-16 -1.394229583231E-02  1.465750632315E+02  7.700287499301E-02  1.042439764475E-01 -5.064455925840E-02 -7.239023216505E-04 -1.659515644068E-01  1.722330953662E+00 -5.018907255241E-03  9.448206960505E-03 -4.429299705158E-03 -1.100573965399E-02  7.952177211924E-04  8.988930297107E-07 -2.050427338331E-06  2.257792701373E-06  4.660112323533E-02 -8.988930291265E-07 -3.530953921206E-03  1.744720701139E-20 -7.075701026311E-21 -3.336480851732E-20 -6.934189026866E-04
  5.668794455535E+02  5.743794455535E+02  1.214259708407E+01 -2.613592213023E-17 -1.715883210659E-02  1.476293600460E+02  7.520276536594E-02  1.031887630538E-01 -4.899615760826E-02 -7.453177094512E-04 -2.056746796292E-01  1.739644783709E+00 -4.923459588933E-03  9.593145209551E-03 -4.669685620593E-03 -1.119235229337E-02  6.613632344988E-04  2.551869929359E-06 -1.759869526077E-06  1.842303569054E-06  4.769609990786E-02 -2.551869928591E-06 -2.769075488183E-03  2.330802044465E-20 -6.332910229736E-21 -3.733814802241E-20 -7.132614036336E-04
  5.818794455535E+02  5.893794455535E+02  1.218828613309E+01  1.036562329026E-16 -1.913163191226E-02  1.487350215006E+02  7.330965186297E-02  1.024377120902E-01 -4.743401383412E-02 -7.480725921700E-04 -2.314740473842E-01  1.719019443248E+00 -4.830001998558E-03  9.384809594492E-03 -4.554807595944E-03 -1.136008404621E-02  3.552981385010E-04  1.331250094375E-06 -1.376799615276E-06  2.079419788750E-06  4.761248274525E-02 -1.331250094128E-06 -2.053688790441E-03  2.258684800955E-20 -1.183016989071E-20 -3.344415145556E-20 -6.936953809287E-04
  5.968794455535E+02  6.043794455535E+02  1.223187349914E+01  1.939683945869E-16 -2.101045366717E-02  1.497926467670E+02  7.121989857924E-02  1.010876432250E-01 -4.578468537315E-02 -7.690170166633E-04 -2.554342554175E-01  1.698183565101E+00 -4.620254857572E-03  9.109943908409E-03 -4.489689050932E-03 -1.087656513342E-02  4.535170401591E-04  1.389044005181E-06 -1.181074926322E-06  2.073219328348E-06  4.775667063594E-02 -1.389044004859E-06 -1.683644346224E-03  1.248921535300E-20 -1.552268870932E-20 -3.450429112735E-20 -6.855975143997E-04
  6.118794455535E+02  6.193794455535E+02  1.227781632899E+01  3.652786984924E-16 -2.229279074641E-02  1.509137477187E+02  6.897683196406E-02  9.907111292582E-02 -4.429668732536E-02 -7.363171456837E-04 -2.729086370239E-01  1.679750313145E+00 -4.451877410733E-03  8.893177461103E-03 -4.441300050364E-03 -1.109625239845E-02  3.701841631079E-04  3.111258222715E-07 -8.508682392162E-07  2.983286286576E-06  4.821762575447E-02 -3.111258222809E-07 -1.358721594658E-03  1.819669714476E-20 -7.595172397096E-21 -3.003570012263E-20 -6.828073895584E-04
  6.268794455535E+02  6.343794455535E+02  1.232227239107E+01  4.765146610630E-16 -2.355303140725E-02  1.520021728392E+02  6.669820364711E-02  9.757470597015E-02 -4.267408219865E-02 -7.603131151184E-04 -2.898014006215E-01  1.660552799805E+00 -4.402077645560E-03  8.775988048468E-03 -4.373910402924E-03 -1.070917047713E-02  3.137630442712E-04 -1.230422047917E-07 -3.266964325010E-07  3.135043282327E-06  4.754864524861E-02  1.230422050569E-07 -7.796249596894E-04  8.328978929052E-21 -8.684613552593E-21 -3.495491089657E-20 -6.672765906263E-04
  6.418794455535E+02  6.493794455535E+02  1.236697627815E+01  4.253466791745E-16 -2.375151452114E-02  1.531012850692E+02  6.445493449136E-02  9.398944707595E-02 -4.112022817109E-02 -7.104406621693E-04 -2.939425271680E-01  1.633878593110E+00 -4.311756203257E-03  8.526578026747E-03 -4.214821823522E-03 -1.052527411813E-02  1.499726102468E-04 -1.659709894735E-06  3.010432290260E-07 -2.763694872227E-07  4.616078412438E-02  1.659709893522E-06  2.108212350464E-04  1.855655403602E-20 -8.287760396109E-21 -2.881067583751E-20 -6.370182470560E-04
  6.568794455535E+02  6.643794455535E+02  1.240882379448E+01  3.895736453337E-16 -2.316167262587E-02  1.541316948799E+02  6.223149298438E-02  8.990306218055E-02 -3.951580468172E-02 -6.914160049756E-04 -2.880329900216E-01  1.604765294562E+00 -4.382107987347E-03  8.355046319980E-03 -3.972938332659E-03 -9.873048367372E-03 -6.154248059280E-05 -6.314606417338E-07  1.040584292091E-06 -6.718898962518E-07  4.298662733070E-02  6.314606422106E-07  9.278586726155E-04  1.411769374644E-20 -7.103600602613E-21 -3.197490370432E-20 -5.927754213183E-04
  6.718794455535E+02  6.793794455535E+02  1.244757919297E+01  4.718735529633E-16 -2.201908266457E-02  1.550892158852E+02  6.015651792689E-02  8.604201675435E-02 -3.789883772159E-02 -6.753607543473E-04 -2.756661813584E-01  1.556305246456E+00 -4.331710298078E-03  7.893989880058E-03 -3.562279581979E-03 -9.005882138611E-03 -1.647011265664E-04  3.010472035208E-08  1.533156798330E-06 -6.292565732351E-07  3.907769057383E-02 -3.010472094295E-08  1.179213338490E-03  8.318277790572E-21 -6.211262203087E-21 -2.892865802638E-20 -5.330892183282E-04
  6.868794455535E+02  6.943794455535E+02  1.248211095874E+01  5.100663814928E-16 -2.095710445990E-02  1.559444656858E+02  5.816935881360E-02  8.285201566547E-02 -3.624683302052E-02 -6.688868770329E-04 -2.636666087219E-01  1.515352276342E+00 -4.215350536565E-03  7.565530760548E-03 -3.350180224005E-03 -8.085698194870E-03 -8.942186253185E-05  5.466011472838E-07  1.469997551088E-06 -3.193447297014E-07  3.721438471276E-02 -5.466011473494E-07  3.244312138935E-04  1.270473364718E-20 -1.264601460558E-21 -2.774511118253E-20 -4.961565597197E-04
  7.018794455535E+02  7.093794455535E+02  1.251736160025E+01  4.422771466191E-16 -2.140991707957E-02  1.568201517072E+02  5.618045485798E-02  7.933421168265E-02 -3.451826618128E-02 -5.847533755231E-04 -2.700785688719E-01  1.487294113710E+00 -4.093423166720E-03  7.388393643823E-03 -3.294970477100E-03 -7.897145121149E-03  1.208036046349E-04  2.902693542827E-07  8.749703433020E-07 -1.052395285870E-06  3.626694329901E-02 -2.902693550050E-07  6.346445717568E-04  6.598263932156E-21 -6.833293977409E-22 -2.242111550118E-20 -4.782310428121E-04
  7.168794455535E+02  7.243794455535E+02  1.255010244748E+01  4.966189496673E-16 -1.976754239475E-02  1.576363700354E+02  5.426071730995E-02  7.564715005945E-02 -3.280094997006E-02 -6.300852945311E-04 -2.504741022478E-01  1.454913676975E+00 -3.886982183417E-03  7.056141579894E-03 -3.169159396517E-03 -7.392539763120E-03 -2.053290071898E-04  1.511924803141E-07  1.495362710607E-07 -2.072649735000E-07  3.533683215967E-02 -1.511924795857E-07  1.938416406752E-03  1.040663447425E-20 -3.479642089051E-21 -2.108600920063E-20 -4.583986998253E-04
  7.318794455535E+02  7.393794455535E+02  1.258360944996E+01  5.919917334118E-16 -1.777593910940E-02  1.584739468147E+02  5.231673080333E-02  7.256807275255E-02 -3.107043894805E-02 -5.823376121519E-04 -2.262392622737E-01  1.416225610819E+00 -3.674569591045E-03  6.783246829421E-03 -3.108677238379E-03 -7.242017871218E-03 -3.710926656482E-04 -2.643036758190E-08 -8.825309844318E-08  1.295516249297E-06  3.412591852137E-02  2.643036690186E-08  2.505151580822E-03  4.763263497498E-21 -4.227178072939E-21 -2.681788343289E-20 -4.343088576693E-04
  7.468794455535E+02  7.543794455535E+02  1.261408797676E+01  6.568927982583E-16 -1.506614247483E-02  1.592369825597E+02  5.037865197633E-02  6.880843229841E-02 -2.929656258879E-02 -5.746170568929E-04 -1.924992727129E-01  1.384668888935E+00 -3.538904971989E-03  6.538602797870E-03 -2.999697825863E-03 -6.646131105129E-03 -4.538231274257E-04 -9.896587947176E-08 -2.881217493452E-09  1.821980017011E-06  3.213912794505E-02  9.896588023966E-08  3.445114249040E-03  1.129245600471E-20 -4.063090969451E-21 -2.624540656805E-20 -4.053796421799E-04
  7.618794455535E+02  7.693794455535E+02  1.264387006602E+01  6.924912032691E-16 -1.131460717100E-02  1.599831986263E+02  4.846821248982E-02  6.578026433135E-02 -2.756633485660E-02 -5.547857968828E-04 -1.458514734426E-01  1.351810184972E+00 -3.363164740391E-03  6.260047652106E-03 -2.896882911724E-03 -6.328047164393E-03 -4.777863954506E-04  5.532000878079E-08  3.872104868109E-07  1.226824497616E-06  3.115261697776E-02 -5.532000918612E-08  4.772728253724E-03  8.448960919512E-21 -3.804673976799E-21 -2.339449224306E-20 -3.838345834599E-04
  7.768794455535E+02  7.843794455535E+02  1.267249761882E+01  6.144337064603E-16 -6.121606131167E-03  1.607025471042E+02  4.645066314963E-02  6.352485347388E-02 -2.576635506436E-02 -5.230989178766E-04 -8.104179350533E-02  1.316050756177E+00 -3.206552693942E-03  6.014653061493E-03 -2.808100367564E-03 -5.949832595269E-03 -7.112718583741E-04  5.414301274712E-07  3.930707127392E-07  5.300043330185E-07  2.933835309960E-02 -5.414301281521E-07  5.193415186944E-03  6.998292391931E-21 -3.516719571459E-21 -2.743554672653E-20 -3.579086960285E-04
  7.918794455535E+02  7.993794455535E+02  1.269888005011E+01  5.223974464813E-16 -1.577034427580E-03  1.613666825129E+02  4.422055099546E-02  6.091917140330E-02 -2.400983150501E-02 -5.015204164010E-04 -2.404010384616E-02  1.282642773940E+00 -3.059127608996E-03  5.819433783403E-03 -2.760306174396E-03 -5.517531837436E-03 -6.840760798691E-04  5.351318649987E-07 -9.732071714866E-08  1.281179221678E-06  2.841515024197E-02 -5.351318644820E-07  4.743668435261E-03  3.147176471068E-21 -2.595558597190E-21 -2.432030539167E-20 -3.404523512927E-04
  8.068794455535E+02  8.143794455535E+02  1.272577214352E+01  4.674376481948E-16  2.781954539131E-03  1.620445271509E+02  4.182548055483E-02  5.798257553054E-02 -2.223609631787E-02 -4.140380302170E-04  3.135802440999E-02  1.255038160036E+00 -2.917798826666E-03  5.615403858743E-03 -2.697605032097E-03 -5.384705583078E-03 -5.787482157886E-04 -2.767230709443E-07 -2.404258557638E-07 -1.072163034296E-07  2.737219159285E-02  2.767230699146E-07  3.494284676229E-03 -4.061584277908E-22 -4.782749245229E-21 -1.912151048177E-20 -3.264207727545E-04
  8.218794455535E+02  8.293794455535E+02  1.275020251717E+01  3.654987915334E-16  4.982843581493E-03  1.626622686707E+02  3.934937656472E-02  5.497913591363E-02 -2.048645852398E-02 -4.232432018598E-04  5.946920773944E-02  1.224047618370E+00 -2.857977540807E-03  5.456576283255E-03 -2.598598742467E-03 -5.038238585848E-03 -3.155055841355E-04 -2.940654944367E-07 -4.347940573132E-07  1.347299958541E-06  2.596034383357E-02  2.940654941894E-07  1.467905849497E-03 -1.953119737474E-21 -2.531379943671E-21 -2.086318248313E-20 -3.085094609741E-04
  8.368794455535E+02  8.443794455535E+02  1.277445912648E+01  3.372327735350E-16  5.536582177932E-03  1.632760965784E+02  3.688986145389E-02  5.188470115174E-02 -1.868189740970E-02 -3.919750272099E-04  6.730796478906E-02  1.194290646397E+00 -2.783742379141E-03  5.263008957990E-03 -2.479266578891E-03 -4.829286022893E-03 -6.377021820640E-05 -3.240354794735E-07 -8.487273230207E-07  1.645745144278E-06  2.566205788002E-02  3.240354787485E-07 -5.111506409274E-04  6.622559207661E-21 -4.605677724327E-21 -2.577237757151E-20 -2.932969837306E-04
  8.518794455535E+02  8.593794455535E+02  1.279832212966E+01  4.380148587585E-16  4.024042704742E-03  1.638814825797E+02  3.438285195696E-02  4.909061435725E-02 -1.687504914218E-02 -3.532462276409E-04  4.831704198881E-02  1.158857218478E+00 -2.635155315908E-03  4.955856804992E-03 -2.320701489071E-03 -4.549364211526E-03  1.885903388716E-04 -7.148202817248E-07 -7.462715318472E-07  1.792970489639E-06  2.572869916782E-02  7.148202819195E-07 -6.620970883656E-04 -1.718159398098E-21 -2.871187172086E-21 -2.856987527757E-20 -2.799840339906E-04
  8.668794455535E+02  8.743794455535E+02  1.282268865977E+01  5.352782019713E-16  4.293615215355E-03  1.645009824391E+02  3.184019961004E-02  4.640751517121E-02 -1.512158033714E-02 -3.521871397825E-04  5.234522170068E-02  1.125659878457E+00 -2.500007827947E-03  4.716888521997E-03 -2.216880694072E-03 -4.379366610174E-03  5.892860079725E-05 -5.512429047009E-07 -1.411191688200E-07  2.626123204256E-06  2.474506597478E-02  5.512429037039E-07 -7.094364948386E-04 -4.116892079098E-21 -4.816427768472E-23 -2.071381578654E-20 -2.591852830193E-04
  8.818794455535E+02  8.893794455535E+02  1.284471381892E+01  5.333049540174E-16  2.691722393667E-03  1.650616818595E+02  2.932607580830E-02  4.421155351113E-02 -1.329788175284E-02 -3.405080532785E-04  3.251424664368E-02  1.090259119702E+00 -2.388038226605E-03  4.486488845351E-03 -2.098450618717E-03 -3.936502119437E-03  1.538873004467E-04 -9.521632413541E-07  1.790367052860E-07  1.936240135960E-06  2.348884578838E-02  9.521632413499E-07 -8.971994724902E-04 -6.710808310075E-21 -1.198739792378E-22 -1.794880058346E-20 -2.403962843809E-04
  8.968794455535E+02  9.043794455535E+02  1.286673856026E+01  5.011755622777E-16  2.614993666001E-03  1.656243354408E+02  2.677093169423E-02  4.191438083257E-02 -1.153746558005E-02 -3.446676852734E-04  3.184332081116E-02  1.060793691216E+00 -2.283344573907E-03  4.239947497659E-03 -1.956602923772E-03 -3.734387882851E-03  5.732245123703E-05 -1.976578478179E-07  5.066808377068E-07  9.690132783455E-07  2.121815807544E-02  1.976578465156E-07  1.393668006916E-05 -5.627619674103E-21 -9.459976289383E-22 -1.358940441055E-20 -2.169064494175E-04
  9.118794455535E+02  9.193794455535E+02  1.288450792096E+01  5.132386847693E-16  2.724793404691E-03  1.660782148237E+02  2.410402400290E-02  4.037539165332E-02 -9.708550428365E-03 -2.451001773769E-04  3.336982368431E-02  1.027197706236E+00 -2.148064690266E-03  4.000044374634E-03 -1.851979684330E-03 -3.201224975610E-03  1.705190826485E-05  2.121485630934E-07  6.606977394376E-07  1.545738970277E-06  1.958848326206E-02 -2.121485626174E-07  5.375354238044E-04 -7.083056121105E-21  1.740568853741E-21 -1.655876093936E-20 -1.966719051370E-04
  9.268794455535E+02  9.343794455535E+02  1.290346772059E+01  5.403567133674E-16  3.626215452949E-03  1.665639542332E+02  2.111865361592E-02  3.952771125295E-02 -7.895390023663E-03 -2.331394058041E-04  4.555088881009E-02  1.001461424062E+00 -2.019903549363E-03  3.807900737131E-03 -1.787997187785E-03 -3.096884379476E-03 -4.285563765931E-05  8.668732598226E-07  3.082375366887E-07  1.938858083407E-06  1.880107203243E-02 -8.668732606797E-07  4.473151711879E-04 -6.812000667662E-21 -3.837483584355E-22 -1.277662746512E-20 -1.815619222858E-04
  9.418794455535E+02  9.493794455535E+02  1.291975572387E+01  5.076410573730E-16  3.568727308265E-03  1.669814599277E+02  1.754778113318E-02  3.914282580516E-02 -6.092368918093E-03 -1.334627557889E-04  4.473802033146E-02  9.832546262357E-01 -2.009282458852E-03  3.688291305426E-03 -1.679008846581E-03 -2.722486336747E-03  7.110683724951E-05  1.021046298753E-06 -3.856549962152E-08  1.580427290515E-06  1.843186115515E-02 -1.021046298230E-06  2.128830650607E-04 -9.525045110553E-21  1.587407612819E-21 -1.395913599900E-20 -1.674455246024E-04
  9.568794455535E+02  9.643794455535E+02  1.293802782568E+01  4.013343296294E-16  4.030388705418E-03  1.674515189701E+02  1.325924056341E-02  3.898881152282E-02 -4.273810467936E-03 -1.327323948870E-04  5.093363062406E-02  9.736612543669E-01 -1.940440477322E-03  3.569312033381E-03 -1.628871556076E-03 -2.681085193721E-03  2.607672368611E-05  1.431325135836E-06 -2.826240788907E-07  6.899810715115E-07  1.985640684496E-02 -1.431325137619E-06 -7.361446038914E-04 -9.074017687705E-21  3.785989767621E-22 -1.057997466685E-20 -1.730244966551E-04
  9.718794455535E+02  9.793794455535E+02  1.295698554051E+01  2.365148730800E-16  2.189419143768E-03  1.679407807412E+02  7.981760566727E-03  4.130053790697E-02 -2.443404319021E-03 -5.413766519209E-05  2.723903527254E-02  1.033994090358E+00 -2.042384673100E-03  3.994284924406E-03 -1.951900251283E-03 -2.956205512013E-03  1.813517393795E-04 -2.842603945613E-07 -2.222967591267E-07 -5.268154385757E-07  2.487122911799E-02  2.842603944227E-07 -2.439307326843E-04 -3.026718525603E-21  8.453934365934E-22 -3.599504721879E-21 -2.235323132195E-04
  9.868794455535E+02  9.943794455535E+02  1.298465856938E+01  6.565341532146E-17  3.573483267520E-03  1.686609701716E+02  1.590515322003E-03  4.801097065502E-02 -6.643473580860E-04 -2.526182385643E-05  4.500234090741E-02  1.027867070861E+00 -2.380483611790E-03  4.333460555312E-03 -1.952976943496E-03 -3.777520812059E-03  2.079875429009E-05 -1.275941071490E-06 -2.130802185772E-08 -1.550726698304E-06  1.475889554385E-02  1.275941070244E-06  7.378377116028E-04 -6.037653643192E-21  7.041488817354E-23 -1.411771535999E-21 -1.103878392760E-04
