                   y                  ym                   U                   V                   W                 U^2                 V^2                 W^2                  UV                  VW                  UW                VISC               SFSxx               SFSyy               SFSzz               SFSxy               SFSyz                dUdX                dVdX                dWdX                dUdY                dVdY                dWdY                dUdZ                dVdZ                dWdZ              SFSxym
 -4.000000000000E+00 -2.000000000000E+00  0.000000000000E+00  0.000000000000E+00  0.000000000000E+00  0.000000000000E+00  0.000000000000E+00  0.000000000000E+00  0.000000000000E+00  0.000000000000E+00  0.000000000000E+00  0.000000000000E+00  0.000000000000E+00  0.000000000000E+00  0.000000000000E+00  0.000000000000E+00  0.000000000000E+00  0.000000000000E+00  0.000000000000E+00  0.000000000000E+00  0.000000000000E+00  0.000000000000E+00  0.000000000000E+00  0.000000000000E+00  0.000000000000E+00  0.000000000000E+00  0.000000000000E+00
  2.220446049250E-16  2.000000000000E+00  7.961290097000E+00 -1.613398397810E-15  6.596136722633E-03  6.432294328357E+01  1.723537877181E-02  2.342272345636E-01 -4.982159910722E-02 -9.294844144093E-05  5.645749762896E-02  3.931979957438E-01 -9.999145668282E-05  9.497812072916E-04 -8.497897505867E-04 -1.587555480894E+00  7.204756156360E-04 -2.268615321990E-04 -2.050264873932E-05  9.104376829732E-06  3.320315837225E+01  2.268615321491E-04  3.650892207695E-02  1.597846498195E-21 -2.370764367080E-21  5.785832308348E-22 -1.935284491798E-03
  4.000000000000E+00  6.000000000000E+00  8.640388436339E+00 -4.312108104104E-15  1.165517259799E-02  7.544440862612E+01  6.869328771130E-02  2.091068365424E-01 -9.103835948665E-02 -3.544744070169E-04  1.074186007665E-01  2.897576182192E+00  5.077475665508E-02 -7.007461940310E-02  1.929986274781E-02 -2.510927219638E-01 -2.963901185295E-02  6.441035554914E-05 -3.130631881037E-05 -4.786325052503E-07  1.842610510689E+00 -6.441035558877E-05  1.228186456146E-02 -4.112873009802E-21 -2.354885469243E-21  7.335641042871E-22 -1.903934101100E-02
  8.000000000000E+00  1.000000000000E+01  8.882525401192E+00 -6.266431223839E-15  1.273745886402E-02  7.957604306576E+01  8.067057070362E-02  1.897518072313E-01 -8.977028549776E-02 -2.717071032274E-04  1.201325454634E-01  3.048213787637E+00  3.347962001041E-02 -9.075464638391E-02  5.727502637280E-02 -1.693618577089E-01 -2.355472381534E-03  5.662286722461E-05 -1.621220126321E-05  1.271815572742E-06  9.286879887804E-01 -5.662286724098E-05  4.336233062948E-03  1.000236175609E-20 -2.497366877926E-21  1.146081227259E-20 -1.018949671781E-02
  1.200000000000E+01  1.400000000000E+01  9.104717290628E+00 -7.588998671606E-15  1.383347675489E-02  8.355129797596E+01  8.663574562428E-02  1.843032714186E-01 -9.530420806611E-02 -3.248655965151E-04  1.331430748117E-01  3.002444914026E+00  3.090981816189E-02 -8.396208122225E-02  5.305226306020E-02 -1.562508873159E-01  5.594458310431E-04  3.137372860941E-05 -8.139779034881E-06  2.001019071539E-06  7.708845725765E-01 -3.137372869365E-05  2.911569801601E-03  9.146101931963E-21 -3.164209934090E-21  1.997579676253E-20 -8.627770604405E-03
  1.600000000000E+01  1.800000000000E+01  9.267963947225E+00 -7.384951450614E-15  1.421473789718E-02  8.652351921903E+01  9.153047067686E-02  1.800008441779E-01 -9.502950124207E-02 -3.171220895431E-04  1.388889715827E-01  2.835815173921E+00  2.578346476389E-02 -7.452508944017E-02  4.874162467695E-02 -1.173320613062E-01  9.224038476872E-04  2.345111125981E-05 -4.031992955337E-06 -3.743691971547E-06  6.161265726430E-01 -2.345111124529E-05  1.432193264347E-03 -1.091676938283E-20 -2.685000794653E-21  2.302895215060E-20 -6.837491426427E-03
  2.000000000000E+01  2.200000000000E+01  9.412779484203E+00 -5.749259751543E-15  1.454926634077E-02  8.921574548703E+01  9.583981971504E-02  1.782273264841E-01 -9.668802441349E-02 -3.325363030335E-04  1.441682553652E-01  2.716758834797E+00  2.282324607080E-02 -6.752303649470E-02  4.469979042385E-02 -1.027892620344E-01  2.301612367658E-04  1.695472661885E-05 -1.704386303174E-06  2.722564309746E-08  5.302402255475E-01 -1.695472668588E-05  9.883243160620E-04 -8.292432095400E-21  1.285253498110E-21  3.623965901766E-20 -5.878444358722E-03
  2.400000000000E+01  2.600000000000E+01  9.533072018656E+00 -3.708694791520E-15  1.469869903550E-02  9.148187242951E+01  9.955186813856E-02  1.769383974333E-01 -9.672204173477E-02 -3.327825757670E-04  1.472567202568E-01  2.594744583238E+00  1.994697440600E-02 -6.162787830387E-02  4.168090389793E-02 -8.539970824703E-02  2.819319177363E-04  1.011477748708E-05 -1.406673071704E-07  7.583875803660E-08  4.556226956741E-01 -1.011477744279E-05  5.866191457054E-04 -1.499239921827E-21 -2.018799057858E-21  3.968960004009E-20 -5.015597206072E-03
  2.800000000000E+01  3.000000000000E+01  9.640567607143E+00 -1.550026563988E-15  1.482962005103E-02  9.353409119633E+01  1.026226328408E-01  1.761067622638E-01 -9.724014877305E-02 -3.307764645811E-04  1.503887537394E-01  2.498457405155E+00  1.785558574515E-02 -5.705177915724E-02  3.919619341207E-02 -7.563371889179E-02  8.078982944900E-05  7.773303418177E-06  1.135291358968E-06 -2.819273727009E-06  4.049022810985E-01 -7.773303479195E-06  3.589504195213E-04  3.864176851337E-21 -1.210580595803E-21  4.685358343134E-20 -4.434816373609E-03
  3.200000000000E+01  3.400000000000E+01  9.735511312947E+00  8.823326364966E-16  1.486951314987E-02  9.536598986980E+01  1.051168692287E-01  1.754903124762E-01 -9.724395912918E-02 -3.300191187831E-04  1.523185366758E-01  2.409919578392E+00  1.606407868739E-02 -5.315887615325E-02  3.709479746587E-02 -6.648830124554E-02 -1.776158879125E-05  7.166918960573E-06  2.024731653693E-06 -1.426935747362E-06  3.627095965467E-01 -7.166918861726E-06  3.169613548678E-04  1.668128317257E-21 -9.072274619005E-21  4.498179918241E-20 -3.948158588180E-03
  3.600000000000E+01  3.800000000000E+01  9.821917192799E+00  3.443021324227E-15  1.498838471878E-02  9.705007916819E+01  1.071112278979E-01  1.747884136713E-01 -9.733573801425E-02 -3.237457292527E-04  1.548353176356E-01  2.334540835734E+00  1.473108812969E-02 -4.987872063467E-02  3.514763250453E-02 -6.013260583228E-02 -7.426806332097E-05  5.158873103853E-06  2.819640714887E-06  3.584444159318E-07  3.297646675842E-01 -5.158873137883E-06  8.569040198151E-04  8.388875058067E-21 -1.118581187309E-21  4.769875973924E-20 -3.582598626385E-03
  4.000000000000E+01  4.200000000000E+01  9.900398607082E+00  4.588106982363E-15  1.529874100219E-02  9.859291983516E+01  1.086850660213E-01  1.741096999909E-01 -9.723921470715E-02 -3.236144331945E-04  1.593824842949E-01  2.265312301808E+00  1.351283733262E-02 -4.701768267695E-02  3.350484534406E-02 -5.461561941677E-02 -1.796948903100E-04  5.922139142933E-06  3.096886978882E-06  5.779993383606E-07  3.031566289271E-01 -5.922139064254E-06  1.304187948399E-03 -5.750894320404E-21 -1.339640847175E-21  4.931887797198E-20 -3.281139993573E-03
  4.400000000000E+01  4.600000000000E+01  9.973513773973E+00  3.670344606856E-15  1.564410531894E-02  1.000420447380E+02  1.099396574265E-01  1.735280727895E-01 -9.715407398077E-02 -3.051667901603E-04  1.641945839039E-01  2.204217832291E+00  1.241119413302E-02 -4.456291651854E-02  3.215172238515E-02 -5.047288569495E-02 -2.677547654393E-04  1.513759698665E-06  2.110034792111E-06 -7.828608898459E-07  2.816893093658E-01 -1.513759708904E-06  1.554526250697E-03  4.883615744813E-21 -1.975050531716E-21  4.743377102716E-20 -3.028635371946E-03
  4.800000000000E+01  5.000000000000E+01  1.004125393903E+01  2.984417870530E-15  1.607984292087E-02  1.013943811708E+02  1.109140877233E-01  1.729916008880E-01 -9.700661173899E-02 -3.029545355168E-04  1.697190703307E-01  2.146447112485E+00  1.148225358693E-02 -4.235747437589E-02  3.087522078921E-02 -4.650088005994E-02 -2.995947602807E-04  4.726846460064E-06  8.545938782002E-07 -9.524489189521E-07  2.621050160908E-01 -4.726846492566E-06  1.586881267084E-03  4.937953917736E-22 -2.748333861924E-21  5.177669411355E-20 -2.804994902471E-03
  5.200000000000E+01  5.400000000000E+01  1.010457629291E+01  3.702818506095E-15  1.644079200238E-02  1.026678098206E+02  1.116177170019E-01  1.722553305259E-01 -9.684031941312E-02 -2.766089979657E-04  1.742787039549E-01  2.095558289784E+00  1.072067212827E-02 -4.038547895084E-02  2.966480682267E-02 -4.328238988737E-02 -2.530178625169E-04  8.666923554433E-07 -1.723263298582E-07 -2.124149701025E-06  2.464954509796E-01 -8.666922301132E-07  1.259094821422E-03  3.676250495841E-21 -2.116938955457E-21  4.657390910903E-20 -2.620847295865E-03
  5.600000000000E+01  5.800000000000E+01  1.016451379493E+01  3.776311737633E-15  1.671143656976E-02  1.038807789270E+02  1.120970452341E-01  1.714610690877E-01 -9.665687169496E-02 -2.734946795906E-04  1.779850348643E-01  2.046874073529E+00  9.990665552914E-03 -3.859519223789E-02  2.860452668498E-02 -4.057939214059E-02 -2.489661628472E-04 -4.461824265646E-07 -1.383584400149E-06 -3.465708622150E-06  2.331937692708E-01  4.461823409259E-07  1.195203703347E-03 -5.900888503834E-21 -6.002965779288E-21  5.242422187559E-20 -2.452796963499E-03
  6.000000000000E+01  6.200000000000E+01  1.022117400684E+01  2.806510286755E-15  1.704292810159E-02  1.050343004000E+02  1.124139330923E-01  1.706018828525E-01 -9.645264079856E-02 -2.489208420673E-04  1.822079239526E-01  2.002096064677E+00  9.357791366899E-03 -3.699705924155E-02  2.763926787472E-02 -3.796504643854E-02 -2.868007517612E-04 -2.496573641245E-06 -2.388583842537E-06 -4.008608911213E-06  2.205886276368E-01  2.496573530944E-06  1.409627535147E-03  3.767697444268E-21 -4.201678801283E-21  4.709939669708E-20 -2.302444026204E-03
  6.400000000000E+01  6.600000000000E+01  1.027480808024E+01  1.330140840499E-15  1.741890867044E-02  1.061317452712E+02  1.126121691712E-01  1.698188769795E-01 -9.621278601651E-02 -2.529519848045E-04  1.869850258429E-01  1.961245432285E+00  8.768604416401E-03 -3.559336162243E-02  2.682475720574E-02 -3.570298344272E-02 -2.983555866681E-04  1.027854105314E-07 -2.703677529687E-06 -5.012727241287E-06  2.092107295504E-01 -1.027855529788E-07  1.133816860886E-03  9.170951004893E-21 -2.531505074718E-21  5.305507912408E-20 -2.167694483249E-03
  6.800000000000E+01  7.000000000000E+01  1.032578123566E+01  4.472798361433E-16  1.760364186439E-02  1.071799089512E+02  1.127200912495E-01  1.690711660812E-01 -9.598670862818E-02 -2.296800905472E-04  1.898049264359E-01  1.921706688582E+00  8.289724653844E-03 -3.425677484349E-02  2.596705018962E-02 -3.370656515897E-02 -2.147360969817E-04  2.359561904623E-06 -2.713257075896E-06 -2.826261734327E-06  1.996844164711E-01 -2.359561849140E-06  1.086479428269E-04  1.489382578413E-20 -1.290541281965E-23  5.971143887401E-20 -2.052039304023E-03
  7.200000000000E+01  7.400000000000E+01  1.037465310047E+01  1.883736927295E-15  1.746640794307E-02  1.081899415360E+02  1.127522469524E-01  1.684031661210E-01 -9.574403269481E-02 -2.443981454062E-04  1.894204505995E-01  1.883413392793E+00  7.841559859760E-03 -3.297300753667E-02  2.513144767693E-02 -3.198865852684E-02 -8.165045249007E-05  4.642854200129E-06 -3.160844017738E-06 -2.333659743574E-06  1.912143701129E-01 -4.642854213125E-06 -1.139745406391E-03  1.980138852090E-21 -3.860688833319E-21  5.440971728597E-20 -1.947923542063E-03
  7.600000000000E+01  7.800000000000E+01  1.042138574832E+01  4.751221804588E-15  1.702774840260E-02  1.091595107167E+02  1.127314864212E-01  1.677070049941E-01 -9.549048725903E-02 -2.361641232325E-04  1.858814414639E-01  1.847939682291E+00  7.338471379967E-03 -3.174653449258E-02  2.440806311256E-02 -3.033288850359E-02  7.918935333414E-05  1.204388478318E-06 -3.936077892838E-06 -2.761735605748E-06  1.830718286081E-01 -1.204388374208E-06 -1.930155484562E-03  1.513097651724E-20 -1.699545901184E-21  4.285796833732E-20 -1.846709470912E-03
  8.000000000000E+01  8.200000000000E+01  1.046618333372E+01  6.183484569285E-15  1.649279173830E-02  1.100931797506E+02  1.126728314605E-01  1.668779979981E-01 -9.524275032557E-02 -2.358945643289E-04  1.813867295502E-01  1.815106191785E+00  6.909469631835E-03 -3.070792559997E-02  2.379845596825E-02 -2.875709622615E-02  8.617991919795E-05  1.145796748146E-06 -4.414994737980E-06 -4.891012505769E-06  1.753528546557E-01 -1.145796827529E-06 -2.381236545300E-03  4.436114956244E-21 -6.793758713115E-21  5.545333123660E-20 -1.751078770399E-03
  8.400000000000E+01  8.600000000000E+01  1.050905090135E+01  8.272142483443E-15  1.582975212198E-02  1.109900083141E+02  1.125806804594E-01  1.658438580311E-01 -9.498284295411E-02 -2.177305493598E-04  1.754920338825E-01  1.782581465489E+00  6.531383038024E-03 -2.968383705168E-02  2.315245401358E-02 -2.734090151044E-02  1.379580499772E-04  4.546334613528E-06 -4.198404407547E-06 -7.678647709872E-06  1.682815743302E-01 -4.546334558454E-06 -2.365189065557E-03  2.515129451858E-20 -5.537518158050E-21  5.780760008309E-20 -1.668938134285E-03
  8.800000000000E+01  9.000000000000E+01  1.055030802716E+01  1.295902393641E-14  1.531025146499E-02  1.118565052213E+02  1.124488514130E-01  1.647194796735E-01 -9.473970790343E-02 -2.137331888368E-04  1.710451370373E-01  1.752140862749E+00  6.203947483379E-03 -2.875539596448E-02  2.255144848101E-02 -2.607502219295E-02  8.053791588365E-05  6.159793369088E-06 -3.401810471766E-06 -6.271506643011E-06  1.617322808452E-01 -6.159793384628E-06 -2.260053431361E-03  2.680067838991E-20  1.870561012284E-21  4.459769265558E-20 -1.591079377066E-03
  9.200000000000E+01  9.400000000000E+01  1.058991405442E+01  1.528754779379E-14  1.470446726091E-02  1.126917494456E+02  1.122914523231E-01  1.635147173686E-01 -9.447568605545E-02 -2.115487711840E-04  1.655673625884E-01  1.722669973141E+00  5.892699157621E-03 -2.788132953173E-02  2.198863037421E-02 -2.482197028639E-02  1.715641398332E-04  4.579564242323E-06 -2.624642414123E-06 -7.027731555342E-06  1.552066377336E-01 -4.579564186659E-06 -2.641929782461E-03  2.663923527501E-20 -9.512433127959E-22  3.761372845408E-20 -1.512917945000E-03
  9.600000000000E+01  9.800000000000E+01  1.062790974567E+01  1.649007062987E-14  1.399124424916E-02  1.134959369879E+02  1.121220774490E-01  1.623398772091E-01 -9.422889025271E-02 -2.157620676640E-04  1.589282746657E-01  1.692086669616E+00  5.581298307363E-03 -2.697898044001E-02  2.139768213280E-02 -2.358004058957E-02  2.847059206462E-04  4.216047297549E-06 -1.866153010536E-06 -8.713523156576E-06  1.489365595510E-01 -4.216047330780E-06 -3.136877156206E-03  1.851731882527E-20 -2.575346420342E-21  5.433377560176E-20 -1.439094477555E-03
  1.000000000000E+02  1.020000000000E+02  1.066437348002E+01  2.038348876985E-14  1.313577824330E-02  1.142703578328E+02  1.119391660556E-01  1.611454982498E-01 -9.398985399489E-02 -2.250127017935E-04  1.507250188284E-01  1.663284147453E+00  5.245224691966E-03 -2.611060264795E-02  2.086537795594E-02 -2.247790215039E-02  3.457647640963E-04  3.133246328744E-06 -8.363296698055E-07 -7.152208357572E-06  1.428317129146E-01 -3.133246279623E-06 -3.758462314218E-03  3.454218514597E-20 -3.744788741234E-21  5.135012787455E-20 -1.369433026637E-03
  1.040000000000E+02  1.060000000000E+02  1.069932610536E+01  2.184458227731E-14  1.210516032221E-02  1.150150832018E+02  1.117291584108E-01  1.600179846578E-01 -9.373909630502E-02 -2.205911086214E-04  1.405083185476E-01  1.636899969556E+00  4.979768940054E-03 -2.538354664855E-02  2.040377770822E-02 -2.136806033022E-02  3.960998172100E-04  4.024981562336E-06 -1.397871038720E-07 -2.689765561768E-06  1.367334168698E-01 -4.024981615167E-06 -4.010971731867E-03  2.608897518476E-20  1.080110341040E-21  5.509290311997E-20 -1.302500150585E-03
  1.080000000000E+02  1.100000000000E+02  1.073275024793E+01  2.047141387975E-14  1.112037261118E-02  1.157291575823E+02  1.115055579811E-01  1.588808621772E-01 -9.349902422990E-02 -2.101679929022E-04  1.304638480491E-01  1.610571137191E+00  4.799458671714E-03 -2.468682623630E-02  1.988736756465E-02 -2.030895468735E-02  3.567898365923E-04 -5.894413030779E-07 -3.100425855442E-07 -1.148164687974E-06  1.311445166155E-01  5.894413335639E-07 -3.527569157528E-03  3.902310550495E-20 -6.963017079474E-21  4.621742029122E-20 -1.239169596065E-03
  1.120000000000E+02  1.140000000000E+02  1.076489582106E+01  2.118008333099E-14  1.033866201172E-02  1.164176554138E+02  1.113032052651E-01  1.575910609255E-01 -9.324786412568E-02 -2.071286364760E-04  1.224511423584E-01  1.586465821059E+00  4.595705865308E-03 -2.401684508907E-02  1.942113922362E-02 -1.935828032083E-02  2.576265384922E-04 -1.727074775907E-06 -5.434269643573E-07 -5.485996135746E-08  1.261247265021E-01  1.727074721091E-06 -2.574291847628E-03  3.666775117232E-20  2.278274141818E-21  4.946056430024E-20 -1.181588454251E-03
  1.160000000000E+02  1.180000000000E+02  1.079581072890E+01  2.175261894800E-14  9.829410282330E-03  1.170817487371E+02  1.111343155216E-01  1.563028758584E-01 -9.298813499045E-02 -1.975835956982E-04  1.174433449238E-01  1.562426835416E+00  4.358587017044E-03 -2.334995633226E-02  1.899136931502E-02 -1.843982240296E-02  1.457165149871E-04 -2.885892387370E-07 -6.046595729448E-07  1.077220169842E-06  1.211694766482E-01  2.885893023128E-07 -1.996238920976E-03  2.787270537785E-20 -4.262009295856E-21  4.814175878476E-20 -1.124687757246E-03
  1.200000000000E+02  1.220000000000E+02  1.082548546049E+01  2.155390868679E-14  9.332033427156E-03  1.177212366931E+02  1.109778662400E-01  1.550950698021E-01 -9.274569901985E-02 -2.027445480044E-04  1.125237738213E-01  1.537896728586E+00  4.162076759675E-03 -2.269521075275E-02  1.853313399297E-02 -1.756762642740E-02  1.399451170610E-04 -1.664682121534E-06 -7.872865068533E-07  2.172461839983E-06  1.168218130905E-01  1.664682112907E-06 -1.960224347553E-03  3.406357455192E-20 -1.018175799089E-20  4.738954948705E-20 -1.075586131236E-03
  1.240000000000E+02  1.260000000000E+02  1.085421673475E+01  2.278260866276E-14  8.845468463540E-03  1.183419403764E+02  1.108240657404E-01  1.539693482227E-01 -9.247810783341E-02 -1.944641418531E-04  1.076327470233E-01  1.515738742230E+00  3.951813367248E-03 -2.207460489701E-02  1.812279152979E-02 -1.684138911927E-02  1.382241874656E-04 -1.958862395479E-06 -8.596853400004E-07  2.556325223854E-06  1.127792805604E-01  1.958862461245E-06 -1.659795433482E-03  3.586749733103E-20 -3.030747292117E-21  4.880171525822E-20 -1.030209075835E-03
  1.280000000000E+02  1.300000000000E+02  1.088186880367E+01  2.342176127525E-14  8.500726967647E-03  1.189407352549E+02  1.106604982612E-01  1.528618453712E-01 -9.222705099431E-02 -1.939950614158E-04  1.041658158960E-01  1.496197816703E+00  3.743498717064E-03 -2.154350164836E-02  1.780000293131E-02 -1.613560068562E-02  7.281330355827E-05 -3.631617704904E-06 -9.705275227944E-07  2.187409322746E-06  1.088329004969E-01  3.631617584972E-06 -1.371527158849E-03  3.026219144367E-20 -3.389756370629E-21  4.155390767920E-20 -9.885661332810E-04
  1.320000000000E+02  1.340000000000E+02  1.090862555078E+01  2.359516806475E-14  8.156598602973E-03  1.195214534450E+02  1.104783939156E-01  1.515804812788E-01 -9.195064539455E-02 -1.862382907592E-04  1.007719580379E-01  1.476981045148E+00  3.571210036633E-03 -2.105295611363E-02  1.748174607706E-02 -1.551984814501E-02  4.022446579542E-05 -2.706323598590E-06 -1.184986394004E-06  2.385233861346E-06  1.051312467134E-01  2.706323731347E-06 -1.147614270142E-03  3.936450851814E-20 -3.647056869819E-21  4.848044824449E-20 -9.506812174644E-04
  1.360000000000E+02  1.380000000000E+02  1.093443188117E+01  2.837033320942E-14  7.929834230189E-03  1.200827806650E+02  1.102826027104E-01  1.503507485600E-01 -9.169974860131E-02 -1.834002970701E-04  9.873445905024E-02  1.457301863228E+00  3.413675374099E-03 -2.055241545211E-02  1.713874007801E-02 -1.489941078724E-02  2.127362158438E-05 -2.236922351832E-06 -1.361416170568E-06  1.334551814037E-06  1.011175914711E-01  2.236922243701E-06 -1.261812399197E-03  3.268161783966E-20 -8.607563966451E-21  3.182404505570E-20 -9.100848201757E-04
  1.400000000000E+02  1.420000000000E+02  1.095919209047E+01  3.509314298212E-14  7.535168196100E-03  1.206224616829E+02  1.100661816017E-01  1.492978403461E-01 -9.142871760259E-02 -1.874475808901E-04  9.488665317148E-02  1.438327000984E+00  3.248222011728E-03 -2.007582661767E-02  1.682760460585E-02 -1.420356469737E-02  7.944161265836E-05 -3.867753001967E-06 -1.696244741925E-06  2.240059791671E-06  9.705998053187E-02  3.867753217442E-06 -1.726438462271E-03  4.921553682180E-20 -5.977706381775E-21  4.443103740320E-20 -8.683453908704E-04
  1.440000000000E+02  1.460000000000E+02  1.098296965247E+01  3.773924687657E-14  7.076808353842E-03  1.211419474057E+02  1.098278668415E-01  1.483184827418E-01 -9.118009741980E-02 -1.898100218520E-04  9.014373252887E-02  1.420941502837E+00  3.147646471919E-03 -1.967729274755E-02  1.652964627576E-02 -1.359606881558E-02  1.189779587749E-04 -6.616736392540E-06 -2.156764528539E-06  3.529887934795E-06  9.314065614656E-02  6.616736392669E-06 -1.802290736922E-03  4.172858813587E-20 -8.403991524647E-21  5.216273648804E-20 -8.321269891524E-04
  1.480000000000E+02  1.500000000000E+02  1.100576522527E+01  3.887509783847E-14  6.644903409061E-03  1.216410415986E+02  1.095925289042E-01  1.474296089093E-01 -9.089671913291E-02 -1.871545142263E-04  8.562846426267E-02  1.404332433813E+00  3.027714463827E-03 -1.925628096412E-02  1.622856650036E-02 -1.302940997830E-02  1.210710881037E-04 -7.278465956802E-06 -2.446726126867E-06  2.932055056332E-06  8.972964241870E-02  7.278466036613E-06 -1.980929214863E-03  3.897596882545E-20 -1.217638312651E-20  3.502569625079E-20 -7.992397041712E-04
  1.520000000000E+02  1.540000000000E+02  1.102783976561E+01  3.998137617419E-14  6.096281462512E-03  1.221253215324E+02  1.093779734088E-01  1.466179352805E-01 -9.065092162119E-02 -1.911009020496E-04  7.977926154073E-02  1.388182556787E+00  2.927880323876E-03 -1.884304003326E-02  1.591515970943E-02 -1.253377839386E-02  1.976999196667E-04 -6.706185794019E-06 -2.534009794311E-06  3.127796871652E-06  8.683579382824E-02  6.706185791940E-06 -2.100380615729E-03  2.144704751631E-20 -9.826733107770E-21  5.518631791682E-20 -7.663736456271E-04
  1.560000000000E+02  1.580000000000E+02  1.104919430814E+01  3.960642765722E-14  5.600197674709E-03  1.225947724368E+02  1.091738145427E-01  1.458725846743E-01 -9.037603221600E-02 -1.791525994705E-04  7.450481756814E-02  1.371488080066E+00  2.776287502597E-03 -1.841622244905E-02  1.563993494653E-02 -1.198315392483E-02  2.115181269481E-04 -6.374159964892E-06 -2.756132812479E-06  2.794969255800E-06  8.391931885576E-02  6.374160004799E-06 -1.527526324807E-03  3.769496466362E-20  1.455486287001E-21  3.450620490383E-20 -7.326634748714E-04
  1.600000000000E+02  1.620000000000E+02  1.106980645712E+01  3.859297057999E-14  5.333842906086E-03  1.230486222657E+02  1.089791871863E-01  1.450662969715E-01 -9.011588167833E-02 -1.754922564636E-04  7.179357915252E-02  1.356547481556E+00  2.676542694498E-03 -1.807613288748E-02  1.539959019298E-02 -1.147359054146E-02  1.439658937673E-04 -6.051396213803E-06 -3.123181709067E-06  2.211363197838E-06  8.069103651790E-02  6.051396180977E-06 -8.750307859711E-04  3.371279556330E-20 -9.502812468296E-21  4.086558904728E-20 -7.002949622516E-04
  1.640000000000E+02  1.660000000000E+02  1.108953962517E+01  3.663522700626E-14  5.161276564565E-03  1.234836452499E+02  1.088003992475E-01  1.442489250161E-01 -8.984503468952E-02 -1.694279442928E-04  7.014272035813E-02  1.341324820230E+00  2.548467200424E-03 -1.770477650297E-02  1.515630930249E-02 -1.093902930163E-02  1.211351363725E-04 -6.939991910077E-06 -3.133565284434E-06  1.807062855301E-06  7.737249709071E-02  6.939991903960E-06 -5.798964564486E-04  4.850092350630E-20 -9.592668354329E-21  3.418974252499E-20 -6.689378090387E-04
  1.680000000000E+02  1.700000000000E+02  1.110849236372E+01  3.394786531602E-14  5.040270025757E-03  1.239015518060E+02  1.086382551914E-01  1.434429812251E-01 -8.956690792073E-02 -1.721140512342E-04  6.902776053285E-02  1.325880057815E+00  2.466640616585E-03 -1.733656198468E-02  1.486992136817E-02 -1.047557977667E-02  1.294010939934E-04 -4.475262035133E-06 -2.802669095262E-06  1.880753899493E-06  7.429156302546E-02  4.475262001990E-06 -4.095375557477E-04  4.848143359474E-20 -4.760880907408E-21  4.533041596092E-20 -6.424217623971E-04
  1.720000000000E+02  1.740000000000E+02  1.112668824055E+01  3.261131259422E-14  4.955167656365E-03  1.243031441472E+02  1.084906795338E-01  1.424770746839E-01 -8.929342423799E-02 -1.708383063690E-04  6.823054458796E-02  1.311840650390E+00  2.388614723525E-03 -1.697786051164E-02  1.458924578823E-02 -1.006745745593E-02  1.203494160548E-04 -3.435561511559E-06 -2.638144523227E-06  2.400850221415E-06  7.184748372183E-02  3.435561514627E-06 -5.209252301834E-04  3.686409549372E-20 -6.737531483909E-21  3.920125418688E-20 -6.187652636094E-04
  1.760000000000E+02  1.780000000000E+02  1.114441493563E+01  3.156764147681E-14  4.782029288430E-03  1.246948613605E+02  1.083530112999E-01  1.415324396705E-01 -8.901434469440E-02 -1.749300611645E-04  6.648091902992E-02  1.298770511844E+00  2.319328029570E-03 -1.664796704648E-02  1.432863901694E-02 -9.744635595208E-03  1.351996892356E-04 -2.719677606093E-06 -2.703423887501E-06  2.526723474959E-06  6.939854220822E-02  2.719677573381E-06 -6.239075771771E-04  3.290813647565E-20 -3.992060729229E-21  3.943304540372E-20 -5.966958963659E-04
  1.800000000000E+02  1.820000000000E+02  1.116138348275E+01  2.928171283281E-14  4.642756233713E-03  1.250701304431E+02  1.082240583412E-01  1.407444189636E-01 -8.873784764524E-02 -1.762349558841E-04  6.520165976097E-02  1.286533450972E+00  2.279963387243E-03 -1.637588679448E-02  1.409592340711E-02 -9.365151863280E-03  1.305088100846E-04 -4.202835662752E-06 -2.747207861535E-06  3.130670662153E-06  6.684578370409E-02  4.202835687328E-06 -6.192262312254E-04  4.777498480831E-20 -5.763343013566E-21  4.751223411983E-20 -5.750226184806E-04
  1.840000000000E+02  1.860000000000E+02  1.117783209654E+01  2.698705892726E-14  4.470641983981E-03  1.254342644318E+02  1.081159978512E-01  1.401383919659E-01 -8.844674378877E-02 -1.757025840073E-04  6.350253104397E-02  1.274125010839E+00  2.207260582383E-03 -1.609343644035E-02  1.388617585791E-02 -9.045728377289E-03  1.119646524574E-04 -3.702649622196E-06 -2.598571173221E-06  2.700065911398E-06  6.465193416949E-02  3.702649603808E-06 -7.422403143414E-04  5.020356359142E-20 -6.357151896439E-21  3.985189978693E-20 -5.553200599781E-04
  1.880000000000E+02  1.900000000000E+02  1.119370850894E+01  2.519846390286E-14  4.277067884949E-03  1.257861444421E+02  1.080310503556E-01  1.396882035413E-01 -8.818175598851E-02 -1.737439700888E-04  6.154238624626E-02  1.262420817494E+00  2.115655557435E-03 -1.581403744141E-02  1.369838188399E-02 -8.710977609435E-03  1.096664694051E-04 -2.451865325692E-06 -2.616955507068E-06 -2.913800505249E-07  6.257756745334E-02  2.451865340451E-06 -6.733422833378E-04  5.321116593460E-20 -3.359010343722E-21  3.837524120511E-20 -5.354840718799E-04
  1.920000000000E+02  1.940000000000E+02  1.120912212747E+01  2.324919134526E-14  4.142172809189E-03  1.261280610868E+02  1.079479344327E-01  1.392771305348E-01 -8.788512959913E-02 -1.676519625660E-04  6.032733617807E-02  1.248912639067E+00  2.020594604022E-03 -1.552101485850E-02  1.350042025449E-02 -8.402280309441E-03  1.022765741883E-04 -1.304307287271E-06 -2.810140172895E-06 -3.794182530067E-06  6.039578847395E-02  1.304307273667E-06  1.499814458169E-06  4.027296886820E-20 -1.820181122862E-21  4.310738332085E-20 -5.148403588016E-04
  1.960000000000E+02  1.980000000000E+02  1.122389799383E+01  2.117649812739E-14  4.282768706355E-03  1.264562090294E+02  1.078654798339E-01  1.390116459016E-01 -8.762560285278E-02 -1.646906884374E-04  6.215298563951E-02  1.238910980328E+00  1.923774784616E-03 -1.524989108709E-02  1.332611630255E-02 -8.083508779267E-03  1.477215055719E-05 -4.031299332204E-08 -2.757431262817E-06 -7.302006055317E-06  5.888378657906E-02  4.031296393039E-08  7.407641842368E-04  4.313950524778E-20 -6.459565878365E-21  3.270914803815E-20 -4.979208738921E-04
  2.000000000000E+02  2.020600000000E+02  1.123854998128E+01  1.906187205332E-14  4.515203968180E-03  1.267816148621E+02  1.077508603227E-01  1.387762010377E-01 -8.731972265532E-02 -1.529841192407E-04  6.507246384641E-02  1.230386503251E+00  1.749671528151E-03 -1.479349132317E-02  1.304381979501E-02 -7.900796706361E-03  5.727894544077E-05  2.198689669378E-06 -2.667513525380E-06 -9.547102905304E-06  5.725577865519E-02 -2.198689716130E-06  5.693202705832E-04  5.211477242468E-20 -5.712047775334E-21  3.913440984015E-20 -4.914396937203E-04
  2.041200000000E+02  2.062418000000E+02  1.125337595048E+01  1.722664668610E-14  4.575773218700E-03  1.271110235101E+02  1.076317141884E-01  1.386328807851E-01 -8.702769994721E-02 -1.473793260143E-04  6.607764843613E-02  1.223494036417E+00  1.564130376098E-03 -1.435176918633E-02  1.278763881025E-02 -7.810682698100E-03  1.133334607918E-04  3.089669482052E-06 -2.724457566309E-06 -9.778747397730E-06  5.582747166061E-02 -3.089669425955E-06  1.389883104064E-04  4.262810326799E-20 -3.413070070498E-21  3.257255980023E-20 -4.813265666928E-04
  2.083636000000E+02  2.105490540000E+02  1.126816208298E+01  1.595528237886E-14  4.586099526635E-03  1.274397759262E+02  1.075082955755E-01  1.383849306525E-01 -8.670905900119E-02 -1.353222106711E-04  6.639627552285E-02  1.215652736619E+00  1.379068305338E-03 -1.385592522690E-02  1.247685692153E-02 -7.617527634822E-03  1.579750464171E-04  3.733920949765E-06 -2.890480807392E-06 -9.608837784763E-06  5.450498287147E-02 -3.733921142596E-06  1.676968397985E-04  5.085661907051E-20 -2.520753285558E-21  3.186070200421E-20 -4.726307298531E-04
  2.127345080000E+02  2.149855256200E+02  1.128315529722E+01  1.416477612287E-14  4.663294393664E-03  1.277736684990E+02  1.073740906782E-01  1.382688974278E-01 -8.639859812501E-02 -1.218502501298E-04  6.763396975698E-02  1.207982682463E+00  1.183748255322E-03 -1.338710198135E-02  1.220335372598E-02 -7.494787988200E-03  1.458523110922E-04  5.127365570552E-06 -3.230882662516E-06 -9.634948500395E-06  5.283886435364E-02 -5.127365470998E-06  4.731427335419E-04  3.182591986375E-20 -3.281094334734E-21  3.394965140965E-20 -4.612715762030E-04
  2.172365432400E+02  2.195550913886E+02  1.129789423777E+01  1.167849569943E-14  4.849090143539E-03  1.281019960718E+02  1.072272875531E-01  1.380514109040E-01 -8.606948879044E-02 -1.011188657440E-04  6.994734212331E-02  1.200633663127E+00  9.840609685046E-04 -1.288614817435E-02  1.190208720569E-02 -7.277240708194E-03  1.183580609239E-04  5.099992402327E-06 -3.447760565736E-06 -1.010432875946E-05  5.094770840939E-02 -5.099992458825E-06  8.536105547750E-04  4.802578970725E-20 -9.403415942237E-21  3.879844350986E-20 -4.490942055662E-04
  2.218736395372E+02  2.242617441303E+02  1.131268874511E+01  1.074093454514E-14  5.155427246046E-03  1.284321650821E+02  1.070710568331E-01  1.378607039141E-01 -8.574564477420E-02 -8.626382998947E-05  7.374080991385E-02  1.193057236250E+00  7.859087053184E-04 -1.232869644196E-02  1.154278773665E-02 -7.089936623778E-03  1.291844500730E-04  6.955603459203E-06 -3.506091345603E-06 -9.544094575648E-06  4.964713688188E-02 -6.955603385171E-06  7.711772926061E-04  5.177972712745E-20 -6.535976123865E-21  3.278331729960E-20 -4.372666556501E-04
  2.266498487233E+02  2.291095964542E+02  1.132754531438E+01  1.170483537929E-14  5.306065668099E-03  1.287640766320E+02  1.069107576117E-01  1.376050594590E-01 -8.539678739564E-02 -6.389476147644E-05  7.582035384131E-02  1.186033317892E+00  5.964258375645E-04 -1.178366050362E-02  1.118723466591E-02 -6.909561434385E-03  1.660805767506E-04  5.930021200440E-06 -3.656542899510E-06 -8.362831221384E-06  4.796432520922E-02 -5.930021253112E-06  3.298383132257E-04  5.090587738255E-20  8.020462909123E-22  2.713016492669E-20 -4.254613069419E-04
  2.315693441850E+02  2.341028843478E+02  1.134219396799E+01  1.290045262455E-14  5.354905140328E-03  1.290918079335E+02  1.067422518537E-01  1.371962445829E-01 -8.503697232659E-02 -4.634950264962E-05  7.658328693451E-02  1.178769822767E+00  4.198278736891E-04 -1.124740926790E-02  1.082758139420E-02 -6.694393189114E-03  1.805495139263E-04  3.438154278894E-06 -3.574536629147E-06 -6.760408305406E-06  4.576416169982E-02 -3.438154245739E-06 -1.875442912022E-04  4.737668860757E-20 -2.783088825246E-21  2.735061915892E-20 -4.114680991990E-04
  2.366364245106E+02  2.392459708782E+02  1.135654284897E+01  1.379074379288E-14  5.188953554506E-03  1.294133584434E+02  1.065677299659E-01  1.366969693494E-01 -8.466302738665E-02 -2.995135049183E-05  7.477137389609E-02  1.172566104008E+00  2.293734681289E-04 -1.073447638970E-02  1.050510292152E-02 -6.465166622854E-03  2.259465973852E-04  2.382898815866E-06 -3.322110136702E-06 -4.555211636287E-06  4.396818046877E-02 -2.382898786425E-06 -6.296812864149E-04  4.781634054113E-20 -5.798973817803E-21  2.333748867560E-20 -3.983831208565E-04
  2.418555172459E+02  2.445433500046E+02  1.137088697924E+01  1.438057803625E-14  4.952103891104E-03  1.297344060542E+02  1.064010968130E-01  1.363970900883E-01 -8.427112544741E-02  8.454346013109E-07  7.184127429466E-02  1.166996563300E+00  4.561288807037E-05 -1.020349194106E-02  1.015787905296E-02 -6.313616764713E-03  2.378894392352E-04  2.552543509421E-06 -3.096782246436E-06 -3.389498955654E-06  4.269947421674E-02 -2.552543479562E-06 -1.014911683962E-03  3.401775996373E-20 -6.015031687568E-21  2.341178476729E-20 -3.904020700133E-04
  2.472311827633E+02  2.499996505047E+02  1.138523624996E+01  1.528515710993E-14  4.512629829461E-03  1.300562399233E+02  1.062305109552E-01  1.359669814662E-01 -8.387101590212E-02  2.757800074184E-05  6.637634716583E-02  1.162522195947E+00 -1.554959920891E-04 -9.620667945320E-03  9.776163937527E-03 -6.190511448481E-03  2.852330237642E-04  2.116498506306E-06 -2.774923193669E-06 -2.188348838676E-06  4.128223251934E-02 -2.116498520021E-06 -1.442499394123E-03  2.556894162525E-20 -3.835986209493E-21  2.628785901016E-20 -3.838999546510E-04
  2.527681182462E+02  2.556196400198E+02  1.139945416991E+01  1.681611855696E-14  3.953929428857E-03  1.303754311138E+02  1.060488309734E-01  1.353023255789E-01 -8.345223042205E-02  6.637912141109E-05  5.939209375184E-02  1.158251013303E+00 -3.467845778031E-04 -9.053221715142E-03  9.400006292968E-03 -6.111719049897E-03  2.822605901574E-04  2.379767200363E-06 -2.445567152918E-06 -2.077056888469E-06  4.047606913247E-02 -2.379767150455E-06 -1.444293742222E-03  4.333383745746E-20 -6.923020189615E-21  1.728107058810E-20 -3.811432246649E-04
  2.584711617935E+02  2.614082292204E+02  1.141408621637E+01  1.809409526868E-14  3.487317634396E-03  1.307040989689E+02  1.058723962045E-01  1.345703272441E-01 -8.300737779682E-02  1.114810955379E-04  5.347398339286E-02  1.153724003578E+00 -5.481582310554E-04 -8.440562513535E-03  8.988720744608E-03 -6.082269844568E-03  2.903549464658E-04  1.646978380124E-06 -1.988989052537E-06 -2.234281550290E-06  3.988876790162E-02 -1.646978392884E-06 -1.407337544954E-03  3.343341781467E-20 -5.495233065378E-21  2.146816174936E-20 -3.767083529860E-04
  2.643452966473E+02  2.673704760971E+02  1.142874227025E+01  1.826232445071E-14  2.928804746105E-03  1.310330221040E+02  1.056558603579E-01  1.339553780815E-01 -8.255786321025E-02  1.535937035594E-04  4.652955550605E-02  1.150624065923E+00 -7.192687494461E-04 -7.852854469734E-03  8.572123219100E-03 -5.977893343113E-03  3.207531374578E-04  9.413267407635E-07 -1.452447546152E-06 -8.597033319471E-07  3.917425251248E-02 -9.413267286717E-07 -1.391428239425E-03  3.721642163608E-20 -1.260725531634E-20  2.987647643491E-20 -3.724775570268E-04
  2.703956555468E+02  2.735115903800E+02  1.144371631126E+01  1.696378877213E-14  2.440547680522E-03  1.313700518100E+02  1.053894203011E-01  1.333541648400E-01 -8.209950133129E-02  2.132668779362E-04  4.031796865223E-02  1.149357809809E+00 -8.976027262271E-04 -7.299841577874E-03  8.197444304114E-03 -5.966442213419E-03  2.591682517468E-04  5.172320522851E-07 -1.466840756975E-06  9.333032714921E-07  3.854444257451E-02 -5.172320755750E-07 -1.248712948937E-03  3.849859328400E-20 -1.047564289457E-20  1.348153122960E-20 -3.720310232796E-04
  2.766275252132E+02  2.798369380914E+02  1.145877076184E+01  1.512112592257E-14  1.965739335724E-03  1.317088404629E+02  1.050950426929E-01  1.329021125396E-01 -8.160649976366E-02  2.476274867163E-04  3.429142874541E-02  1.147446733224E+00 -1.079344774369E-03 -6.711080244050E-03  7.790425018334E-03 -5.926680009120E-03  2.847866452615E-04 -1.445719472700E-07 -2.048499085193E-06  1.924562600608E-06  3.748972082663E-02  1.445719228391E-07 -8.893945815915E-04  3.336049648037E-20 -6.138039148526E-21  1.118003667212E-20 -3.693998736788E-04
  2.830463509696E+02  2.863520462341E+02  1.147379968304E+01  1.377115081402E-14  1.737341627215E-03  1.320475389350E+02  1.047641121928E-01  1.325659019332E-01 -8.111821615862E-02  2.934836882396E-04  3.121929636865E-02  1.146448571491E+00 -1.205802058808E-03 -6.143464251192E-03  7.349266309936E-03 -5.888258213196E-03  2.507439180455E-04 -4.085929655539E-09 -2.436975643693E-06  1.945101518186E-06  3.677442420427E-02  4.085931867041E-09 -5.537890919588E-04  3.888648727645E-20 -1.042161998980E-20  1.334135323218E-20 -3.671072496374E-04
  2.896577414987E+02  2.930626076211E+02  1.148917121264E+01  1.256181996531E-14  1.505645741357E-03  1.323941650960E+02  1.044219508424E-01  1.324355110242E-01 -8.059194527727E-02  3.301331088530E-04  2.829022241644E-02  1.145648547662E+00 -1.358603832862E-03 -5.578532465214E-03  6.937136298018E-03 -5.883785373392E-03  2.112577107929E-04  5.395357386315E-07 -2.567032220076E-06  6.742127400843E-07  3.638591838555E-02 -5.395357660428E-07 -7.352668496023E-04  2.367616243028E-20 -9.310646783413E-21  1.955889895483E-20 -3.675006391060E-04
  2.964674737436E+02  2.999744858498E+02  1.150478416973E+01  1.185871973536E-14  1.101987192474E-03  1.327470792481E+02  1.040718186233E-01  1.325464856632E-01 -8.005630150723E-02  3.512241924377E-04  2.330039048540E-02  1.146083127633E+00 -1.574559580259E-03 -4.984034978164E-03  6.558594558372E-03 -5.863322768784E-03  2.416596717040E-04  2.585765159902E-07 -2.586423029808E-06  4.442719443145E-07  3.570851429418E-02 -2.585765412605E-07 -1.037807825560E-03  3.491023525123E-20 -5.307075045935E-21  1.049235971446E-20 -3.644774083156E-04
  3.034814979559E+02  3.070937204253E+02  1.152048641779E+01  1.185546537605E-14  5.862157589369E-04  1.331021815802E+02  1.037135676337E-01  1.325554858175E-01 -7.950011713027E-02  3.867271497363E-04  1.711129760867E-02  1.147898490651E+00 -1.762669998136E-03 -4.372925972779E-03  6.135595970966E-03 -5.805097364124E-03  2.888523463802E-04 -7.797463617325E-07 -2.392891588933E-06  1.046972244513E-06  3.454946513204E-02  7.797463468315E-07 -6.682964195410E-04  2.021959223465E-20 -3.987620829780E-21  7.127627815979E-21 -3.601347447878E-04
  3.107059428946E+02  3.144265320380E+02  1.153598732492E+01  1.203745053616E-14  4.927292789609E-04  1.334534293581E+02  1.033500977895E-01  1.326796321264E-01 -7.889933235006E-02  4.045694247050E-04  1.585000929933E-02  1.150515638237E+00 -1.904026495109E-03 -3.792913489997E-03  5.696939985034E-03 -5.735940142493E-03  2.201955086271E-04 -2.622517658943E-06 -2.351663546906E-06  2.939492568365E-07  3.379818547929E-02  2.622517647374E-06  2.465140796924E-06  1.951351836371E-20 -4.217199567250E-22  5.345701230881E-21 -3.593274041139E-04
  3.181471211814E+02  3.219793279992E+02  1.155192595126E+01  1.162172348555E-14  5.833451156415E-04  1.338148451669E+02  1.029906784787E-01  1.328794268899E-01 -7.829925086089E-02  4.344796059540E-04  1.639694582701E-02  1.154003466213E+00 -2.066217671327E-03 -3.173174396656E-03  5.239392067973E-03 -5.773673165631E-03  1.677648952024E-04 -1.943865006239E-06 -2.745919137200E-06 -1.427883730240E-06  3.376094547040E-02  1.943864962980E-06  7.252844298252E-04  2.003235091098E-20 -7.045321797205E-21  8.766730839446E-21 -3.632637805528E-04
  3.258115348169E+02  3.297587078391E+02  1.156832289204E+01  9.917341904295E-15  1.176784391503E-03  1.341871147314E+02  1.026304160358E-01  1.329041991807E-01 -7.762155410212E-02  4.496397341942E-04  2.257653493360E-02  1.159038959574E+00 -2.219452111889E-03 -2.564855243705E-03  4.784307355503E-03 -5.856715902075E-03  2.807159052218E-05 -3.883714149350E-06 -3.097865940571E-06 -2.236500596810E-06  3.316988470840E-02  3.883714155317E-06  9.048186371700E-04  3.059739059944E-20 -3.887986873833E-21  9.174611712324E-21 -3.655717128557E-04
  3.337058808614E+02  3.377714690743E+02  1.158464317747E+01  8.159291457176E-15  1.465270350234E-03  1.345584934930E+02  1.022801021325E-01  1.333832234729E-01 -7.695819951484E-02  4.681546522485E-04  2.521981238852E-02  1.164780196377E+00 -2.369203962410E-03 -1.989481657137E-03  4.358685619465E-03 -5.825811131360E-03  1.088052413816E-04 -3.893617608054E-06 -3.022711428988E-06 -2.729337601290E-06  3.270932815921E-02  3.893617588365E-06  9.189011886758E-04  2.188693587929E-20 -1.123641618827E-20  4.953907985975E-21 -3.643643921189E-04
  3.418370572872E+02  3.460246131465E+02  1.160156451816E+01  8.049939368160E-15  2.102128678771E-03  1.349440822055E+02  1.019258197948E-01  1.337830857301E-01 -7.621668227191E-02  4.887128555403E-04  3.174907727476E-02  1.169944872040E+00 -2.570963262479E-03 -1.352609272881E-03  3.923572535320E-03 -5.814723172107E-03  5.788706416196E-05 -4.336857117638E-06 -3.130466289640E-06 -3.748771230308E-06  3.196063637306E-02  4.336857115491E-06  1.027412863387E-03  1.542840561901E-20 -9.653775524956E-21  5.413069475767E-21 -3.591997893716E-04
  3.502121690058E+02  3.545253515409E+02  1.161809772988E+01  8.905200958153E-15  2.535066055741E-03  1.353211259325E+02  1.014948171275E-01  1.343231227893E-01 -7.547450721935E-02  5.098089901473E-04  3.599562328407E-02  1.177603358507E+00 -2.737952996824E-03 -7.428361087497E-04  3.480789105547E-03 -5.711623123724E-03  6.434436047439E-05 -3.338934475584E-06 -3.443477834459E-06 -2.882576971531E-06  3.180567360953E-02  3.338934472134E-06  7.758909337101E-04  1.419534778818E-20 -2.055845839772E-21 -6.044137030465E-21 -3.614705639536E-04
  3.588385340760E+02  3.632811120872E+02  1.163585252385E+01  9.562128758071E-15  2.942236558230E-03  1.357270745188E+02  1.009512512190E-01  1.348418673819E-01 -7.467070871925E-02  5.218267429135E-04  3.987864093871E-02  1.185584017830E+00 -2.862416373742E-03 -1.576189172221E-04  3.020035291000E-03 -5.864317211824E-03  4.066938450662E-05 -1.813852534321E-06 -3.407363758073E-06 -1.995579257958E-06  3.201698116842E-02  1.813852514239E-06  9.367648492193E-04  1.586940619820E-20 -1.896219382265E-21 -1.235763891470E-21 -3.653935752046E-04
  3.677236900983E+02  3.722995454498E+02  1.165365460912E+01  1.022761244908E-14  3.593744840097E-03  1.361345523599E+02  1.002968779445E-01  1.346357576571E-01 -7.387500970588E-02  5.491985465479E-04  4.616711778490E-02  1.194647493964E+00 -3.038871415436E-03  4.508638678200E-04  2.588007547698E-03 -5.813170980246E-03 -4.679937248660E-05 -3.412845182399E-07 -2.767589993759E-06 -2.262721966491E-06  3.155073831932E-02  3.412845278869E-07  1.371137666359E-03  1.441992057062E-20 -7.292571013770E-21 -3.786548204425E-21 -3.635265909555E-04
  3.768754008012E+02  3.815885318133E+02  1.167194875713E+01  1.066642134137E-14  4.532405550071E-03  1.365551451184E+02  9.956174728480E-02  1.339796568766E-01 -7.301029960447E-02  5.762044967938E-04  5.523236101288E-02  1.205422256529E+00 -3.189467315983E-03  1.013305277345E-03  2.176162038645E-03 -5.840186725977E-03 -1.151666319554E-04 -3.965218911526E-07 -1.624972099730E-06 -2.641733262228E-06  3.118021498809E-02  3.965218919441E-07  1.360685381933E-03  1.514814608770E-20 -1.013151992414E-20 -5.528810701586E-21 -3.641718697437E-04
  3.863016628253E+02  3.911561877677E+02  1.169039435215E+01  9.373704382730E-15  5.209666630438E-03  1.369800402722E+02  9.879530516933E-02  1.335525535128E-01 -7.209029992244E-02  5.960731087751E-04  6.161594099417E-02  1.217112111132E+00 -3.357638305740E-03  1.595455274489E-03  1.762183031279E-03 -5.801839806709E-03 -1.019245572176E-04  6.545843246154E-07 -6.286945282080E-07 -2.547550873316E-06  3.069469464112E-02 -6.545843446949E-07  1.085044579588E-03  1.623157039138E-20 -1.056057374243E-20 -6.688294861257E-21 -3.621146638815E-04
  3.960107127100E+02  4.010108734007E+02  1.170919583839E+01  7.984282713785E-15  5.854438847599E-03  1.374140632806E+02  9.802390209965E-02  1.334573333823E-01 -7.112321203960E-02  5.811479217378E-04  6.766867399378E-02  1.229610954112E+00 -3.472143440480E-03  2.093484625734E-03  1.378658814793E-03 -5.778746915472E-03 -5.296356104024E-05  1.572643272565E-06  6.410479006302E-07 -2.910722442287E-06  2.989674375620E-02 -1.572643298440E-06  6.743393836973E-04  7.915101158637E-21 -5.440450278787E-21 -1.927239637507E-20 -3.596100471490E-04
  4.060110340913E+02  4.111611996027E+02  1.172776302507E+01  9.726910394035E-15  6.049782223268E-03  1.378437286406E+02  9.716945845079E-02  1.330822676391E-01 -7.014583648676E-02  5.607396861205E-04  6.855714877584E-02  1.243993858346E+00 -3.621943224742E-03  2.641293977527E-03  9.806492471463E-04 -5.731888836610E-03  3.921142066145E-05  1.502494472465E-06  2.074909460267E-06 -4.416297051330E-06  2.972882665099E-02 -1.502494440486E-06 -2.291477410131E-04  2.333024694053E-21 -3.035889521614E-21 -1.721600000788E-20 -3.624697575962E-04
  4.163113651141E+02  4.216160355908E+02  1.174747370483E+01  1.278584060097E-14  5.549993058857E-03  1.382998412526E+02  9.625883698956E-02  1.327501648710E-01 -6.913153694001E-02  5.677723965695E-04  6.182794725571E-02  1.262926484560E+00 -3.784542332797E-03  3.222302068581E-03  5.622402641607E-04 -5.902158181019E-03  1.688518405672E-04  5.484256062279E-07  2.388079151385E-06 -4.318942858378E-06  2.988122104848E-02 -5.484255964644E-07 -1.414618703872E-03  9.148860107140E-21 -1.829770740160E-20 -1.787135020208E-20 -3.703839363133E-04
  4.269207060675E+02  4.323845166585E+02  1.176739578015E+01  1.492644437593E-14  4.165632967875E-03  1.387614073922E+02  9.542024086953E-02  1.311892617882E-01 -6.806874639874E-02  5.526702455992E-04  4.480815738080E-02  1.279144942156E+00 -3.956081434765E-03  3.749796117580E-03  2.062853172214E-04 -5.903545324142E-03  3.365745702434E-04 -1.017392441867E-06  1.932991351986E-06 -2.842304225159E-06  2.893887715210E-02  1.017392473309E-06 -2.110242870219E-03  1.282293127087E-20 -1.297674647140E-20 -2.083859169103E-20 -3.665888776771E-04
  4.378483272495E+02  4.434760521583E+02  1.178700708367E+01  1.741543465428E-14  2.661683610547E-03  1.392165345181E+02  9.462021254264E-02  1.307386681590E-01 -6.691909217820E-02  5.662990984834E-04  2.660669329369E-02  1.297274384912E+00 -4.077676525000E-03  4.254017704504E-03 -1.763411795362E-04 -5.835978837109E-03  3.238811473610E-04 -2.985824902445E-06  1.756215807696E-06  2.095349520727E-07  2.864770344633E-02  2.985824886087E-06 -2.516686897855E-03  9.031213051130E-21 -8.901276511779E-21 -1.756885392808E-20 -3.667274665932E-04
  4.491037770670E+02  4.549003337230E+02  1.180769280753E+01  2.058888985950E-14  6.224758379243E-04  1.396973444263E+02  9.380497144721E-02  1.294262069596E-01 -6.578213054420E-02  5.431888719911E-04  2.451698012199E-03  1.316333759226E+00 -4.178803924622E-03  4.709060221523E-03 -5.302562969641E-04 -5.928092667747E-03  3.574853597597E-04 -2.877264069065E-06  2.032966403765E-06 -1.503836848535E-06  2.904904977271E-02  2.877264116214E-06 -2.763697432237E-03 -4.601345693197E-21 -6.940508260962E-21 -2.801526649617E-20 -3.711053034672E-04
  4.606968903790E+02  4.666673437347E+02  1.182909873898E+01  2.195242295236E-14 -1.350264689365E-03  1.401959062087E+02  9.298645005401E-02  1.276038068409E-01 -6.452303596068E-02  5.525876801377E-04 -2.067689240449E-02  1.339893442106E+00 -4.304174193382E-03  5.224920068897E-03 -9.207458755152E-04 -5.970559163748E-03  4.093518210411E-04 -9.614291531880E-07  2.369829037350E-06 -1.983902727982E-06  2.966392459391E-02  9.614291644803E-07 -2.476781684731E-03 -5.218897359643E-21 -3.907629141034E-21 -2.087583744238E-20 -3.817848385180E-04
  4.726377970904E+02  4.787873640468E+02  1.185197984989E+01  1.986568685883E-14 -3.083830609689E-03  1.407294555282E+02  9.214328513866E-02  1.257939141692E-01 -6.327467721652E-02  5.156004207159E-04 -4.126968760811E-02  1.367018453932E+00 -4.360277977756E-03  5.681622060078E-03 -1.321344082353E-03 -6.277535992276E-03  3.943473153436E-04  1.311044652084E-06  2.428992781890E-06 -2.464325218132E-06  3.024899773081E-02 -1.311044664051E-06 -1.030355062610E-03  1.752730896526E-21 -3.376648245294E-21 -3.405253183807E-20 -3.972004623151E-04
  4.849369310031E+02  4.912709849682E+02  1.187560250304E+01  1.481642094893E-14 -2.919107230605E-03  1.412812703977E+02  9.129057773637E-02  1.235021582225E-01 -6.186862165340E-02  5.293099307168E-04 -3.914789382031E-02  1.390698860240E+00 -4.441762931868E-03  6.088162025836E-03 -1.646399094077E-03 -6.376131174537E-03  9.789928410404E-05 -7.556877088884E-08  2.215823117885E-06 -4.352801155895E-07  2.978974163889E-02  7.556874432081E-08  4.130035418707E-05 -4.766158411137E-21 -1.350945785896E-21 -2.781076292138E-20 -3.951846927238E-04
  4.976050389332E+02  5.041291145172E+02  1.189914259710E+01  6.528203325140E-15 -3.000150508510E-03  1.418320842553E+02  9.034283429440E-02  1.204762140562E-01 -6.047452722995E-02  4.877289774382E-04 -4.038094628641E-02  1.411943551391E+00 -4.538503810720E-03  6.522862113543E-03 -1.984358302853E-03 -6.281222365961E-03  1.213089176910E-05 -3.980020312106E-07  2.396457032250E-06 -3.638237975607E-08  2.916936933346E-02  3.980020049062E-07  3.367960286717E-04 -1.421917813079E-21 -7.477211168021E-21 -2.775735208857E-20 -3.914939146843E-04
  5.106531901012E+02  5.173729879527E+02  1.192317618423E+01  9.873409959985E-17 -2.387862330466E-03  1.423976574409E+02  8.926538307487E-02  1.174330343383E-01 -5.899317103338E-02  5.355908117588E-04 -3.317788732231E-02  1.438110822251E+00 -4.594867147160E-03  6.988938385430E-03 -2.394071238291E-03 -6.313486927832E-03  1.427338241596E-05  1.060513464678E-06  3.420496885885E-06  1.109923659121E-06  2.890125395265E-02 -1.060513494512E-06  6.194904087165E-04 -7.331832136186E-21 -5.015507991021E-21 -2.560748737072E-20 -3.979827686178E-04
  5.240927858042E+02  5.310141775913E+02  1.194770615916E+01 -1.453308104647E-15 -1.989556608324E-03  1.429762105077E+02  8.806279034393E-02  1.146950630364E-01 -5.747713098263E-02  5.085300437084E-04 -2.880482223349E-02  1.475507387257E+00 -4.671437837212E-03  7.480298311580E-03 -2.808860474267E-03 -6.452277855025E-03  5.318915754465E-05  6.134535239025E-07  4.216935652260E-06  1.242075140460E-06  2.914122819800E-02 -6.134535316555E-07  7.675866418082E-04 -7.721398411808E-21 -4.958369746993E-21 -2.526714880035E-20 -4.099549565448E-04
  5.379355693784E+02  5.450646029190E+02  1.197360149738E+01 -2.378125944144E-15 -1.061589500577E-03  1.435893625457E+02  8.671351338182E-02  1.124241589588E-01 -5.584189916471E-02  5.125591864542E-04 -1.824600025363E-02  1.503321025366E+00 -4.716437453534E-03  7.845405700192E-03 -3.128968246624E-03 -6.647505809927E-03 -2.760858519894E-05 -1.708884376018E-06  5.049721951205E-06  4.598938056058E-07  2.936585959397E-02  1.708884365189E-06 -2.161442134448E-04 -4.207559160973E-21 -7.919294457446E-21 -4.085942252652E-20 -4.179888035948E-04
  5.521936364597E+02  5.595365410066E+02  1.200003804774E+01 -5.305955472444E-15 -2.357552952445E-03  1.442159679211E+02  8.528146191023E-02  1.102928059894E-01 -5.417249242409E-02  5.127995795058E-04 -3.424114428396E-02  1.531564430846E+00 -4.800182431168E-03  8.234165471108E-03 -3.433983040013E-03 -6.750192001740E-03  2.261109929418E-04 -2.340731201356E-06  5.118378496490E-06 -3.778417626014E-07  2.952538791190E-02  2.340731198509E-06 -3.625801147884E-04 -3.450365284709E-21 -7.194512912479E-21 -3.122741987608E-20 -4.272666812077E-04
  5.668794455535E+02  5.743794455535E+02  1.202780796836E+01 -8.639691031464E-15 -1.719300265925E-03  1.448767141513E+02  8.386324316512E-02  1.075697123915E-01 -5.245163340164E-02  4.990215087015E-04 -2.654737754149E-02  1.552482247188E+00 -4.804362333930E-03  8.370340010213E-03 -3.565977676293E-03 -6.876322070065E-03  4.881138495670E-05 -2.502880101715E-06  4.377767966764E-06 -3.558671310618E-06  2.926932064012E-02  2.502880078180E-06 -6.741096137467E-04 -4.076730461113E-21 -4.094912370109E-22 -3.110863599390E-20 -4.293919842953E-04
  5.818794455535E+02  5.893794455535E+02  1.205493055447E+01 -1.030573882887E-14 -3.626705061756E-03  1.455242622593E+02  8.251994574528E-02  1.050958784139E-01 -5.067057398348E-02  5.381272501443E-04 -5.029496159913E-02  1.534802051416E+00 -4.779809143057E-03  8.189693580512E-03 -3.409884437556E-03 -6.710727728656E-03  3.327911711119E-04 -3.146351032135E-07  3.445094391734E-06 -3.794627803669E-06  2.835676604362E-02  3.146350997927E-07 -2.280425238755E-03  6.509564098330E-21 -1.391049487151E-21 -3.375796231280E-20 -4.063778483770E-04
  5.968794455535E+02  6.043794455535E+02  1.208098587282E+01 -1.069291074955E-14 -6.004232128056E-03  1.461483284883E+02  8.119445348321E-02  1.025957665319E-01 -4.889714351730E-02  5.260268503281E-04 -7.914505688866E-02  1.513194695927E+00 -4.754563697391E-03  8.008890514680E-03 -3.254326817324E-03 -6.256583332552E-03  4.666945121555E-04  1.233210573145E-06  1.998911402995E-06 -1.974750590659E-06  2.673609585514E-02 -1.233210586028E-06 -2.485500789188E-03  2.450957254920E-21 -6.824761878148E-21 -2.563432127026E-20 -3.741136557521E-04
  6.118794455535E+02  6.193794455535E+02  1.210505970809E+01 -1.202646633900E-14 -8.283394924132E-03  1.467252171792E+02  7.974749314449E-02  9.978971596859E-02 -4.707598811847E-02  5.719679186710E-04 -1.067502505363E-01  1.481438399746E+00 -4.759243916650E-03  7.766020672545E-03 -3.006776755920E-03 -5.674075900964E-03  4.005789366837E-04  1.550867871706E-06  1.590551929125E-06 -5.910668086596E-07  2.478129776906E-02 -1.550867862191E-06 -2.100994509110E-03 -3.534875561751E-21 -6.609254299225E-21 -3.482545454888E-20 -3.407313890677E-04
  6.268794455535E+02  6.343794455535E+02  1.212745064350E+01 -1.299738673170E-14 -9.927935962262E-03  1.472623105995E+02  7.808987276770E-02  9.788567664264E-02 -4.526924195970E-02  6.275147086328E-04 -1.266370813603E-01  1.465829836617E+00 -4.661853650748E-03  7.601892022545E-03 -2.940038371784E-03 -5.304545008834E-03  3.776304453386E-04  9.202174013298E-07  1.847161794116E-06  1.967861316466E-07  2.416134427073E-02 -9.202173994939E-07 -1.726930080345E-03  1.527927578110E-21  4.039607232942E-21 -3.443683361749E-20 -3.302932322990E-04
  6.418794455535E+02  6.493794455535E+02  1.215035816204E+01 -1.193468172235E-14 -1.151565457894E-02  1.478134964358E+02  7.630053143509E-02  9.580853067415E-02 -4.340701771486E-02  6.093044478018E-04 -1.454453469576E-01  1.447857288324E+00 -4.545125379048E-03  7.404153729725E-03 -2.859028350598E-03 -5.281530393942E-03  3.005995487375E-04  1.592769290026E-06  2.097839673560E-06  3.762499071140E-07  2.429508850302E-02 -1.592769271689E-06 -1.584218152594E-03 -3.190824802688E-21 -3.485509676793E-21 -3.319409515636E-20 -3.289631485383E-04
  6.568794455535E+02  6.643794455535E+02  1.217301058315E+01 -1.147343385664E-14 -1.290459106430E-02  1.483587536879E+02  7.443576638072E-02  9.357191282498E-02 -4.150609132363E-02  6.306686116320E-04 -1.617465808794E-01  1.433984705515E+00 -4.470236925393E-03  7.287734041217E-03 -2.817497115828E-03 -5.188583245902E-03  2.846240863073E-04  4.448354972542E-07  1.916159928234E-06 -1.412641177816E-06  2.341034082703E-02 -4.448355085994E-07 -1.722951634713E-03  2.710330607052E-22 -2.621839185638E-21 -3.553049321508E-20 -3.123639126436E-04
  6.718794455535E+02  6.793794455535E+02  1.219427006357E+01 -1.270481186618E-14 -1.475450545806E-02  1.488715691025E+02  7.243693323121E-02  9.155821904702E-02 -3.962909582661E-02  6.481105636801E-04 -1.841079375676E-01  1.415957232581E+00 -4.404070962694E-03  7.111746177617E-03 -2.707675214955E-03 -4.817521911747E-03  2.559207246849E-04  6.145896745859E-07  5.807843198401E-07 -4.778406090552E-07  2.217214517794E-02 -6.145896695502E-07 -2.110916067583E-03 -4.018516147605E-21  8.370875919067E-22 -2.590848504737E-20 -2.933367627357E-04
  6.868794455535E+02  6.943794455535E+02  1.221458697933E+01 -1.291923090905E-14 -1.686375984416E-02  1.493613717097E+02  7.039364062088E-02  8.999969211014E-02 -3.773526697149E-02  5.981438063465E-04 -2.088423191773E-01  1.392156433266E+00 -4.308420889739E-03  6.958510626251E-03 -2.650089736499E-03 -4.593921229681E-03  3.267513006492E-04  2.670612508315E-07 -1.025583950705E-06  3.173966082862E-06  2.095246675906E-02 -2.670612494177E-07 -2.622654646158E-03 -5.755294206783E-21 -2.259810251908E-21 -2.715527278863E-20 -2.810590631101E-04
  7.018794455535E+02  7.093794455535E+02  1.223355120174E+01 -1.082379779518E-14 -1.966855454148E-02  1.498188340333E+02  6.838812790706E-02  8.804519396469E-02 -3.584924722745E-02  6.182253140663E-04 -2.425680862547E-01  1.379714048756E+00 -4.220362458691E-03  6.829754300343E-03 -2.609391841641E-03 -4.420705387977E-03  4.181840517608E-04 -1.005844676403E-06 -1.492398665478E-06  2.553214272710E-06  2.072878371542E-02  1.005844705456E-06 -1.945909114633E-03 -1.190073502297E-21  5.106887904640E-22 -2.973466574428E-20 -2.766483495024E-04
  7.168794455535E+02  7.243794455535E+02  1.225344789164E+01 -9.941909419562E-15 -2.051499860785E-02  1.503000732557E+02  6.638559408626E-02  8.543832607905E-02 -3.394700084701E-02  5.847668753464E-04 -2.524996538999E-01  1.359191841768E+00 -4.123957211202E-03  6.700244061327E-03 -2.576286850118E-03 -4.400290192913E-03  2.593218165277E-04 -3.059912079486E-07 -7.964236261391E-07 -6.596007205868E-08  2.050120831961E-02  3.059912016082E-07 -2.037503302926E-03 -1.256569507407E-21  1.500679495519E-22 -2.477927867770E-20 -2.700790702746E-04
  7.318794455535E+02  7.393794455535E+02  1.227197787221E+01 -9.911076191520E-15 -2.349080450079E-02  1.507475564140E+02  6.438997215499E-02  8.261119498687E-02 -3.210089553633E-02  5.672710942912E-04 -2.891177174897E-01  1.339939064963E+00 -4.052868079289E-03  6.552255578212E-03 -2.499387498925E-03 -4.182599317061E-03  4.920310854011E-04 -1.640244749330E-06  2.523765321714E-08 -8.067481865636E-07  1.880269850072E-02  1.640244752336E-06 -2.386011889952E-03 -1.000093031275E-21 -5.137882212200E-21 -2.010487545758E-20 -2.497645528582E-04
  7.468794455535E+02  7.543794455535E+02  1.228868887604E+01 -9.564231423625E-15 -2.498514321344E-02  1.511519229360E+02  6.224540946194E-02  7.946152013249E-02 -3.026266010091E-02  6.133496870983E-04 -3.071248226241E-01  1.325857164248E+00 -4.018475040699E-03  6.476882255146E-03 -2.458407214444E-03 -3.845404095407E-03  3.690518608261E-04 -1.344172560000E-06  6.439304352363E-07 -2.143711797697E-07  1.764753714084E-02  1.344172552492E-06 -2.503908133080E-03  4.249760764398E-21 -3.237861899762E-21 -2.380899753837E-20 -2.354013144424E-04
  7.618794455535E+02  7.693794455535E+02  1.230506426395E+01 -9.789723936018E-15 -2.818018971356E-02  1.515496894520E+02  5.991274954201E-02  7.549588757248E-02 -2.837317522836E-02  5.493726571600E-04 -3.460898838390E-01  1.309377518754E+00 -3.945324418787E-03  6.344272776724E-03 -2.398948357924E-03 -3.734185864797E-03  5.023406420856E-04  1.581201679612E-06  7.816147960367E-07  1.534779035531E-06  1.753079399108E-02 -1.581201670030E-06 -3.064029499901E-03  5.672791802242E-21 -7.956752572541E-21 -2.632963631994E-20 -2.314411832953E-04
  7.768794455535E+02  7.843794455535E+02  1.232155956022E+01 -9.546588346232E-15 -3.072456901196E-02  1.519503070592E+02  5.749028395111E-02  7.249103452718E-02 -2.647552940842E-02  5.686035411681E-04 -3.772647105038E-01  1.296719141117E+00 -3.787376505865E-03  6.198819469770E-03 -2.411442963959E-03 -3.709561124375E-03  3.934082946892E-04  1.820677252497E-06  9.631395175411E-07 -5.452844364160E-07  1.889356972797E-02 -1.820677246470E-06 -2.636028789848E-03  1.886587326332E-21 -4.925776367114E-22 -2.434489623923E-20 -2.436539995123E-04
  7.918794455535E+02  7.993794455535E+02  1.234049391338E+01 -9.588506999387E-15 -3.312293842958E-02  1.524116671571E+02  5.492392329165E-02  6.959086157454E-02 -2.464524049628E-02  5.089404622005E-04 -4.070463172076E-01  1.288970652773E+00 -3.630216098971E-03  6.142240823214E-03 -2.512024724306E-03 -4.077202551544E-03  3.034784634321E-04  1.998769860688E-06  1.530552891008E-06 -1.723071780309E-06  2.027654379054E-02 -1.998769885235E-06 -8.515713941213E-04  1.821780223708E-23  1.445113841620E-21 -2.392592277627E-20 -2.555907638602E-04
  8.068794455535E+02  8.143794455535E+02  1.235958600374E+01 -9.890792178335E-15 -3.232622709248E-02  1.528781153508E+02  5.231064485091E-02  6.697337736419E-02 -2.276794050718E-02  4.875440028107E-04 -3.981494556867E-01  1.270669433223E+00 -3.522624303834E-03  5.999933302739E-03 -2.477308998888E-03 -4.068560891717E-03  2.698285232190E-05  1.085140682537E-06  1.528286065202E-06 -1.390464489863E-06  2.057248359407E-02 -1.085140673935E-06  2.892196483920E-04 -4.045249749034E-21 -6.196975636033E-22 -2.390045522978E-20 -2.542880074508E-04
  8.218794455535E+02  8.293794455535E+02  1.237906982176E+01 -8.672682797611E-15 -3.258098589473E-02  1.533546302045E+02  4.967388932226E-02  6.410851158251E-02 -2.098819238322E-02  4.251666463784E-04 -4.017687223428E-01  1.256018335207E+00 -3.399401179817E-03  5.817077332782E-03 -2.417676152908E-03 -4.044838875809E-03  4.694132556423E-05 -3.789677058362E-07  1.212526487705E-06 -3.529750721270E-07  2.063532357663E-02  3.789677058800E-07  3.938246298263E-04 -5.881808790804E-21 -2.193281854914E-21 -1.955522903431E-20 -2.493524043929E-04
  8.368794455535E+02  8.443794455535E+02  1.239827451369E+01 -8.452579420536E-15 -3.158996320106E-02  1.538251475940E+02  4.705567948657E-02  6.126585863688E-02 -1.910311163480E-02  4.146343445224E-04 -3.899324820019E-01  1.234129775455E+00 -3.326239618370E-03  5.631290701556E-03 -2.305051083177E-03 -3.883896940910E-03 -6.707756071728E-05  1.022086524142E-06  1.038067079802E-06  1.155382363968E-06  1.960127172122E-02 -1.022086516070E-06  2.001905653084E-03 -2.078167235356E-21  3.141311291482E-22 -3.011507237748E-20 -2.349720525535E-04
  8.518794455535E+02  8.593794455535E+02  1.241581389046E+01 -1.039877385589E-14 -2.883132088697E-02  1.542554100278E+02  4.449823662900E-02  5.910639608970E-02 -1.730367958170E-02  3.512009004688E-04 -3.561654054017E-01  1.211397516496E+00 -3.206614103689E-03  5.423332016966E-03 -2.216717913264E-03 -3.613839920156E-03 -2.853949189521E-04  1.644398622040E-06  9.609468144887E-07 -3.410286451777E-07  1.865381794480E-02 -1.644398627971E-06  2.130190278910E-03 -3.972860973438E-21 -3.487879769947E-22 -1.846817000997E-20 -2.191230239294E-04
  8.668794455535E+02  8.743794455535E+02  1.243324833702E+01 -1.183057948481E-14 -2.759924579616E-02  1.546843153630E+02  4.176542228745E-02  5.803736616420E-02 -1.543249790292E-02  3.203364041884E-04 -3.408809270305E-01  1.194600616672E+00 -3.101477896281E-03  5.247042496704E-03 -2.145564600450E-03 -3.396937749993E-03 -1.283921872503E-04  5.589979542541E-07  7.464694216051E-07 -2.312429456068E-07  1.708904761904E-02 -5.589979254202E-07  2.217012095001E-03 -4.269835877727E-21 -2.587618445347E-21 -2.878335382183E-20 -1.980150911088E-04
  8.818794455535E+02  8.893794455535E+02  1.244786097447E+01 -1.119825608110E-14 -2.467898960304E-02  1.550452385841E+02  3.890554524456E-02  5.664582247814E-02 -1.360784791617E-02  2.348648113989E-04 -3.048704844056E-01  1.182382472213E+00 -3.055464041964E-03  5.120606540845E-03 -2.065142498886E-03 -2.947222721853E-03 -2.139249344287E-04  9.121357708874E-07  2.750286246480E-07  6.611822700800E-07  1.531536400286E-02 -9.121357728310E-07  1.730085522120E-03 -6.237360532519E-21 -2.399249764999E-21 -2.588616725787E-20 -1.752445455544E-04
  8.968794455535E+02  9.043794455535E+02  1.246196186806E+01 -9.596948597502E-15 -2.435503937810E-02  1.553932460424E+02  3.590758441030E-02  5.541515303771E-02 -1.175537583585E-02  1.606369900061E-04 -3.009590759311E-01  1.163743422185E+00 -2.930323510936E-03  4.902140038383E-03 -1.971816527437E-03 -2.695403343245E-03 -8.305042732234E-05  9.194333315631E-07  8.305889071258E-08  3.425709431407E-06  1.457858523677E-02 -9.194333040376E-07  1.291736482187E-03 -2.566486411334E-21 -9.871578111714E-22 -1.661667654236E-20 -1.623232501823E-04
  9.118794455535E+02  9.193794455535E+02  1.247519311122E+01 -8.611715579647E-15 -2.225723340114E-02  1.557208172483E+02  3.248538979105E-02  5.414623850930E-02 -9.936708040479E-03  1.386041469206E-04 -2.748965874329E-01  1.143275003299E+00 -2.842975922934E-03  4.797907462955E-03 -1.954931540038E-03 -2.460018116165E-03 -1.743182219050E-04  7.061702881813E-08 -2.303499711924E-09  3.449220441376E-06  1.327835505285E-02 -7.061703052653E-08  1.261440002408E-03  1.070573784677E-22 -2.147518567077E-21 -2.044116725969E-20 -1.440459326998E-04
  9.268794455535E+02  9.343794455535E+02  1.248686171681E+01 -8.739921257781E-15 -2.199310431391E-02  1.560106134415E+02  2.843910898697E-02  5.353933006685E-02 -8.139960017391E-03  9.139891176719E-05 -2.720966494780E-01  1.129645269459E+00 -2.802411976936E-03  4.661418083855E-03 -1.859006106937E-03 -2.172186670855E-03 -6.755047596206E-06  3.637397140806E-08 -5.355899749059E-07  6.523263761806E-07  1.250809857848E-02 -3.637397017608E-08  1.240759092126E-03 -7.065304792642E-21  4.313705593117E-22 -1.422749840969E-20 -1.303701183473E-04
  9.418794455535E+02  9.493794455535E+02  1.249864371814E+01 -8.247228384881E-15 -1.993518984353E-02  1.563051080578E+02  2.367079785127E-02  5.365333510087E-02 -6.273952271907E-03  1.161117946965E-04 -2.469218347102E-01  1.114771619520E+00 -2.768384220916E-03  4.469221955644E-03 -1.700837734763E-03 -2.024043989993E-03 -1.370938418066E-04 -8.040606444880E-07 -6.975983134513E-07  2.018594657898E-06  1.254367617625E-02  8.040606352791E-07  1.853345000285E-03 -8.244309967207E-21  2.434948109230E-21 -2.175604352070E-20 -1.229547164403E-04
  9.568794455535E+02  9.643794455535E+02  1.251037840922E+01 -6.097374883642E-15 -1.852030827899E-02  1.566001793617E+02  1.796337063772E-02  5.518203008453E-02 -4.424035688903E-03  6.406158254717E-05 -2.295672133813E-01  1.111776823780E+00 -2.761788701729E-03  4.457732368656E-03 -1.695943666922E-03 -1.919808653860E-03 -1.816639016973E-04 -3.386082686099E-07 -3.022749297298E-07  8.617467346358E-07  1.334786057473E-02  3.386082923428E-07  1.419685854087E-03 -7.517768519713E-21  6.102111625995E-22 -1.820365369598E-20 -1.225364144727E-04
  9.718794455535E+02  9.793794455535E+02  1.252367254295E+01 -3.103857864449E-15 -1.727039485133E-02  1.569377857243E+02  1.091870897287E-02  5.950571306620E-02 -2.570422778441E-03  7.473203051119E-05 -2.147288153985E-01  1.196388676454E+00 -2.881206150462E-03  5.012295663559E-03 -2.131089513105E-03 -2.097850536181E-03 -8.263368174454E-05  4.813548539898E-07  1.030931506784E-07 -3.773009753085E-07  1.718432358629E-02 -4.813548512921E-07 -2.367947235252E-04 -4.057594175759E-21  1.917739465543E-21 -1.110219524582E-20 -1.627205030239E-04
  9.868794455535E+02  9.943794455535E+02  1.254260349483E+01 -7.107275922305E-16 -1.895623021179E-02  1.574227090393E+02  2.200762621521E-03  6.979494847328E-02 -7.740247218673E-04 -2.019126100709E-06 -2.369360716705E-01  1.219778599539E+00 -3.269143822397E-03  5.618109309252E-03 -2.348965486872E-03 -2.793212516663E-03  2.538861003810E-04  1.712258350203E-06  1.582634634124E-07 -1.135563755530E-06  1.009487472080E-02 -1.712258335764E-06 -9.021344219319E-04  5.845372133407E-22  1.107712388994E-22 -8.141217084553E-21 -8.290830439014E-05
