                   y                  ym                   U                   V                   W                 U^2                 V^2                 W^2                  UV                  VW                  UW                VISC               SFSxx               SFSyy               SFSzz               SFSxy               SFSyz                dUdX                dVdX                dWdX                dUdY                dVdY                dWdY                dUdZ                dVdZ                dWdZ              SFSxym
 -4.000000000000E+00 -2.000000000000E+00  0.000000000000E+00  0.000000000000E+00  0.000000000000E+00  0.000000000000E+00  0.000000000000E+00  0.000000000000E+00  0.000000000000E+00  0.000000000000E+00  0.000000000000E+00  0.000000000000E+00  0.000000000000E+00  0.000000000000E+00  0.000000000000E+00  0.000000000000E+00  0.000000000000E+00  0.000000000000E+00  0.000000000000E+00  0.000000000000E+00  0.000000000000E+00  0.000000000000E+00  0.000000000000E+00  0.000000000000E+00  0.000000000000E+00  0.000000000000E+00  0.000000000000E+00
  2.220446049250E-16  2.000000000000E+00  7.024192344276E+00  1.500562550374E-16 -7.215846899354E-02  5.041587572520E+01  2.211439359966E-02  3.079561114311E-01 -6.427700379139E-02 -9.110805641869E-04 -5.021705994349E-01  5.806932351635E-01 -4.950538980566E-04  1.788705431845E-03 -1.293651533731E-03 -2.071102156249E+00  1.271121773219E-02 -6.506098958485E-04 -5.629130500916E-05  9.203489902304E-06  2.985270093078E+01  6.506098958391E-04 -2.990820898526E-01  3.500525723673E-20  3.493101453706E-22  1.362793378057E-21 -3.736732395564E-03
  4.000000000000E+00  6.000000000000E+00  7.902297703249E+00  3.800869486046E-16 -7.738053251144E-02  6.344939139554E+01  8.790700511788E-02  2.895048266183E-01 -1.215570640162E-01 -8.924108576440E-04 -6.092829374664E-01  3.470419980353E+00  8.049882226022E-02 -9.744395123262E-02  1.694512897107E-02 -4.008238713762E-01 -3.502971266859E-02  1.748473461760E-04 -8.874015509802E-05 -5.254705887788E-06  2.359859919496E+00 -1.748473461718E-04 -4.762578007299E-03  2.064707687504E-20 -7.481677026046E-21  1.493582403795E-21 -2.913843654201E-02
  8.000000000000E+00  1.000000000000E+01  8.203957134302E+00  3.940007861347E-17 -7.451892336216E-02  6.815158580338E+01  1.047671832047E-01  2.668103664237E-01 -1.190778457492E-01 -1.013339516666E-03 -6.093431547206E-01  3.618763130780E+00  4.872085414866E-02 -1.260002996455E-01  7.727944549694E-02 -2.474388625024E-01 -7.305570383882E-03  1.321346910782E-04 -5.088151984960E-05  1.312242593514E-06  1.157672277071E+00 -1.321346910703E-04  1.141521568003E-02  1.944512525503E-20 -2.532755979524E-21  2.543261820889E-20 -1.480877069245E-02
  1.200000000000E+01  1.400000000000E+01  8.481188385307E+00 -9.345768832942E-16 -7.168010106671E-02  7.275042704943E+01  1.138319770171E-01  2.608204772256E-01 -1.274722362281E-01 -9.233480277457E-04 -6.054492958430E-01  3.558335573409E+00  4.572301610908E-02 -1.163362321699E-01  7.061321605983E-02 -2.292086707364E-01 -1.405659063581E-03  8.746395494009E-05 -3.001967682763E-05  8.592553193487E-06  9.541570564695E-01 -8.746395494753E-05  1.209392260781E-02  1.084938193879E-20 -6.094347497281E-21  4.012671969151E-20 -1.251526524194E-02
  1.600000000000E+01  1.800000000000E+01  8.681036399640E+00 -1.817567680202E-15 -6.848821946273E-02  7.613860515131E+01  1.214235162045E-01  2.562617750017E-01 -1.271259280561E-01 -9.539269933980E-04 -5.917871226829E-01  3.356844196023E+00  3.775823222421E-02 -1.034705312533E-01  6.571229902832E-02 -1.679190346265E-01 -1.250028686393E-03  5.425816633581E-05 -1.897678534528E-05  1.661437162213E-06  7.499107619783E-01 -5.425816635118E-05  1.142497853928E-02  1.629755216331E-20 -6.376539361019E-21  5.500274499864E-20 -9.718058915364E-03
  2.000000000000E+01  2.200000000000E+01  8.856082867108E+00 -2.103891117312E-15 -6.595106939978E-02  7.918760634631E+01  1.280965464529E-01  2.540426793898E-01 -1.295531869451E-01 -9.239122920822E-04 -5.813350827884E-01  3.214601778107E+00  3.362968301361E-02 -9.384806918274E-02  6.021838616889E-02 -1.453056918174E-01 -1.375236157618E-03  5.094114477415E-05 -1.188860239532E-05  7.493220039780E-06  6.366157648669E-01 -5.094114473352E-05  9.312204626710E-03  6.843506257047E-21 -2.203314533737E-21  6.683329793792E-20 -8.261374808284E-03
  2.400000000000E+01  2.600000000000E+01  8.999313838976E+00 -1.952193072995E-15 -6.380128553518E-02  8.172308976380E+01  1.338996948839E-01  2.523379111930E-01 -1.294973725620E-01 -9.319573814249E-04 -5.717536686192E-01  3.070499508356E+00  2.916452192869E-02 -8.573166684160E-02  5.656714491346E-02 -1.192661584146E-01 -1.406012829123E-03  1.886743777527E-05 -7.398208710109E-06  8.635926547089E-06  5.412059461914E-01 -1.886743778328E-05  8.007325606932E-03  3.489038851698E-20  8.217739233758E-22  5.969912675986E-20 -6.977201619070E-03
  2.800000000000E+01  3.000000000000E+01  9.126695388474E+00 -2.100197981382E-15 -6.194905963229E-02  8.401812032926E+01  1.387919748449E-01  2.513544571121E-01 -1.302474860261E-01 -9.322904956426E-04 -5.632029730830E-01  2.958514741145E+00  2.615721642996E-02 -7.957282830250E-02  5.341561187276E-02 -1.049089373101E-01 -1.350358387387E-03  1.166152584351E-05 -5.247366212976E-06  5.839054548089E-06  4.763431891892E-01 -1.166152589970E-05  7.134128513325E-03  2.899759317476E-20 -3.682186241183E-21  6.878625754561E-20 -6.124201332662E-03
  3.200000000000E+01  3.400000000000E+01  9.237509076709E+00 -2.466058282059E-15 -6.023589748364E-02  8.603993368745E+01  1.428715263905E-01  2.503653977873E-01 -1.301067294947E-01 -9.074096099332E-04 -5.543178403672E-01  2.852184250272E+00  2.340324045076E-02 -7.409568019976E-02  5.069243974896E-02 -9.122928906318E-02 -1.370598938597E-03  1.869443915076E-05 -4.300334215973E-06 -3.411534025124E-06  4.242423035512E-01 -1.869443911725E-05  6.491396696686E-03  2.781739515036E-20  8.177833943817E-22  6.306417507821E-20 -5.423177295679E-03
  3.600000000000E+01  3.800000000000E+01  9.338824014065E+00 -1.612676102323E-15 -5.869220293242E-02  8.791240211467E+01  1.462520503096E-01  2.492892562880E-01 -1.301978046806E-01 -8.872402798174E-04 -5.460128913770E-01  2.761973302206E+00  2.129006522238E-02 -6.935394496310E-02  4.806387974015E-02 -8.262109424107E-02 -1.307618639813E-03  1.549946755588E-05 -3.646206194279E-06 -5.942232422740E-06  3.857601955808E-01 -1.549946753625E-05  5.986360341822E-03  2.741716729594E-20 -9.421601675801E-21  7.649091459414E-20 -4.911016285510E-03
  4.000000000000E+01  4.200000000000E+01  9.430384064081E+00 -8.901524988757E-16 -5.724986547117E-02  8.962208646170E+01  1.489988841295E-01  2.481689815521E-01 -1.299214970209E-01 -8.670665972675E-04 -5.379315306755E-01  2.677602037571E+00  1.944589430154E-02 -6.532902105275E-02  4.588312675106E-02 -7.459721174775E-02 -1.257454615772E-03  7.379590165451E-06 -2.851355479770E-06 -3.627328137566E-06  3.527276796727E-01 -7.379590095295E-06  6.177778914473E-03  1.822316666778E-20 -2.450125524717E-21  6.824374961448E-20 -4.470834169007E-03
  4.400000000000E+01  4.600000000000E+01  9.515187472015E+00 -1.629054051305E-15 -5.562592954558E-02  9.122170902958E+01  1.512118160267E-01  2.472955619239E-01 -1.297079613917E-01 -8.362452732751E-04 -5.273682255788E-01  2.607216756804E+00  1.806292607667E-02 -6.206165781544E-02  4.399873173895E-02 -6.871216450082E-02 -1.292078463423E-03  6.221958227583E-06 -1.763812684277E-06 -5.974649778366E-06  3.272164521007E-01 -6.221958191806E-06  6.658803978750E-03  1.139827077530E-20 -5.898967624726E-21  6.623431636264E-20 -4.126093324653E-03
  4.800000000000E+01  5.000000000000E+01  9.593996349462E+00 -3.392517450050E-15 -5.394091672875E-02  9.272124051028E+01  1.530041063587E-01  2.463679464824E-01 -1.293340220738E-01 -8.256036505880E-04 -5.154601111066E-01  2.540525446944E+00  1.676579943884E-02 -5.897840293960E-02  4.221260350091E-02 -6.340261609715E-02 -1.194130326092E-03  1.633341411647E-05 -7.493393035375E-07 -1.060366010418E-05  3.056159593777E-01 -1.633341415985E-05  6.206583537631E-03  1.967023650578E-20 -7.594657389729E-21  7.202885821813E-20 -3.829174471365E-03
  5.200000000000E+01  5.400000000000E+01  9.668017758411E+00 -6.254218587609E-15 -5.252449667687E-02  9.414137134484E+01  1.544461377230E-01  2.455867734021E-01 -1.289708107353E-01 -8.094892603507E-04 -5.056080719789E-01  2.481015576779E+00  1.569842188693E-02 -5.628687128782E-02  4.058844940092E-02 -5.919534409820E-02 -1.096760858759E-03  1.249086256997E-05 -5.916294330670E-07 -6.379200538330E-06  2.876180203445E-01 -1.249086246580E-05  4.983232908515E-03  3.424775532664E-21 -4.612539879341E-21  8.315467826265E-20 -3.583603806655E-03
  5.600000000000E+01  5.800000000000E+01  9.737829272698E+00 -9.538339880664E-15 -5.144932165092E-02  9.549035729166E+01  1.555641262388E-01  2.448950547041E-01 -1.285166730013E-01 -8.092079052411E-04 -4.986321923480E-01  2.427433178106E+00  1.472328382647E-02 -5.394071917999E-02  3.921743535353E-02 -5.554853937618E-02 -9.010094136731E-04  1.289651322287E-06 -1.209259476350E-06 -4.531329849363E-06  2.723668236554E-01 -1.289651392107E-06  3.556588656549E-03  1.099601410873E-20 -2.448355374400E-21  6.098088663438E-20 -3.371791556073E-03
  6.000000000000E+01  6.200000000000E+01  9.804216799921E+00 -1.336781732400E-14 -5.076041500805E-02  9.678273444214E+01  1.564027266635E-01  2.443074944856E-01 -1.281007329174E-01 -7.966712416754E-04 -4.953241004284E-01  2.378793871539E+00  1.374921404153E-02 -5.190339072124E-02  3.815417667993E-02 -5.243485487300E-02 -7.624469051672E-04  1.459307055905E-06 -1.759434217592E-06 -8.036886990673E-06  2.587681533221E-01 -1.459307203263E-06  2.601439945255E-03  1.072636151748E-20 -1.821582519983E-21  7.398268879407E-20 -3.183224357566E-03
  6.400000000000E+01  6.600000000000E+01  9.867225367082E+00 -1.805308098470E-14 -5.015268480773E-02  9.801734141204E+01  1.570468539308E-01  2.435345845501E-01 -1.275946021547E-01 -7.692518851190E-04 -4.925296388221E-01  2.332699372511E+00  1.289196940565E-02 -4.997575052320E-02  3.708378111782E-02 -4.942678206843E-02 -6.644345401517E-04  6.318949219264E-06 -1.902381406264E-06 -7.343670732747E-06  2.463842478931E-01 -6.318949237885E-06  2.445243460565E-03  1.116626531494E-20 -9.148356268948E-21  5.415744168601E-20 -3.006985370101E-03
  6.800000000000E+01  7.000000000000E+01  9.927411582891E+00 -2.281690479640E-14 -4.953650110329E-02  9.920378170163E+01  1.574988661838E-01  2.427809979827E-01 -1.271120845061E-01 -7.468312976953E-04 -4.894297830857E-01  2.289120407365E+00  1.211625073766E-02 -4.818232451888E-02  3.606607378102E-02 -4.679079709203E-02 -6.673772822281E-04  5.580509766461E-06 -1.755838234959E-06 -5.099027041674E-06  2.356836208977E-01 -5.580509880863E-06  2.235260893716E-03  1.076229955871E-20  2.066549583275E-22  7.400413391172E-20 -2.851997716746E-03
  7.200000000000E+01  7.400000000000E+01  9.985074358122E+00 -2.440887896174E-14 -4.904066805522E-02  1.003471422751E+02  1.577812702660E-01  2.420639601514E-01 -1.265847507916E-01 -7.145403489330E-04 -4.873615453553E-01  2.248599030136E+00  1.147793729925E-02 -4.657828475589E-02  3.510034745676E-02 -4.454013808119E-02 -5.573152279378E-04  2.030954492332E-06 -1.601059833615E-06 -6.244559327593E-06  2.260338655255E-01 -2.030954463370E-06  2.259803646656E-03  6.023274172990E-21  1.347459300793E-23  6.533118845539E-20 -2.720556978051E-03
  7.600000000000E+01  7.800000000000E+01  1.004043207860E+01 -2.322764676635E-14 -4.841032337649E-02  1.014508742077E+02  1.579464071654E-01  2.412474331670E-01 -1.260638489411E-01 -6.816803439530E-04 -4.837402007149E-01  2.212904502325E+00  1.086305086443E-02 -4.513450739749E-02  3.427145653335E-02 -4.250047136312E-02 -6.416390959382E-04 -2.577823905615E-06 -1.325754229089E-06 -7.254876670114E-06  2.176464161185E-01  2.577823949465E-06  2.298876308690E-03  4.751343860862E-21  2.380366650143E-21  7.074093269905E-20 -2.600353630862E-03
  8.000000000000E+01  8.200000000000E+01  1.009389586540E+01 -2.256793244036E-14 -4.789227902199E-02  1.025221792263E+02  1.580186301376E-01  2.400814343149E-01 -1.254939168489E-01 -6.454069562618E-04 -4.809833784981E-01  2.176628815293E+00  1.032016077529E-02 -4.369750765944E-02  3.337734688406E-02 -4.071620003473E-02 -5.814391341175E-04 -2.761688257074E-06 -1.031873266948E-06 -4.409655986040E-06  2.102644809562E-01  2.761688195671E-06  2.202690539368E-03 -2.055378401423E-21 -1.238550509353E-21  7.410856390771E-20 -2.491792427381E-03
  8.400000000000E+01  8.600000000000E+01  1.014554801347E+01 -2.165763459775E-14 -4.731641623555E-02  1.035627973106E+02  1.580037238698E-01  2.387813579351E-01 -1.249431722452E-01 -6.182401307517E-04 -4.776200616883E-01  2.141008234734E+00  9.834154903709E-03 -4.234742267803E-02  3.251326777426E-02 -3.905469911804E-02 -5.451956158128E-04  2.954968178389E-06 -4.782696906152E-07 -5.340562273845E-06  2.030564784147E-01 -2.954968130958E-06  1.940561033680E-03 -7.614882370450E-21 -7.931917819277E-22  6.685724015736E-20 -2.389294014233E-03
  8.800000000000E+01  9.000000000000E+01  1.019540977385E+01 -2.060499051474E-14 -4.693471847224E-02  1.045723761089E+02  1.579017682886E-01  2.374121929902E-01 -1.243644834607E-01 -5.942365321734E-04 -4.759771135334E-01  2.107453419078E+00  9.385108142278E-03 -4.109703620860E-02  3.171192806590E-02 -3.739003542758E-02 -3.312192405089E-04  5.338890574145E-06  1.217138808888E-07 -4.362081042768E-06  1.963894793792E-01 -5.338890580933E-06  1.162819948815E-03 -1.129311193274E-20 -1.194955783556E-20  7.102592736311E-20 -2.290106694978E-03
  9.200000000000E+01  9.400000000000E+01  1.024373409201E+01 -2.065594194532E-14 -4.673261099568E-02  1.055560315054E+02  1.577156627951E-01  2.360568497648E-01 -1.238129807464E-01 -5.636670156718E-04 -4.759800010903E-01  2.076268512127E+00  8.982437967178E-03 -3.995892647043E-02  3.097648850286E-02 -3.591478771195E-02 -2.914428006549E-04 -6.195623433746E-06  3.858340711286E-07 -1.957307083241E-06  1.904834485733E-01  6.195623447915E-06  5.016407768057E-04 -9.390505576949E-21 -3.308941586478E-21  6.049921342042E-20 -2.198575301990E-03
  9.600000000000E+01  9.800000000000E+01  1.029062226935E+01 -2.121338163723E-14 -4.667223246834E-02  1.065146577072E+02  1.574765249295E-01  2.347172717281E-01 -1.232389692796E-01 -5.303755688352E-04 -4.772945662683E-01  2.045496783945E+00  8.466220409871E-03 -3.883905817623E-02  3.037283776646E-02 -3.441937044411E-02 -2.958615683906E-04 -3.957610046346E-06  1.117773508692E-06  3.049938387020E-07  1.843435434419E-01  3.957610001844E-06  5.697292851055E-04 -8.332661344280E-21 -5.493017941334E-21  7.597734605662E-20 -2.107742545151E-03
  1.000000000000E+02  1.020000000000E+02  1.033588965349E+01 -2.192131961342E-14 -4.644928137029E-02  1.074443185632E+02  1.572056095096E-01  2.334661723487E-01 -1.226509950604E-01 -5.010893465271E-04 -4.767133479677E-01  2.017279785439E+00  8.076797178697E-03 -3.781189181756E-02  2.973509463883E-02 -3.304597512810E-02 -3.356606934557E-04  5.361961376768E-06  1.961098828697E-06  7.963212198174E-07  1.782845192319E-01 -5.361961352655E-06  9.694122480361E-04 -4.821155107965E-21 -6.652341521541E-21  7.306223703795E-20 -2.026704560320E-03
  1.040000000000E+02  1.060000000000E+02  1.037978218107E+01 -2.295038172093E-14 -4.619295187625E-02  1.083495996534E+02  1.569343328677E-01  2.322203804774E-01 -1.220667109029E-01 -4.649383181360E-04 -4.756686008210E-01  1.989451911605E+00  7.714578165961E-03 -3.677922563768E-02  2.906464747151E-02 -3.178107512102E-02 -3.299394246257E-04  2.806691366165E-06  1.938808361694E-06  1.796197883200E-06  1.729115583462E-01 -2.806691446358E-06  7.875404899313E-04 -7.918552671080E-21 -1.283019288852E-21  5.710109293512E-20 -1.950601156108E-03
  1.080000000000E+02  1.100000000000E+02  1.042235359395E+01 -2.343628622333E-14 -4.604319631673E-02  1.092312831114E+02  1.566398194860E-01  2.310608814220E-01 -1.214614546523E-01 -4.427000562383E-04 -4.758629139516E-01  1.960817487434E+00  7.359868142651E-03 -3.581294411208E-02  2.845307596951E-02 -3.059563515857E-02 -3.100354533962E-04 -5.703769837344E-07  1.785700297131E-06  4.074119479829E-06  1.675389876352E-01  5.703769912339E-07  9.004840756249E-04 -1.246914666152E-20 -4.505594947412E-22  6.449961389510E-20 -1.875806471132E-03
  1.120000000000E+02  1.140000000000E+02  1.046354213081E+01 -2.327183082380E-14 -4.572291068979E-02  1.100879025641E+02  1.562953175809E-01  2.298538345566E-01 -1.208631097902E-01 -4.110598536565E-04 -4.743315375026E-01  1.933403272703E+00  7.063111002050E-03 -3.491533629540E-02  2.785222529330E-02 -2.942938431722E-02 -3.423182473281E-04  1.293716836744E-06  1.970259875447E-06  5.657696011697E-06  1.620398763663E-01 -1.293716898600E-06  1.381999599376E-03 -1.219650144634E-20 -3.504740811062E-21  7.040626079290E-20 -1.801351780833E-03
  1.160000000000E+02  1.180000000000E+02  1.050336905702E+01 -2.278548071431E-14 -4.534200619141E-02  1.109191540995E+02  1.558995682351E-01  2.286409721838E-01 -1.202482689141E-01 -3.843442471395E-04 -4.720683330494E-01  1.907866721262E+00  6.826148847730E-03 -3.405462224160E-02  2.722847339361E-02 -2.829177596857E-02 -3.675731617889E-04  4.372212500359E-06  2.307905194064E-06  2.980154908531E-06  1.570606814935E-01 -4.372212460747E-06  1.803688577895E-03 -3.666324593163E-21 -2.402894787108E-21  5.674468742329E-20 -1.736125610918E-03
  1.200000000000E+02  1.220000000000E+02  1.054207962254E+01 -2.212525909012E-14 -4.481441470965E-02  1.117302963796E+02  1.554680509176E-01  2.274131066106E-01 -1.196358204273E-01 -3.569795704490E-04 -4.681081982362E-01  1.883005947427E+00  6.543815356042E-03 -3.319465351917E-02  2.665083816306E-02 -2.725634942206E-02 -4.286035020381E-04 -3.317089702640E-08  2.702791504268E-06  2.450841456119E-06  1.527716502260E-01  3.317088631856E-08  2.654932499832E-03 -1.542366992226E-20 -3.605241571497E-21  6.033070941325E-20 -1.673885944973E-03
  1.240000000000E+02  1.260000000000E+02  1.057975692726E+01 -2.144543281383E-14 -4.400627756071E-02  1.125223954211E+02  1.550283366050E-01  2.261796783639E-01 -1.190220338657E-01 -3.340763348732E-04 -4.612024541511E-01  1.857333791966E+00  6.295844196194E-03 -3.236555894755E-02  2.606971475112E-02 -2.630227192240E-02 -4.349034162551E-04 -2.475678762533E-06  3.323335786263E-06  2.604468495455E-06  1.478319851676E-01  2.475678828558E-06  3.343760138712E-03 -1.596290010037E-20 -5.175673927013E-21  6.328676559656E-20 -1.609441898897E-03
  1.280000000000E+02  1.300000000000E+02  1.061598824311E+01 -1.964512032866E-14 -4.314727514087E-02  1.132862362165E+02  1.545669075581E-01  2.248105057200E-01 -1.183989156956E-01 -3.124695029926E-04 -4.537155835325E-01  1.832897214383E+00  6.060753971192E-03 -3.159156006506E-02  2.553080609385E-02 -2.519255737345E-02 -4.437261570385E-04  2.628009062734E-06  4.144998724244E-06  4.425828652203E-06  1.423570478068E-01 -2.628009116780E-06  3.026869024586E-03 -2.190108924356E-20 -1.760773498311E-21  6.037497091196E-20 -1.545817300544E-03
  1.320000000000E+02  1.340000000000E+02  1.065093565881E+01 -1.740607426711E-14 -4.250669402663E-02  1.140256458554E+02  1.540746667702E-01  2.234946214572E-01 -1.177608187749E-01 -2.988970378238E-04 -4.484017601004E-01  1.810544492698E+00  5.857208888715E-03 -3.088416479547E-02  2.502695590683E-02 -2.428462317920E-02 -3.183420613502E-04 -2.652067338432E-06  4.719658560372E-06  5.004701709403E-06  1.376617822105E-01  2.652067413456E-06  2.243267641717E-03 -1.113661922574E-20 -8.068966861091E-21  6.853453239728E-20 -1.489387868729E-03
  1.360000000000E+02  1.380000000000E+02  1.068482306441E+01 -1.621094443398E-14 -4.202898101275E-02  1.147446300987E+02  1.535469208490E-01  2.222714867183E-01 -1.171396172391E-01 -2.789577726356E-04 -4.448678645890E-01  1.789921416126E+00  5.640211498569E-03 -3.023966009390E-02  2.459944859523E-02 -2.338986170858E-02 -2.305924583734E-04 -3.233423865806E-06  4.875562563333E-06  2.684186539251E-06  1.335015786827E-01  3.233423798799E-06  1.386487434201E-03 -2.081641878958E-20 -1.323598795888E-21  5.280581461772E-20 -1.433595337621E-03
  1.400000000000E+02  1.420000000000E+02  1.071769060771E+01 -1.492288976942E-14 -4.181755589557E-02  1.154440335819E+02  1.529875061918E-01  2.212124240501E-01 -1.165090051153E-01 -2.602218420001E-04 -4.442433418003E-01  1.769074527810E+00  5.474807861151E-03 -2.964024490871E-02  2.416543704759E-02 -2.247909385655E-02 -1.324939123891E-04  1.916737094207E-06  4.627833011327E-06 -1.548497438656E-06  1.296094669184E-01 -1.916736994864E-06  5.418380648349E-04 -2.260507011820E-20  3.764906092553E-21  6.570749329951E-20 -1.379303342258E-03
  1.440000000000E+02  1.460000000000E+02  1.074963269050E+01 -1.385280172275E-14 -4.177209017363E-02  1.161254845390E+02  1.524115929884E-01  2.200823896813E-01 -1.158766308060E-01 -2.435149910740E-04 -4.452177436725E-01  1.748113306417E+00  5.296302567511E-03 -2.906205239962E-02  2.376574983207E-02 -2.166198230372E-02 -1.051247235573E-04  4.247363561587E-07  4.070890649788E-06 -2.555114328824E-07  1.255455523605E-01 -4.247363556934E-07 -3.041539171840E-04 -2.964510112668E-20 -3.663027135216E-21  6.929496455812E-20 -1.326919227485E-03
  1.480000000000E+02  1.500000000000E+02  1.078045908426E+01 -1.403041885328E-14 -4.197306730438E-02  1.167846187282E+02  1.518361793311E-01  2.187569024386E-01 -1.152377264378E-01 -2.282692216047E-04 -4.486907147761E-01  1.727031866397E+00  5.103394419167E-03 -2.845249326394E-02  2.334909884488E-02 -2.081484477210E-02  7.547750189908E-06 -2.401702559398E-06  3.424097194251E-06  2.785252313575E-06  1.212036525808E-01  2.401702604680E-06 -1.451143955852E-03 -1.702063021584E-20 -1.252844185927E-20  5.669363040192E-20 -1.275835996911E-03
  1.520000000000E+02  1.540000000000E+02  1.081021848888E+01 -1.351501672439E-14 -4.248349484494E-02  1.174223327613E+02  1.512667199464E-01  2.176195265773E-01 -1.145949697864E-01 -2.098770608077E-04 -4.553827068156E-01  1.706968367429E+00  4.872772658455E-03 -2.781176772264E-02  2.293899506433E-02 -2.003782134416E-02  8.265943699264E-05  1.227383784846E-06  3.030928937682E-06  1.046076572935E-07  1.174339397668E-01 -1.227383770981E-06 -2.190985345780E-03 -1.562824321530E-20 -3.057619795785E-21  6.153466634604E-20 -1.230428204208E-03
  1.560000000000E+02  1.580000000000E+02  1.083916710354E+01 -1.250243940494E-14 -4.306455609027E-02  1.180443772462E+02  1.507134174400E-01  2.166894407954E-01 -1.139397635775E-01 -1.929013764597E-04 -4.627950794279E-01  1.686744068820E+00  4.679244905505E-03 -2.719731988244E-02  2.251807497700E-02 -1.935422139477E-02  1.397614541383E-04  5.568707241861E-06  2.507016681908E-06 -2.123493750084E-06  1.141543532663E-01 -5.568707181511E-06 -2.142728313698E-03 -3.090024632068E-20 -3.202677394826E-22  5.747674477671E-20 -1.190675168856E-03
  1.600000000000E+02  1.620000000000E+02  1.086729271348E+01 -1.291146154112E-14 -4.356485553192E-02  1.186502723052E+02  1.501654373712E-01  2.158633256795E-01 -1.132774867810E-01 -1.787083080113E-04 -4.691972125717E-01  1.668951080533E+00  4.501495089355E-03 -2.668440712670E-02  2.218291203704E-02 -1.875112326737E-02  7.188836408230E-05  2.226179357064E-07  1.816031653742E-06 -1.312562109835E-06  1.112434162918E-01 -2.226179568952E-07 -1.954090773934E-03 -3.614843355093E-20 -5.268626327238E-21  4.928104349522E-20 -1.153678269939E-03
  1.640000000000E+02  1.660000000000E+02  1.089478245689E+01 -1.298609758500E-14 -4.404094275728E-02  1.192441518649E+02  1.496262866144E-01  2.149982967900E-01 -1.126448857879E-01 -1.575723687286E-04 -4.755244489763E-01  1.653362650975E+00  4.393009492749E-03 -2.622856730489E-02  2.183555781217E-02 -1.818858654672E-02  9.319568791269E-05 -1.348821705053E-06  1.452296084159E-06  4.617295221044E-07  1.088055440570E-01  1.348821715984E-06 -1.811396708719E-03 -2.922558701455E-20 -4.954107493725E-21  6.552409359035E-20 -1.118912680098E-03
  1.680000000000E+02  1.700000000000E+02  1.092168525628E+01 -1.216675039074E-14 -4.446467045077E-02  1.198267447351E+02  1.491104791322E-01  2.139773951020E-01 -1.119675507356E-01 -1.446044438633E-04 -4.814471260432E-01  1.637563092384E+00  4.250835118202E-03 -2.580719166619E-02  2.155635654778E-02 -1.762900396712E-02  7.277670775711E-05  2.138598344629E-06  1.326156527854E-06  6.951019439999E-08  1.064782565727E-01 -2.138598339492E-06 -1.369421347353E-03 -3.958417540827E-20 -3.976307089101E-21  6.233697616711E-20 -1.085311783424E-03
  1.720000000000E+02  1.740000000000E+02  1.094801965327E+01 -1.204949847943E-14 -4.472560290529E-02  1.203983852179E+02  1.486193533324E-01  2.128709627157E-01 -1.113324227622E-01 -1.235612120481E-04 -4.856909426364E-01  1.621043159748E+00  4.129444187143E-03 -2.535368692617E-02  2.122424273885E-02 -1.709449441073E-02  7.812543449370E-06  2.921332585986E-06  8.933611724864E-07 -6.280294695225E-07  1.038390742083E-01 -2.921332547008E-06 -6.141869965298E-04 -2.210693727526E-20 -4.287107817931E-21  5.462110227086E-20 -1.050371202079E-03
  1.760000000000E+02  1.780000000000E+02  1.097360713738E+01 -1.151670122115E-14 -4.477527699030E-02  1.209546161613E+02  1.481483292960E-01  2.116100223440E-01 -1.106605111559E-01 -1.131275152270E-04 -4.877003005028E-01  1.605583839806E+00  4.035375799044E-03 -2.491529074727E-02  2.087991494820E-02 -1.652679188991E-02 -7.776636896540E-05 -1.069924985883E-06 -4.729800825082E-09 -3.019997899597E-07  1.010136402863E-01  1.069925009276E-06 -4.025157704781E-05 -4.102419657247E-20 -3.948880856788E-21  5.398427981500E-20 -1.016423237962E-03
  1.800000000000E+02  1.820000000000E+02  1.099851244898E+01 -1.022772231490E-14 -4.475376333243E-02  1.214971950250E+02  1.476962358298E-01  2.102431151320E-01 -1.100198398878E-01 -8.664130828887E-05 -4.889940251842E-01  1.589720765386E+00  3.907957814169E-03 -2.444161818061E-02  2.053366036646E-02 -1.601979352887E-02 -1.082055661448E-04 -2.639222039758E-06 -5.427518332594E-07 -1.850723278946E-06  9.894169501682E-02  2.639222084267E-06  2.744581780388E-04 -4.450919585827E-20 -9.214594925149E-21  5.806097140096E-20 -9.901484011361E-04
  1.840000000000E+02  1.860000000000E+02  1.102306129842E+01 -9.513341503453E-15 -4.464457589587E-02  1.220331621674E+02  1.472767858755E-01  2.088011991940E-01 -1.093383126193E-01 -6.802873569107E-05 -4.893391986229E-01  1.573428802395E+00  3.783293842333E-03 -2.393687263598E-02  2.015357879359E-02 -1.565282474658E-02 -1.447140333631E-04  2.427640905095E-06 -4.972235845920E-07 -2.659871141711E-06  9.708644656796E-02 -2.427640878178E-06  5.556406426808E-04 -3.545282238456E-20 -4.979445003125E-21  5.297404210782E-20 -9.661113145410E-04
  1.880000000000E+02  1.900000000000E+02  1.104705576663E+01 -8.664240476695E-15 -4.447589572146E-02  1.225581565505E+02  1.468803382153E-01  2.073906464255E-01 -1.086985197954E-01 -5.320526302345E-05 -4.890034843074E-01  1.558186278729E+00  3.689581435429E-03 -2.341261492334E-02  1.972303348786E-02 -1.526130062414E-02 -1.622334770599E-04  3.272470143700E-06 -3.795033209225E-07 -1.326367071154E-06  9.510713788090E-02 -3.272470104671E-06  8.382489081726E-04 -2.883575988026E-20 -8.438568425938E-21  5.051998039083E-20 -9.443598390499E-04
  1.920000000000E+02  1.940000000000E+02  1.107062687198E+01 -7.415615719865E-15 -4.422003676372E-02  1.230745916014E+02  1.464843543959E-01  2.060437983469E-01 -1.080060540944E-01 -3.689886477164E-05 -4.875945299870E-01  1.541465226567E+00  3.583449499229E-03 -2.292053927677E-02  1.933708977772E-02 -1.490496621357E-02 -1.751439405948E-04  8.285344005283E-07 -4.216569494409E-07  9.298639527821E-07  9.295565833835E-02 -8.285344170453E-07  8.997398993799E-04 -4.056261825369E-20 -1.630968839753E-21  4.859544177191E-20 -9.163655274101E-04
  1.960000000000E+02  1.980000000000E+02  1.109354624764E+01 -7.486780871184E-15 -4.401383260040E-02  1.235781939140E+02  1.460951613291E-01  2.050068243244E-01 -1.073956235594E-01 -3.016758339106E-05 -4.866078548355E-01  1.528716886258E+00  3.478682370418E-03 -2.252178085434E-02  1.904309848395E-02 -1.442976362342E-02 -2.125962246360E-04  8.086762767486E-07 -5.744451055982E-07  1.617411201687E-06  9.162803318210E-02 -8.086762737058E-07  9.911787955661E-04 -3.774917272426E-20 -4.379963677879E-21  5.273610791269E-20 -8.927803568274E-04
  2.000000000000E+02  2.020600000000E+02  1.111645278605E+01 -7.840885492966E-15 -4.371326361481E-02  1.240820938119E+02  1.456744579142E-01  2.039934615698E-01 -1.066762827755E-01 -1.288981202634E-05 -4.845874417175E-01  1.516515349928E+00  3.169454080122E-03 -2.177632397895E-02  1.860686989900E-02 -1.418752337554E-02 -1.310339102515E-04  5.165542132834E-07 -8.110051672707E-07  3.051787308202E-07  8.969419439124E-02 -5.165542372902E-07  1.180717734251E-03 -3.946111745469E-20 -1.974076466124E-21  5.219800263359E-20 -8.812111929649E-04
  2.041200000000E+02  2.062418000000E+02  1.113974568243E+01 -6.330160065108E-15 -4.340767731270E-02  1.245957620189E+02  1.452608793793E-01  2.030848367157E-01 -1.060021402920E-01 -1.234072581328E-06 -4.825996298535E-01  1.506154606796E+00  2.876345271793E-03 -2.102749919289E-02  1.815115392120E-02 -1.402373440912E-02 -1.657749898956E-04 -1.561208291608E-06 -8.558532677799E-07  8.482786094687E-07  8.769078561144E-02  1.561208406865E-06  1.340416796416E-03 -3.650055733872E-20 -1.004408511000E-20  5.151790034436E-20 -8.660680952841E-04
  2.083636000000E+02  2.105490540000E+02  1.116297558014E+01 -3.816716474120E-15 -4.301496865081E-02  1.251088193349E+02  1.448224508867E-01  2.021788765154E-01 -1.052756029315E-01  1.386045820036E-05 -4.794920918353E-01  1.494279904186E+00  2.614464961808E-03 -2.022024671545E-02  1.760578175362E-02 -1.370976137881E-02 -1.896293468060E-04  2.442648849674E-06 -4.909002925578E-07  7.478947359949E-07  8.538928196854E-02 -2.442648975124E-06  1.493959484782E-03 -4.688258505862E-20 -4.195647890581E-21  5.263267814650E-20 -8.507054662437E-04
  2.127345080000E+02  2.149855256200E+02  1.118642188578E+01 -7.521815924746E-16 -4.260315317732E-02  1.256273095169E+02  1.443437944299E-01  2.012974151884E-01 -1.045533507692E-01  1.776496975061E-05 -4.761553338427E-01  1.483586219958E+00  2.341770053492E-03 -1.943275262559E-02  1.709098257202E-02 -1.350667618669E-02 -1.975532258225E-04  2.690859028957E-06 -3.292275549615E-07  1.675027678635E-06  8.303797263005E-02 -2.690858884030E-06  1.184197847196E-03 -3.652961891705E-20 -8.561792212928E-21  4.471235021545E-20 -8.340198872372E-04
  2.172365432400E+02  2.195550913886E+02  1.120972633650E+01  1.281171638686E-15 -4.235079228655E-02  1.261433659866E+02  1.438263716301E-01  2.002905570783E-01 -1.037783116621E-01  2.608591693336E-05 -4.745649357584E-01  1.473174598703E+00  2.065766187611E-03 -1.864044250295E-02  1.657467631524E-02 -1.318513094050E-02 -1.453500322681E-04  1.067974043641E-06 -6.228382640448E-07  2.140088218174E-06  8.126973343651E-02 -1.067974072237E-06  7.824784789152E-04 -5.403809066643E-20 -4.607861525590E-21  4.401299986964E-20 -8.193742149085E-04
  2.218736395372E+02  2.242617441303E+02  1.123352716859E+01  2.080517760387E-15 -4.214607889632E-02  1.266716580076E+02  1.432799697939E-01  1.992354410163E-01 -1.030005060139E-01  3.084511697511E-05 -4.733597458270E-01  1.463183125304E+00  1.713572792049E-03 -1.782446116320E-02  1.611088837121E-02 -1.303288048160E-02 -8.351980718873E-05  1.373031935269E-06 -9.008034456741E-07  5.639200438681E-07  7.995966243800E-02 -1.373031893712E-06  3.599368436299E-04 -3.785206668390E-20 -2.526132052912E-21  4.993969043938E-20 -8.082084154979E-04
  2.266498487233E+02  2.291095964542E+02  1.125745927299E+01  3.635714703835E-15 -4.213551080236E-02  1.272040160592E+02  1.426925649043E-01  1.980667962314E-01 -1.021970843317E-01  3.910952539087E-05 -4.744049842151E-01  1.454062657125E+00  1.417101919302E-03 -1.701765018355E-02  1.560054826449E-02 -1.282638466294E-02 -7.957228053857E-06  4.629085248794E-06 -1.130169828683E-06 -1.046406491963E-06  7.839301933173E-02 -4.629085273684E-06 -1.390590922662E-04 -4.325733351529E-20 -4.816426727177E-22  4.642220737061E-20 -7.961521642523E-04
  2.315693441850E+02  2.341028843478E+02  1.128173208368E+01  5.286081757501E-15 -4.223248524600E-02  1.277446733053E+02  1.420662706833E-01  1.967419932345E-01 -1.013711827449E-01  5.163149106601E-05 -4.768452839225E-01  1.444079007652E+00  1.151175190394E-03 -1.617640286512E-02  1.502522767471E-02 -1.265255110870E-02  3.494064705210E-05  4.873387165149E-06 -1.496832152563E-06 -1.322835113152E-06  7.687083153657E-02 -4.873387145433E-06 -3.974290296597E-04 -3.349913748215E-20 -8.705790773214E-21  3.892563824472E-20 -7.831610231780E-04
  2.366364245106E+02  2.392459708782E+02  1.130614005194E+01  5.883068338042E-15 -4.238362991284E-02  1.282896934041E+02  1.414078338761E-01  1.952132930767E-01 -1.005224825691E-01  5.867102093508E-05 -4.799696028898E-01  1.434392537292E+00  8.764612378862E-04 -1.538889596997E-02  1.451243473204E-02 -1.242062508135E-02  3.124846802403E-05  3.266652164677E-06 -1.546871276808E-06 -9.998398142401E-07  7.563708911702E-02 -3.266652121610E-06 -4.234711320652E-04 -4.495320613514E-20  2.940058479177E-21  3.740760008301E-20 -7.715433832421E-04
  2.418555172459E+02  2.445433500046E+02  1.133106806475E+01  5.057781161481E-15 -4.250364606210E-02  1.288476660023E+02  1.407503958657E-01  1.934781294892E-01 -9.965770437180E-02  8.011656326807E-05 -4.827240541714E-01  1.427438774416E+00  6.418517946873E-04 -1.460345355217E-02  1.396160175754E-02 -1.228462184025E-02  1.373912762016E-06  2.099001087929E-06 -1.237127510658E-06 -2.406892088005E-06  7.437748147619E-02 -2.099001091983E-06 -2.097409228053E-04 -4.104657881414E-20 -3.539474304623E-21  4.499806183496E-20 -7.632831147857E-04
  2.472311827633E+02  2.499996505047E+02  1.135611188587E+01  3.856558590994E-15 -4.251872632961E-02  1.294090478324E+02  1.401129783378E-01  1.917193874246E-01 -9.876503429763E-02  1.002837924526E-04 -4.841199735168E-01  1.419133755431E+00  3.208311306058E-04 -1.374206735493E-02  1.342123622437E-02 -1.210925236828E-02 -5.669056786132E-05  6.362873043167E-07 -1.084462321544E-06 -2.931450898337E-06  7.254369103385E-02 -6.362873310164E-07  6.992887915529E-05 -3.772422781535E-20  6.171989685451E-22  3.326538399224E-20 -7.500114262851E-04
  2.527681182462E+02  2.556196400198E+02  1.138127410884E+01  3.780499061949E-15 -4.244621467225E-02  1.299739448861E+02  1.394715072638E-01  1.898915667899E-01 -9.785967604473E-02  1.202666521004E-04 -4.844399458648E-01  1.412190196940E+00  6.118123999811E-05 -1.286687534489E-02  1.280569410494E-02 -1.195922060379E-02 -6.308866776004E-05  1.977290278756E-06 -8.315905505843E-07 -2.793722543918E-06  7.098955554196E-02 -1.977290259133E-06  9.349630715046E-05 -3.201946899226E-20 -3.874851933225E-21  3.168919485483E-20 -7.458532629741E-04
  2.584711617935E+02  2.614082292204E+02  1.140672631616E+01  4.629541252669E-15 -4.244951922073E-02  1.305466702021E+02  1.388189225712E-01  1.880778290055E-01 -9.692497009479E-02  1.427560908445E-04 -4.854853729659E-01  1.404318246894E+00 -2.341992555478E-04 -1.194277341482E-02  1.217697267026E-02 -1.189593584839E-02 -3.679864880803E-05  1.461600783355E-06 -5.952467361332E-07 -2.966311571821E-06  6.930206123189E-02 -1.461600790571E-06 -8.103729794970E-06 -3.175400264545E-20 -2.225135303926E-21  3.262914439284E-20 -7.365197786389E-04
  2.643452966473E+02  2.673704760971E+02  1.143216968423E+01  5.064064329911E-15 -4.245827333370E-02  1.311207066003E+02  1.381618619444E-01  1.862818206256E-01 -9.599474005684E-02  1.656306651211E-04 -4.864635633236E-01  1.395001263053E+00 -5.135803510010E-04 -1.102221318597E-02  1.153579353692E-02 -1.162661788197E-02 -1.234036890549E-05  6.809497560924E-07 -7.958664792896E-07 -1.366246685633E-06  6.736623754188E-02 -6.809497580306E-07 -2.761392607881E-04 -3.810052655664E-20 -4.349106344962E-21  3.078505037401E-20 -7.174036328933E-04
  2.703956555468E+02  2.735115903800E+02  1.145767490413E+01  3.926328880077E-15 -4.266020613990E-02  1.316971364561E+02  1.374664353514E-01  1.849870190480E-01 -9.502749490477E-02  1.930636577405E-04 -4.897702386246E-01  1.389102882671E+00 -7.971737672731E-04 -1.016981347507E-02  1.096698724234E-02 -1.134230723952E-02  5.384413908081E-05  9.726348994998E-07 -1.186022004488E-06  1.772966480582E-06  6.530140084201E-02 -9.726349387308E-07 -4.377804910031E-04 -3.285284226227E-20 -5.145626887782E-21  3.176422929782E-20 -7.005080816689E-04
  2.766275252132E+02  2.798369380914E+02  1.148303433044E+01  2.084834041516E-15 -4.278832541243E-02  1.322718287263E+02  1.367604977687E-01  1.835882953851E-01 -9.407676019987E-02  2.356991764991E-04 -4.923876564195E-01  1.382643908444E+00 -1.084592375431E-03 -9.318019492431E-03  1.040261186797E-02 -1.106615632795E-02  9.355838994471E-05  1.563138504889E-06 -1.191461350006E-06  3.044453277251E-06  6.299997505053E-02 -1.563138541860E-06 -3.296330448444E-04 -2.949738951556E-20 -7.002768008542E-21  1.914997433800E-20 -6.842516082742E-04
  2.830463509696E+02  2.863520462341E+02  1.150822580124E+01  1.904509536188E-15 -4.290695488943E-02  1.328438611576E+02  1.361093678137E-01  1.820482291496E-01 -9.305371088655E-02  2.814258481108E-04 -4.947857799350E-01  1.375842324449E+00 -1.306360763019E-03 -8.448412581583E-03  9.754773344530E-03 -1.085841338282E-02  1.014696144615E-04  1.160647027767E-06 -7.071906102955E-07  4.852638084214E-06  6.100522962755E-02 -1.160647015531E-06  5.833046948458E-05 -4.884680746098E-20 -3.149682624505E-21  1.078883745282E-20 -6.711693155147E-04
  2.896577414987E+02  2.930626076211E+02  1.153346143120E+01  3.091644995568E-15 -4.272309803553E-02  1.334181677433E+02  1.354994074332E-01  1.804723337290E-01 -9.203851774673E-02  3.219073478729E-04 -4.937336119199E-01  1.370195670667E+00 -1.523028593117E-03 -7.554973545100E-03  9.078002138371E-03 -1.063368359740E-02  1.695436807141E-05 -1.547815871495E-06 -2.834592544625E-07  4.223596962151E-06  5.934335085064E-02  1.547815874708E-06  4.186935784327E-05 -4.047211976758E-20 -7.988773631122E-22  1.769972441181E-20 -6.601599631432E-04
  2.964674737436E+02  2.999744858498E+02  1.155875363850E+01  3.602034613868E-15 -4.285703954479E-02  1.339945934756E+02  1.348576572867E-01  1.788776993911E-01 -9.098979011260E-02  3.579036386542E-04 -4.965118196835E-01  1.363462203754E+00 -1.781411950396E-03 -6.654288914532E-03  8.435700864914E-03 -1.046327657740E-02  1.094203109229E-04 -1.963070593687E-06 -2.399145970540E-07  1.046206906613E-06  5.700513095346E-02  1.963070601501E-06 -1.026614454075E-04 -4.305522860753E-20  2.753855090949E-21  1.927629635436E-20 -6.427097061394E-04
  3.034814979559E+02  3.070937204253E+02  1.158344995048E+01  2.844409748246E-15 -4.280780726480E-02  1.345586989306E+02  1.341756163237E-01  1.771128784290E-01 -8.995130198925E-02  4.107982023772E-04 -4.968912205551E-01  1.358693112128E+00 -2.023000299655E-03 -5.801759819355E-03  7.824760118960E-03 -1.010151841286E-02  7.344418459899E-05 -3.713369883969E-06 -7.006051429652E-07 -2.806410505997E-07  5.422791245524E-02  3.713369877796E-06 -1.524547444224E-04 -4.629365853139E-20  2.728394834512E-21  1.198103522460E-20 -6.189028475561E-04
  3.107059428946E+02  3.144265320380E+02  1.160772890182E+01  1.192236992002E-15 -4.300346283072E-02  1.351147336668E+02  1.334443284607E-01  1.759480341582E-01 -8.884629752044E-02  4.423568776240E-04 -5.000061299241E-01  1.355391070107E+00 -2.260344218033E-03 -4.956536039569E-03  7.216880257551E-03 -9.699495567143E-03  1.082531449851E-04 -5.692691678459E-06 -1.143541562564E-06 -1.412103388745E-06  5.241986940524E-02  5.692691656277E-06 -6.185309059457E-04 -3.681534707312E-20  3.323539687082E-22  1.595243617702E-20 -5.993919636649E-04
  3.181471211814E+02  3.219793279992E+02  1.163221557142E+01 -1.735091526474E-15 -4.339992766031E-02  1.356770490687E+02  1.326571292962E-01  1.744062600433E-01 -8.773685953275E-02  4.757566034488E-04 -5.053628510649E-01  1.354072447650E+00 -2.497222114465E-03 -4.069793773624E-03  6.567015888070E-03 -9.494317250226E-03  1.227421999574E-04 -4.332388444588E-06 -8.306331995747E-07 -4.455815771941E-07  5.081064684828E-02  4.332388396107E-06  1.385030532083E-05 -3.576197251879E-20 -1.332745961034E-21  1.738776707141E-20 -5.879031952559E-04
  3.258115348169E+02  3.297587078391E+02  1.165641199206E+01 -4.736208098164E-15 -4.300585515672E-02  1.362330693052E+02  1.318237620462E-01  1.729741942982E-01 -8.654939086611E-02  5.470978270962E-04 -5.017280318622E-01  1.353713716264E+00 -2.661598743267E-03 -3.254360780929E-03  5.915959524210E-03 -9.324021055177E-03 -2.337029616678E-05 -1.714894048081E-06  5.889127269402E-08  7.488586840932E-07  4.930643073671E-02  1.714894071260E-06  6.849822565563E-04 -3.363179532940E-20 -2.645173458807E-21  8.234270221723E-21 -5.770332276922E-04
  3.337058808614E+02  3.377714690743E+02  1.168086458545E+01 -7.199021471542E-15 -4.273124667637E-02  1.367963314204E+02  1.309905108549E-01  1.715793678883E-01 -8.540887044092E-02  5.770943286071E-04 -4.991993232596E-01  1.349658287239E+00 -2.837028254304E-03 -2.445589896074E-03  5.282618150389E-03 -9.144295142352E-03 -4.291246948441E-05 -4.895972366072E-07  9.782231703670E-07  2.190648479596E-06  4.783101799383E-02  4.895972108037E-07  6.458409244075E-04 -3.330673508248E-20  2.747521740691E-21  1.076003580942E-20 -5.637178166034E-04
  3.418370572872E+02  3.460246131465E+02  1.170501177966E+01 -9.334904088147E-15 -4.234823474556E-02  1.373537617232E+02  1.301007153902E-01  1.698476029200E-01 -8.415599136256E-02  6.209304450492E-04 -4.951241197734E-01  1.350271998387E+00 -3.034856155878E-03 -1.663350086463E-03  4.698206242391E-03 -8.906746786151E-03 -4.761743429134E-05 -1.135102875139E-06  1.592905588493E-06  2.048569724931E-06  4.624834698025E-02  1.135102873445E-06  6.148269658743E-04 -3.719535897668E-20 -6.942955310915E-22  8.936659035130E-21 -5.512500137438E-04
  3.502121690058E+02  3.545253515409E+02  1.172926065249E+01 -1.057096727861E-14 -4.207990665946E-02  1.379151457844E+02  1.290561641386E-01  1.684862230138E-01 -8.292155457670E-02  6.526252341712E-04 -4.924220880285E-01  1.352358339883E+00 -3.221110268420E-03 -8.752751741210E-04  4.096385442530E-03 -8.731177995105E-03 -5.658599967568E-05 -1.359292012147E-06  2.212009731866E-06  1.301211382381E-06  4.486721608280E-02  1.359291999983E-06  7.580121575610E-04 -3.167585572535E-20 -1.866458381012E-21  1.495103507822E-20 -5.371855853371E-04
  3.588385340760E+02  3.632811120872E+02  1.175338307154E+01 -1.108956199439E-14 -4.152037129928E-02  1.384748375801E+02  1.278527038232E-01  1.671607893693E-01 -8.164301818023E-02  6.814145384350E-04 -4.865244289308E-01  1.353840429472E+00 -3.316088477252E-03 -1.571060947801E-04  3.473194571968E-03 -8.465220842866E-03 -7.808771619027E-05 -1.121837788371E-06  2.349830562558E-06  1.305263100989E-06  4.349601763457E-02  1.121837790990E-06  1.053023760957E-03 -4.144706175968E-20  4.398389971304E-21  4.831407868653E-21 -5.268141726720E-04
  3.677236900983E+02  3.722995454498E+02  1.177757494107E+01 -1.109575033127E-14 -4.090612066159E-02  1.390371569582E+02  1.265222677457E-01  1.660738315384E-01 -8.034969383691E-02  6.776660513224E-04 -4.798019395868E-01  1.357914150221E+00 -3.564538783524E-03  6.335376106782E-04  2.931001172752E-03 -8.376996163379E-03 -1.450517652693E-04 -1.434031089524E-06  1.687937787412E-06  3.657706437706E-07  4.176279916931E-02  1.434031094395E-06  1.171069582278E-03 -2.777473086140E-20  3.540385858827E-21 -8.846890541412E-22 -5.142546484985E-04
  3.768754008012E+02  3.815885318133E+02  1.180116044926E+01 -1.156334703192E-14 -4.018099269837E-02  1.395859958563E+02  1.250896536553E-01  1.649797041608E-01 -7.900859833222E-02  6.859039490071E-04 -4.718542526170E-01  1.364703573783E+00 -3.815739184721E-03  1.376707721580E-03  2.439031463132E-03 -8.083662318323E-03 -1.095311455332E-04  8.090865674407E-07  1.607714299587E-06  8.807300700716E-07  4.061865553480E-02 -8.090865599229E-07  1.247526421754E-03 -4.004251119827E-20  2.844791714291E-21 -7.804694838768E-21 -5.034693295245E-04
  3.863016628253E+02  3.911561877677E+02  1.182543031925E+01 -1.330364277400E-14 -3.944228365494E-02  1.401521359234E+02  1.235946408484E-01  1.635231334085E-01 -7.768348264049E-02  6.408723530044E-04 -4.643493407101E-01  1.367685282705E+00 -3.955498857505E-03  2.028979590076E-03  1.926519267457E-03 -8.014193867022E-03 -1.802489379987E-04  6.053745832964E-07  2.187375935434E-06 -1.009264729992E-06  3.922076510280E-02 -6.053745926909E-07  1.765374354133E-03 -2.591098293450E-20  7.449618998182E-21  3.530671865000E-21 -4.902338539252E-04
  3.960107127100E+02  4.010108734007E+02  1.184875117705E+01 -1.476953835745E-14 -3.805259816616E-02  1.406975268690E+02  1.219952534773E-01  1.615554843054E-01 -7.625907764235E-02  6.616479391240E-04 -4.484704644272E-01  1.371611179897E+00 -4.118887247999E-03  2.723750609119E-03  1.395136638857E-03 -7.663695341411E-03 -2.780321880566E-04  4.185048218303E-07  2.781214614529E-06 -1.352227355829E-06  3.719845322087E-02 -4.185048266890E-07  2.687616602230E-03 -3.304450468558E-20  8.362606598496E-21 -3.313606734723E-21 -4.713993768001E-04
  4.060110340913E+02  4.111611996027E+02  1.187193341466E+01 -1.454152400435E-14 -3.610165600458E-02  1.412413821198E+02  1.201868485890E-01  1.591834575768E-01 -7.486496475632E-02  6.269082723771E-04 -4.255142856156E-01  1.377610365327E+00 -4.321090101442E-03  3.401400205918E-03  9.196898955216E-04 -7.379047396816E-03 -3.973723768720E-04  5.852420571483E-07  3.301388938007E-06  6.314924548764E-07  3.500752521910E-02 -5.852420496380E-07  3.280873810517E-03 -3.471273148015E-20 -3.593190288856E-21 -6.591994166635E-21 -4.491791196164E-04
  4.163113651141E+02  4.216160355908E+02  1.189384699314E+01 -1.368036684369E-14 -3.383984046593E-02  1.417561805835E+02  1.181807333158E-01  1.564835870734E-01 -7.341370589251E-02  6.430295208284E-04 -3.982326607790E-01  1.389242307051E+00 -4.476578159197E-03  4.073331466272E-03  4.032466929374E-04 -7.034515008846E-03 -4.044619901998E-04  4.044877085487E-07  3.512320381849E-06 -3.924147894924E-07  3.343975451080E-02 -4.044877200129E-07  3.466262340941E-03 -2.980171172053E-20  2.632433924532E-21 -8.721887050519E-21 -4.357804996684E-04
  4.269207060675E+02  4.323845166585E+02  1.191629312043E+01 -1.241897220911E-14 -3.150812960551E-02  1.422856567172E+02  1.160516542082E-01  1.536552021062E-01 -7.199775863799E-02  6.272884848056E-04 -3.703000436352E-01  1.398602921483E+00 -4.581573616494E-03  4.726649459513E-03 -1.450758429870E-04 -6.916588497525E-03 -3.832823459816E-04 -1.729550675859E-06  3.433719006796E-06 -1.427476533586E-06  3.289203623014E-02  1.729550702313E-06  3.575140004299E-03 -4.443315288698E-20  6.174007805626E-21 -1.628137320584E-20 -4.247242268848E-04
  4.378483272495E+02  4.434760521583E+02  1.193877286562E+01 -1.025472668297E-14 -2.895902771446E-02  1.428167426844E+02  1.138559129676E-01  1.511669465903E-01 -7.048679568009E-02  7.035734935485E-04 -3.396578983862E-01  1.410384722754E+00 -4.691683220732E-03  5.240022607531E-03 -5.483393866898E-04 -6.672974573183E-03 -4.509075965409E-04 -7.070800343886E-07  3.239818545820E-06 -3.549815182155E-08  3.158198330488E-02  7.070800373298E-07  4.477149316315E-03 -4.020156484958E-20  5.116988381440E-21 -5.529157131373E-21 -4.118186698922E-04
  4.491037770670E+02  4.549003337230E+02  1.196071579810E+01 -8.394572002223E-15 -2.520409394396E-02  1.433368393809E+02  1.115624040008E-01  1.479079526114E-01 -6.904828232165E-02  6.627165623370E-04 -2.946042424541E-01  1.419165805326E+00 -4.787830638791E-03  5.756243143540E-03 -9.684125047639E-04 -6.512043444315E-03 -6.157238183830E-04 -5.769907421176E-07  3.076147863928E-06  1.971177922900E-06  2.954267054832E-02  5.769907707090E-07  4.272738350901E-03 -3.358555661846E-20  4.680175046207E-21 -8.599601925352E-21 -3.975795080030E-04
  4.606968903790E+02  4.666673437347E+02  1.198157394328E+01 -7.839294462418E-15 -2.275306917496E-02  1.438318401798E+02  1.092004480951E-01  1.455767129280E-01 -6.749460888012E-02  6.882123641789E-04 -2.645989607250E-01  1.431779202857E+00 -4.869302351752E-03  6.222230568520E-03 -1.352928216755E-03 -6.148991338595E-03 -4.789655845226E-04 -4.741383262456E-07  2.969933909711E-06  3.363724185435E-06  2.786693421757E-02  4.741383414184E-07  2.689192831903E-03 -5.168382694102E-20  3.821211808129E-21 -1.703861083684E-20 -3.773382267219E-04
  4.726377970904E+02  4.787873640468E+02  1.200230170621E+01 -9.464227651001E-15 -2.117056695886E-02  1.443261810675E+02  1.068836237421E-01  1.426308479574E-01 -6.608207548896E-02  6.189682232798E-04 -2.453740031873E-01  1.446436400757E+00 -4.945005801949E-03  6.703539557919E-03 -1.758533755971E-03 -6.015648484708E-03 -3.855432857748E-04 -1.746756128685E-06  3.016917405127E-06  3.904044860919E-06  2.685973126374E-02  1.746756106837E-06  3.007317226065E-03 -4.539527357187E-20  3.369173434729E-21 -1.754602730927E-20 -3.725535009165E-04
  4.849369310031E+02  4.912709849682E+02  1.202286109523E+01 -1.170524665331E-14 -1.810530576752E-02  1.448170078756E+02  1.046412202191E-01  1.401562759586E-01 -6.449144569763E-02  6.500885902219E-04 -2.088227733134E-01  1.461935797422E+00 -5.048770702393E-03  7.121276907973E-03 -2.072506205530E-03 -5.882357671578E-03 -6.656738388878E-04 -1.565353587527E-06  3.209323564501E-06  2.581990834681E-06  2.604853565212E-02  1.565353616687E-06  2.863825010943E-03 -4.115678317224E-20  4.354526611412E-21 -9.706699115844E-21 -3.645568837367E-04
  4.976050389332E+02  5.041291145172E+02  1.204356029491E+01 -1.397403055538E-14 -1.661294658486E-02  1.453120872472E+02  1.024334463320E-01  1.380527300613E-01 -6.299989475676E-02  5.245341964791E-04 -1.914035189537E-01  1.479260448061E+00 -5.183537618144E-03  7.547185708227E-03 -2.363648090099E-03 -5.785063457911E-03 -4.870897501747E-04 -1.108625994736E-06  3.355664706699E-06  3.780603420970E-06  2.653472369972E-02  1.108625955428E-06  2.742421015476E-03 -4.097809058652E-20  5.714948162535E-21 -1.090639090353E-20 -3.663258584699E-04
  5.106531901012E+02  5.173729879527E+02  1.206615524362E+01 -1.592153181576E-14 -1.362181398931E-02  1.458536710690E+02  1.001750812417E-01  1.353866082219E-01 -6.141030568101E-02  6.023074025056E-04 -1.559659937630E-01  1.496076036388E+00 -5.228374884556E-03  7.898247295311E-03 -2.669872410714E-03 -5.978851876170E-03 -6.471366507120E-04 -3.151084816705E-07  3.494065277916E-06  4.896597333123E-06  2.679451083347E-02  3.151084862685E-07  2.723180732944E-03 -4.640502983956E-20  1.062357823866E-21 -1.339819313720E-20 -3.716834164220E-04
  5.240927858042E+02  5.310141775913E+02  1.208856815239E+01 -1.524262891831E-14 -1.204950078745E-02  1.463912326816E+02  9.788054284897E-02  1.322981929886E-01 -5.980146073199E-02  4.766948256728E-04 -1.371694804331E-01  1.517481617107E+00 -5.327701726998E-03  8.279013793083E-03 -2.951312066039E-03 -5.886327239422E-03 -3.456776136569E-04 -2.337336326161E-07  3.642491988022E-06  1.147322170756E-06  2.634278498486E-02  2.337336487821E-07  2.255192844873E-03 -4.188978226788E-20 -3.928743037790E-22 -1.110551111260E-20 -3.678193401447E-04
  5.379355693784E+02  5.450646029190E+02  1.211171970598E+01 -1.341894903933E-14 -9.749328930195E-03  1.469482868023E+02  9.565770902616E-02  1.288713050120E-01 -5.818920994089E-02  5.112728575643E-04 -1.104663131596E-01  1.541677720780E+00 -5.399621071023E-03  8.677372918869E-03 -3.277751847806E-03 -5.962503510828E-03 -4.645532199653E-04 -1.581050110657E-06  2.994429153945E-06  6.829686331510E-07  2.578093655822E-02  1.581050126576E-06  1.792885570038E-03 -3.538350768638E-20  4.072209007182E-21 -1.917138186730E-20 -3.708778560363E-04
  5.521936364597E+02  5.595365410066E+02  1.213450196599E+01 -1.361274945486E-14 -8.878035385916E-03  1.474977798729E+02  9.372850080371E-02  1.248581965912E-01 -5.656154589860E-02  4.249156703711E-04 -1.004402065555E-01  1.561800495484E+00 -5.434524009412E-03  8.934586587161E-03 -3.500062577760E-03 -5.894501555225E-03 -1.823920779300E-04 -9.894703382234E-07  1.990720878292E-06  1.171152317749E-06  2.535278592758E-02  9.894703350013E-07  9.410190137588E-04 -3.210407054452E-20  4.591103993371E-21 -1.697904917842E-20 -3.767659830971E-04
  5.668794455535E+02  5.743794455535E+02  1.215824882105E+01 -1.496567894205E-14 -8.026247535512E-03  1.480701343389E+02  9.196308126608E-02  1.208451137524E-01 -5.488969982122E-02  3.893148737552E-04 -9.042325959140E-02  1.563238836041E+00 -5.349546252509E-03  8.885598447419E-03 -3.536052194867E-03 -6.048559922002E-03 -1.854149712430E-04  4.974604168499E-07  1.734628072105E-06  4.524147716084E-07  2.412325189201E-02 -4.974604055779E-07  2.668082174136E-04 -4.700734096746E-20  9.647592896483E-22 -1.934064439817E-20 -3.656976776533E-04
  5.818794455535E+02  5.893794455535E+02  1.217973138743E+01 -1.565372173609E-14 -8.364542221140E-03  1.485874319840E+02  9.036045653639E-02  1.169623799093E-01 -5.333699940982E-02  3.256696623455E-04 -9.556718710963E-02  1.533660658315E+00 -5.113216187916E-03  8.533622138544E-03 -3.420405950591E-03 -5.585622242771E-03 -2.360953181876E-05  1.389514313314E-06  1.825615664980E-06 -1.124829851729E-06  2.302312638730E-02 -1.389514314018E-06 -1.458463162763E-03 -4.147741865084E-20  3.666477553719E-21 -1.159633224980E-20 -3.484603072906E-04
  5.968794455535E+02  6.043794455535E+02  1.220142679474E+01 -1.653458515215E-14 -1.074613127743E-02  1.491103732737E+02  8.877283538884E-02  1.141426797005E-01 -5.168137631077E-02  2.951527802241E-04 -1.252646585238E-01  1.508737231866E+00 -4.932432222315E-03  8.309204039862E-03 -3.376771817601E-03 -5.609825608219E-03  3.228086491621E-04  4.070473528702E-07  1.635097781539E-06 -1.570173897611E-06  2.298669894487E-02 -4.070473469355E-07 -2.363022917230E-03 -4.755231071331E-20  5.419486208726E-21 -1.998555221774E-20 -3.441919501080E-04
  6.118794455535E+02  6.193794455535E+02  1.222284273164E+01 -1.764748630070E-14 -1.279738036300E-02  1.496272671613E+02  8.705486692301E-02  1.114849230359E-01 -5.009216684669E-02  2.560514257902E-04 -1.509173103253E-01  1.485662533116E+00 -4.895348837142E-03  8.117095214636E-03 -3.221746377434E-03 -5.359062596876E-03  2.637522671788E-04 -2.079748144305E-07  1.755226583241E-06 -2.062055668730E-06  2.198728038932E-02  2.079748128548E-07 -2.148555966174E-03 -3.252978468827E-20  4.760383619848E-21 -1.368701959521E-20 -3.277408885249E-04
  6.268794455535E+02  6.343794455535E+02  1.224265903402E+01 -1.769054831733E-14 -1.479043288498E-02  1.501049647836E+02  8.523070891356E-02  1.093279133050E-01 -4.858049250504E-02  2.020979599845E-04 -1.761551762038E-01  1.459507418853E+00 -4.793097274643E-03  7.877004598893E-03 -3.083907324277E-03 -5.135857106829E-03  2.944651741771E-04 -4.119481029213E-07  1.907625637032E-06 -2.422780764675E-06  2.074958474861E-02  4.119480907776E-07 -1.726639865313E-03 -4.015499570533E-20  1.747072117024E-21 -1.610841936446E-20 -3.145922004911E-04
  6.418794455535E+02  6.493794455535E+02  1.226174803065E+01 -1.637007713267E-14 -1.605718897113E-02  1.505644633276E+02  8.336629787104E-02  1.075226494399E-01 -4.691713886335E-02  1.644937121424E-04 -1.934865182459E-01  1.439281641887E+00 -4.804411198984E-03  7.716910518514E-03 -2.912499319595E-03 -4.981473862793E-03  1.115868916119E-04  1.415175702218E-06  9.945139083401E-07 -1.943436965700E-07  2.098294651652E-02 -1.415175683810E-06 -1.667547267012E-03 -3.277212698672E-20  6.408859695190E-21 -2.237678227422E-20 -3.141718399508E-04
  6.568794455535E+02  6.643794455535E+02  1.228200130927E+01 -1.529298515804E-14 -1.792814552026E-02  1.510540544197E+02  8.155115645313E-02  1.050671985723E-01 -4.534832649105E-02  1.199327271315E-04 -2.178102857236E-01  1.420245897906E+00 -4.681550198822E-03  7.533701240962E-03 -2.852151042150E-03 -5.048867450811E-03  1.623432571307E-04  2.870125534102E-06 -3.580001244589E-07  2.278308737394E-06  2.107976623376E-02 -2.870125537054E-06 -1.287073299413E-03 -4.050845151409E-20  7.575885771234E-21 -2.556101447079E-20 -3.133966274258E-04
  6.718794455535E+02  6.793794455535E+02  1.230126330794E+01 -1.540153121502E-14 -1.845798692931E-02  1.515193668489E+02  7.972776561569E-02  1.031848600789E-01 -4.368766274339E-02  1.515552480953E-04 -2.256026662646E-01  1.395663845751E+00 -4.473340372004E-03  7.322014190503E-03 -2.848673818484E-03 -4.907478301056E-03  4.829682492177E-05  1.718738484615E-06 -1.017114136539E-06  3.104938449693E-06  2.054105248398E-02 -1.718738464015E-06 -8.712029531489E-05 -3.678011369591E-20 -2.593052579400E-21 -2.025420966773E-20 -3.022801978084E-04
  6.868794455535E+02  6.943794455535E+02  1.232050266178E+01 -1.541412588569E-14 -1.807665810058E-02  1.519847496291E+02  7.787338445215E-02  1.004496044818E-01 -4.205054312770E-02  8.443874145561E-05 -2.209393166568E-01  1.380183938614E+00 -4.433892595882E-03  7.245392644781E-03 -2.811500048965E-03 -4.839155669916E-03 -7.437294857371E-05  2.369238105482E-07 -1.090934874679E-06  1.290177353998E-06  2.015296072502E-02 -2.369238104210E-07  3.212816399926E-04 -3.652793923766E-20  2.239833911744E-21 -2.060656246049E-20 -3.009264756780E-04
  7.018794455535E+02  7.093794455535E+02  1.233905477113E+01 -1.520065554909E-14 -1.785691596139E-02  1.524346452274E+02  7.601598579140E-02  9.726027852967E-02 -4.031478356601E-02  1.536986021261E-04 -2.181029679006E-01  1.364321712371E+00 -4.349840319042E-03  7.056765757389E-03 -2.706925438334E-03 -4.759240874295E-03 -1.253790991738E-04  1.583009861433E-06 -1.631709554579E-06 -7.637714408942E-07  2.023307290329E-02 -1.583009863699E-06  5.159762651252E-05 -3.733188367175E-20 -6.408849349118E-22 -2.548992666572E-20 -3.023976468349E-04
  7.168794455535E+02  7.243794455535E+02  1.235844966745E+01 -1.619866158888E-14 -1.798230431587E-02  1.529056323689E+02  7.410102583538E-02  9.475942677376E-02 -3.844943309174E-02  1.164058488362E-04 -2.194191163744E-01  1.349504557066E+00 -4.236780508143E-03  6.997530891550E-03 -2.760750383414E-03 -4.899525320221E-03 -1.005768750468E-04  3.742997250952E-07 -2.764837050568E-06 -2.763802143218E-06  1.959465540960E-02 -3.742997350634E-07 -6.788716544868E-05 -2.927448722733E-20  6.013296715497E-21 -2.068340716113E-20 -2.977078237245E-04
  7.318794455535E+02  7.393794455535E+02  1.237579253130E+01 -1.678105132066E-14 -1.798104078530E-02  1.533282383977E+02  7.215019216422E-02  9.210427885914E-02 -3.660764962862E-02  1.603045531561E-04 -2.190951826902E-01  1.331569761286E+00 -4.173183803243E-03  6.822346838442E-03 -2.649163035319E-03 -4.623987920183E-03 -2.160954660175E-04 -9.944745568856E-07 -3.435713463728E-06 -3.405895845425E-06  1.869862827757E-02  9.944745671239E-07  3.603615318975E-04 -3.537552768851E-20 -6.545909549643E-22 -2.158892038667E-20 -2.853979968345E-04
  7.468794455535E+02  7.543794455535E+02  1.239350152602E+01 -1.604677531803E-14 -1.731631182983E-02  1.537615831635E+02  7.013344057581E-02  9.010409768677E-02 -3.462671951151E-02  1.779613919977E-04 -2.102182380410E-01  1.309795948852E+00 -4.103032643121E-03  6.639473268664E-03 -2.536440625474E-03 -4.476351421137E-03 -2.260018562751E-04 -2.142398219123E-07 -2.819285591151E-06 -2.207826492264E-06  1.733014744340E-02  2.142398205699E-07  7.827892700790E-04 -2.278359194244E-20  1.218988889171E-21 -2.117746118529E-20 -2.649019598598E-04
  7.618794455535E+02  7.693794455535E+02  1.240828705253E+01 -1.479908905563E-14 -1.653121750831E-02  1.541240077044E+02  6.800173573708E-02  8.829488647906E-02 -3.269369518393E-02  1.925581026083E-04 -2.002565966436E-01  1.291627557564E+00 -4.119168739059E-03  6.525927908772E-03 -2.406759169700E-03 -3.982427788803E-03 -2.619041498075E-04  1.475951668714E-07 -1.857900356837E-06 -1.402611242588E-07  1.586009168460E-02 -1.475951689630E-07  5.706978295385E-04 -2.696171947165E-20  3.597151042378E-21 -1.827332865938E-20 -2.432189222042E-04
  7.768794455535E+02  7.843794455535E+02  1.242324960835E+01 -1.257057963220E-14 -1.625063918291E-02  1.544924107134E+02  6.570359602052E-02  8.664582271003E-02 -3.067485855776E-02  1.411968478448E-04 -1.953883525640E-01  1.270675808360E+00 -4.133263364689E-03  6.412610677479E-03 -2.279347312807E-03 -3.828801451829E-03 -1.416159327389E-04  1.146774514173E-07 -1.818448745434E-06  1.271200506413E-06  1.530335167843E-02 -1.146774401539E-07 -2.288874908207E-04 -2.869090943102E-20  1.363016379382E-21 -2.369430452236E-20 -2.304197815775E-04
  7.918794455535E+02  7.993794455535E+02  1.243698939693E+01 -9.938421974854E-15 -1.695222439902E-02  1.548307102871E+02  6.319853479712E-02  8.626689048529E-02 -2.864014849164E-02  1.847793753661E-04 -2.041974208391E-01  1.255694820557E+00 -4.104978902232E-03  6.287968215556E-03 -2.182989313360E-03 -3.520921370549E-03  4.121481317748E-05 -8.795074867645E-07 -1.848514209465E-06  4.037935983337E-08  1.468878266499E-02  8.795074976196E-07 -7.797434525318E-04 -3.640640385309E-20  2.278278391493E-21 -2.820982017888E-20 -2.150258391817E-04
  8.068794455535E+02  8.143794455535E+02  1.245079355596E+01 -7.706596934683E-15 -1.770615103924E-02  1.551708393485E+02  6.047162334009E-02  8.534412924199E-02 -2.658874627416E-02  1.119448094956E-04 -2.138673951361E-01  1.241441669126E+00 -4.033647905624E-03  6.186880978016E-03 -2.153233072445E-03 -3.401853373219E-03  6.607232320086E-05 -1.083926438546E-06 -1.486519783824E-06 -1.369822865372E-06  1.443227074393E-02  1.083926464533E-06 -4.412965525110E-04 -3.084993647369E-20  7.148658250628E-21 -2.257593281299E-20 -2.102783163093E-04
  8.218794455535E+02  8.293794455535E+02  1.246404653923E+01 -5.525769475959E-15 -1.777564503190E-02  1.554968453626E+02  5.757061818458E-02  8.398064805072E-02 -2.447613111957E-02  1.198589011480E-04 -2.156743780616E-01  1.229187459263E+00 -3.914638168770E-03  6.048359092251E-03 -2.133720923508E-03 -3.318598189764E-03 -5.877666469239E-05 -1.164909878996E-07 -1.301742900418E-06 -1.347581721679E-06  1.431845303694E-02  1.164909958883E-07  4.511855241383E-04 -2.704711944701E-20  2.651049807213E-21 -2.908975628051E-20 -2.072068612491E-04
  8.368794455535E+02  8.443794455535E+02  1.247763981726E+01 -3.934147278783E-15 -1.685723466121E-02  1.558319911781E+02  5.443180129154E-02  8.289086218400E-02 -2.239307026205E-02  1.423310926062E-05 -2.045315919958E-01  1.212687620720E+00 -3.761040968082E-03  5.920860389468E-03 -2.159819421334E-03 -3.301022238590E-03 -2.129029203956E-04  1.398153975844E-07 -1.268904894969E-06 -5.626212036716E-07  1.392963087063E-02 -1.398153805248E-07  2.760490831236E-04 -1.775231202766E-20  4.086297107507E-21 -3.127918138999E-20 -1.991770034189E-04
  8.518794455535E+02  8.593794455535E+02  1.249017230036E+01 -3.273814957553E-15 -1.726010716311E-02  1.561416970170E+02  5.105330188646E-02  8.105161037272E-02 -2.027597917512E-02 -3.228612563529E-05 -2.102309648550E-01  1.204077271861E+00 -3.658324819836E-03  5.869348931218E-03 -2.211024111386E-03 -3.072914267776E-03 -6.920068982834E-05  5.877478800700E-07 -1.130306937222E-06 -8.841620487069E-07  1.326903532357E-02 -5.877478769670E-07  6.535632188952E-05 -2.178232907690E-20  4.586580023613E-21 -3.067403358744E-20 -1.928741615466E-04
  8.668794455535E+02  8.743794455535E+02  1.250252455233E+01 -3.307700323132E-15 -1.674318082838E-02  1.564475880443E+02  4.747949167067E-02  7.886287978066E-02 -1.820105232315E-02 -7.933365264814E-05 -2.040833024314E-01  1.197922620269E+00 -3.637236259471E-03  5.897675387044E-03 -2.260439127591E-03 -3.098298286104E-03 -2.072955824303E-04  1.068216088890E-06 -8.125817369121E-07 -1.005966762065E-06  1.326237462251E-02 -1.068216093190E-06  6.046160414971E-04 -1.976264291635E-20 -2.310579166882E-22 -2.566759645446E-20 -1.924235326697E-04
  8.818794455535E+02  8.893794455535E+02  1.251503908225E+01 -3.226892928213E-15 -1.613208271392E-02  1.567573566630E+02  4.386250488562E-02  7.660460964876E-02 -1.607006601566E-02 -4.095335813207E-05 -1.973998042479E-01  1.184601322336E+00 -3.531773247289E-03  5.707794753700E-03 -2.176021506356E-03 -3.003836992453E-03 -2.190806198588E-04  1.723556486102E-06 -1.235055464803E-07 -6.714124117886E-07  1.263749952718E-02 -1.723556483479E-06  6.170964144981E-04 -1.612605266575E-20  1.252894631250E-21 -2.652517169318E-20 -1.774701988912E-04
  8.968794455535E+02  9.043794455535E+02  1.252622080147E+01 -3.474183397564E-15 -1.558532494947E-02  1.570344205407E+02  4.013335178216E-02  7.496665634928E-02 -1.394139121317E-02 -7.878758268320E-05 -1.909114746546E-01  1.170948220196E+00 -3.460377246618E-03  5.542162444407E-03 -2.081785197736E-03 -2.640743074884E-03 -1.947587445347E-04  1.949280597804E-06  7.364039297586E-07 -1.448254712883E-07  1.163502635959E-02 -1.949280592118E-06  5.568684590998E-04 -1.477439237436E-20 -1.821021945355E-21 -3.140781019171E-20 -1.558506264979E-04
  9.118794455535E+02  9.193794455535E+02  1.253686119608E+01 -4.400657355880E-15 -1.508610613328E-02  1.572981498485E+02  3.612334291467E-02  7.512276459475E-02 -1.183274116469E-02 -5.998715116534E-06 -1.846293999443E-01  1.158353393530E+00 -3.444835796371E-03  5.442315661827E-03 -1.997479865438E-03 -2.400425945935E-03 -1.743622934773E-04  1.282290452184E-06  9.980612696874E-07 -7.053414242505E-07  1.097731973321E-02 -1.282290461842E-06  8.823451775371E-04 -1.714607739015E-20 -5.511200707730E-22 -2.826153858921E-20 -1.459789456002E-04
  9.268794455535E+02  9.343794455535E+02  1.254680963597E+01 -4.692558516241E-15 -1.393031441385E-02  1.575450887182E+02  3.165114275490E-02  7.607252306027E-02 -9.645758812524E-03 -3.213518364244E-05 -1.704120049215E-01  1.146068775028E+00 -3.348757540520E-03  5.360218925238E-03 -2.011461384720E-03 -2.290176422892E-03 -2.126896576467E-04  1.549656729370E-07  7.990683000970E-07 -1.268759249343E-06  1.122098665635E-02 -1.549656526188E-07  3.216052406478E-04 -1.706771018233E-20  2.531060344421E-22 -2.307676028934E-20 -1.412838157404E-04
  9.418794455535E+02  9.493794455535E+02  1.255789977585E+01 -4.337496001839E-15 -1.448382003029E-02  1.578221551143E+02  2.641340177233E-02  7.763689630631E-02 -7.521937394830E-03  1.303636028349E-05 -1.768536197128E-01  1.145734752837E+00 -3.387120647460E-03  5.296857783493E-03 -1.909737136066E-03 -2.201585612643E-03  5.203688465777E-05 -1.057202662982E-08  7.282739605770E-07  5.055890323209E-07  1.186622029195E-02  1.057202437094E-08 -3.092901108413E-05 -1.366954352183E-20  6.487315782522E-24 -2.621011749929E-20 -1.338054340630E-04
  9.568794455535E+02  9.643794455535E+02  1.256905712950E+01 -3.981207977582E-15 -1.398525538968E-02  1.581012706863E+02  2.016828366173E-02  7.978838997284E-02 -5.312125215587E-03 -3.036641433973E-05 -1.707098076415E-01  1.161114122383E+00 -3.404294336015E-03  5.234664629599E-03 -1.830370293616E-03 -2.169604412013E-03 -5.584963017179E-05  8.075624241756E-07  8.342126877710E-07  3.495024182312E-07  1.350399726247E-02 -8.075624059636E-07 -5.015856072533E-04 -1.805957924674E-20  3.265044071449E-22 -2.306819432020E-20 -1.467497472235E-04
  9.718794455535E+02  9.793794455535E+02  1.258322094540E+01 -2.890417713841E-15 -1.542172664368E-02  1.584577368346E+02  1.245022339041E-02  8.527488724754E-02 -3.120690785730E-03  8.432686415375E-06 -1.885239188579E-01  1.231855339429E+00 -3.514252414518E-03  5.647019973645E-03 -2.132767559111E-03 -2.609106636399E-03  1.643710156393E-04  2.546988310761E-08  5.694306591474E-07 -3.082113013755E-07  1.738395049383E-02 -2.546988029774E-08 -7.396421902064E-04 -1.115285863304E-20 -1.214730351748E-21 -1.224417678234E-20 -1.962181861508E-04
  9.868794455535E+02  9.943794455535E+02  1.260165235804E+01 -9.589244003884E-16 -1.537231582133E-02  1.589291350178E+02  2.559806853592E-03  9.818731595870E-02 -9.190823177734E-04  8.645415303764E-06 -1.866182767369E-01  1.256733963882E+00 -3.912318382358E-03  6.395404023785E-03 -2.483085641563E-03 -3.332007011456E-03  1.622403992009E-05 -1.684300677065E-06  1.497517756905E-07  4.349845489430E-07  9.830328496429E-03  1.684300694681E-06  2.588297400423E-05 -1.154662361424E-20  1.063965869648E-21 -1.590868539890E-20 -1.006448617964E-04
