                   y                  ym                   U                   V                   W                 U^2                 V^2                 W^2                  UV                  VW                  UW                VISC               SFSxx               SFSyy               SFSzz               SFSxy               SFSyz                dUdX                dVdX                dWdX                dUdY                dVdY                dWdY                dUdZ                dVdZ                dWdZ              SFSxym
 -4.000000000000E+00 -2.000000000000E+00  0.000000000000E+00  0.000000000000E+00  0.000000000000E+00  0.000000000000E+00  0.000000000000E+00  0.000000000000E+00  0.000000000000E+00  0.000000000000E+00  0.000000000000E+00  0.000000000000E+00  0.000000000000E+00  0.000000000000E+00  0.000000000000E+00  0.000000000000E+00  0.000000000000E+00  0.000000000000E+00  0.000000000000E+00  0.000000000000E+00  0.000000000000E+00  0.000000000000E+00  0.000000000000E+00  0.000000000000E+00  0.000000000000E+00  0.000000000000E+00  0.000000000000E+00
  2.220446049250E-16  2.000000000000E+00  7.693738389564E+00 -7.112363360299E-16 -4.338796463688E-02  6.018039061081E+01  1.867936704846E-02  2.638030465231E-01 -5.445287338974E-02 -2.955828121654E-04 -3.437166105854E-01  4.371414769488E-01 -2.419252179941E-04  1.288716938608E-03 -1.046791720579E-03 -1.709258155594E+00  6.677552778697E-03 -4.759862070969E-04 -4.488468860365E-05  6.399011135138E-06  3.226525446000E+01  4.759862070727E-04 -1.877315812927E-01 -3.096905832015E-20 -3.168565261515E-21 -9.048313017089E-21 -2.349198457393E-03
  4.000000000000E+00  6.000000000000E+00  8.439007799273E+00 -1.904329667048E-15 -5.047163277672E-02  7.208977195301E+01  7.468583238129E-02  2.414358250323E-01 -1.009391268782E-01 -1.123226454718E-04 -4.412862467603E-01  3.086805045591E+00  5.934061046777E-02 -7.872915911677E-02  1.938854864985E-02 -2.950261833594E-01 -2.857326922733E-02  1.314865460730E-04 -7.047460667392E-05 -2.567382785457E-06  2.007876702465E+00 -1.314865460903E-04 -1.374744970112E-02  5.906004287079E-21 -8.512719678244E-22 -1.801066520173E-21 -2.208700055988E-02
  8.000000000000E+00  1.000000000000E+01  8.697547756952E+00 -2.811655494655E-15 -5.030610895324E-02  7.639750314722E+01  8.866797560942E-02  2.207473237587E-01 -9.926788573340E-02 -1.544304027884E-04 -4.547070591120E-01  3.231348767606E+00  3.757247180973E-02 -1.015844433117E-01  6.401197150299E-02 -1.915178191119E-01 -2.441369582224E-03  9.153718872005E-05 -4.023831369721E-05  1.999234282826E-06  9.955814082335E-01 -9.153718872722E-05  1.254734534001E-03 -6.764638368321E-21  2.173178266622E-22 -2.644675314844E-21 -1.152651424977E-02
  1.200000000000E+01  1.400000000000E+01  8.936800767264E+00 -3.479027179190E-15 -4.979754800999E-02  8.059670230266E+01  9.597155621169E-02  2.153113925320E-01 -1.059978165970E-01 -9.321669607169E-05 -4.629836002841E-01  3.183732870020E+00  3.518046183875E-02 -9.401055822130E-02  5.883009638274E-02 -1.780989861281E-01  1.276386134371E-03  5.516599655668E-05 -2.359449846869E-05  3.811482991708E-07  8.258838550954E-01 -5.516599659362E-05  2.567079356452E-03 -4.767291411619E-21 -5.492544148041E-21  1.000699671030E-20 -9.772473535086E-03
  1.600000000000E+01  1.800000000000E+01  9.110493918140E+00 -3.468572913337E-15 -4.900299271064E-02  8.370220607208E+01  1.019688991447E-01  2.109655267542E-01 -1.058461503593E-01 -9.415338909213E-05 -4.645712154936E-01  3.005296939550E+00  2.916290129476E-02 -8.365803321211E-02  5.449513191828E-02 -1.317835210336E-01  9.485410852432E-04  4.333134731367E-05 -1.511207547206E-05 -2.628145376117E-06  6.548487037033E-01 -4.333134730961E-05  3.129814834058E-03 -5.368231443952E-21  4.254889869467E-21  1.473709143952E-20 -7.666352489411E-03
  2.000000000000E+01  2.200000000000E+01  9.264220262205E+00 -2.799954495689E-15 -4.824453021595E-02  8.651275948323E+01  1.072299276412E-01  2.094219322354E-01 -1.079944954378E-01 -7.011601029167E-05 -4.655319741606E-01  2.881323132013E+00  2.588044652707E-02 -7.603861349342E-02  5.015816696649E-02 -1.150663828152E-01  3.072321767056E-04  3.618976572854E-05 -1.052891658666E-05 -3.986425458766E-06  5.614076851352E-01 -3.618976575395E-05  3.428567813343E-03 -7.668689153412E-22 -2.836199048277E-21  3.041798633403E-20 -6.571361962684E-03
  2.400000000000E+01  2.600000000000E+01  9.391169562082E+00 -1.915439974600E-15 -4.730367697088E-02  8.886772724643E+01  1.118025428369E-01  2.080269800472E-01 -1.081866917364E-01 -4.957025493141E-05 -4.631588847734E-01  2.752136353656E+00  2.254321113036E-02 -6.943569580668E-02  4.689248467586E-02 -9.519006995561E-02 -4.911277075416E-05  2.209254840561E-05 -7.149749861191E-06 -3.554921037362E-06  4.801129936016E-01 -2.209254838814E-05  3.294481403044E-03 -1.986028377996E-20  6.169888449688E-22  4.026198430707E-20 -5.583982672055E-03
  2.800000000000E+01  3.000000000000E+01  9.504264585519E+00 -9.926732287731E-16 -4.661511007355E-02  9.099654303525E+01  1.156898827618E-01  2.073028354898E-01 -1.090104430014E-01 -6.303122247398E-05 -4.619881813311E-01  2.651917855758E+00  2.033884945488E-02 -6.434143005770E-02  4.400258060329E-02 -8.415580082171E-02 -2.043784554048E-04  1.286640453381E-05 -4.735309485956E-06 -5.827921463665E-06  4.247394907063E-01 -1.286640456518E-05  2.671551406049E-03 -7.140766797355E-21 -6.426712177853E-21  4.686648716584E-20 -4.929753550987E-03
  3.200000000000E+01  3.400000000000E+01  9.603543433987E+00  3.133087683969E-17 -4.597440910796E-02  9.288642352485E+01  1.189667818047E-01  2.064679403997E-01 -1.091591918536E-01 -4.190334979788E-05 -4.604918469113E-01  2.556435807806E+00  1.823000229626E-02 -5.976703513015E-02  4.153703283405E-02 -7.382941422309E-02 -1.770814111316E-04  1.713149306493E-05 -3.417261872612E-06 -4.424517059467E-06  3.796286633927E-01 -1.713149301952E-05  2.986623796808E-03 -7.932098976317E-21 -8.061399826582E-21  4.744645182788E-20 -4.386521167493E-03
  3.600000000000E+01  3.800000000000E+01  9.694106856647E+00  1.219216640263E-15 -4.512286922660E-02  9.462916476395E+01  1.216794201501E-01  2.061757619861E-01 -1.095043421175E-01 -3.735575137184E-05 -4.564263369844E-01  2.475254766332E+00  1.646811801937E-02 -5.592696789298E-02  3.945884987361E-02 -6.683206689420E-02 -4.338974166131E-04  1.833316238643E-05 -3.143087451715E-06 -6.618335674549E-06  3.457332954295E-01 -1.833316239958E-05  3.718730855172E-03 -7.669842944322E-21 -8.917583703383E-21  5.632032859697E-20 -3.980706902293E-03
  4.000000000000E+01  4.200000000000E+01  9.776438856087E+00  1.792586334000E-15 -4.411794887330E-02  9.622821023130E+01  1.239089775463E-01  2.057567083637E-01 -1.095407958538E-01 -1.499591154106E-05 -4.502684584898E-01  2.402362733023E+00  1.515943012313E-02 -5.280564727786E-02  3.764621715499E-02 -6.065092907095E-02 -5.790343922081E-04  6.940046990218E-06 -3.972381960206E-06 -5.065473525321E-06  3.175554542852E-01 -6.940046949456E-06  4.441956671520E-03 -4.403725506178E-21  6.368200052896E-22  4.356499501322E-20 -3.641310495526E-03
  4.400000000000E+01  4.600000000000E+01  9.852885822005E+00  1.355558532900E-15 -4.290316036768E-02  9.772623319410E+01  1.257133820686E-01  2.052488290394E-01 -1.096899418448E-01  6.697244957238E-07 -4.418180358762E-01  2.338385502545E+00  1.393766607336E-02 -5.014503646257E-02  3.620737038917E-02 -5.596110495817E-02 -7.080160408689E-04  6.010869292429E-06 -4.722332494934E-06 -2.491139754901E-06  2.946196731875E-01 -6.010869294874E-06  5.460138231450E-03 -8.730689648390E-21  3.228326679117E-21  6.499610996161E-20 -3.360146587100E-03
  4.800000000000E+01  5.000000000000E+01  9.923746991996E+00  9.381447261108E-16 -4.137882279015E-02  9.912603850141E+01  1.271616431292E-01  2.048196473211E-01 -1.096761816890E-01  2.040117910755E-05 -4.298744978234E-01  2.279806735984E+00  1.288808296563E-02 -4.775069348136E-02  3.486261051591E-02 -5.166872678809E-02 -8.157479648252E-04  9.534778728078E-06 -5.014134453055E-06 -6.061631095984E-07  2.752561400308E-01 -9.534778744586E-06  5.915272976574E-03 -6.572921469315E-21 -3.665144045088E-21  6.287567383666E-20 -3.118941464889E-03
  5.200000000000E+01  5.400000000000E+01  9.990527610836E+00  1.025867523887E-15 -3.992529661986E-02  1.004546426274E+02  1.283393292875E-01  2.042582887565E-01 -1.097185883504E-01  2.220505161462E-05 -4.182073180159E-01  2.226960533790E+00  1.206351571527E-02 -4.566310041324E-02  3.359958469798E-02 -4.816245708773E-02 -8.339719921052E-04  5.638663351915E-06 -5.368427038931E-06  8.202702065930E-08  2.589637898614E-01 -5.638663289578E-06  5.406283918312E-03 -1.012982475045E-20  3.712650889942E-21  6.073687068534E-20 -2.911285577393E-03
  5.600000000000E+01  5.800000000000E+01  1.005322525390E+01  8.147933373287E-16 -3.865246419281E-02  1.017105628097E+02  1.293064224696E-01  2.034803169842E-01 -1.096701430206E-01  2.397360101750E-05 -4.078208456345E-01  2.178047185866E+00  1.124676351432E-02 -4.375890949960E-02  3.251214598528E-02 -4.506465985137E-02 -7.849936301246E-04  5.664130150411E-06 -5.475617546234E-06  1.421521302184E-06  2.440586068602E-01 -5.664130190770E-06  4.679476762191E-03  1.739677635585E-20 -3.312113599240E-21  5.364627116297E-20 -2.731888765759E-03
  6.000000000000E+01  6.200000000000E+01  1.011253959714E+01  8.435209001920E-17 -3.757142923986E-02  1.029065080806E+02  1.300893609683E-01  2.024183991062E-01 -1.096386092764E-01  3.162846476389E-05 -3.991150193981E-01  2.133734135586E+00  1.056223710777E-02 -4.205591446556E-02  3.149367735806E-02 -4.238785154261E-02 -7.103049612609E-04  4.621029856080E-06 -4.965267250813E-06  1.313885571460E-06  2.311904655613E-01 -4.621029919757E-06  3.745448244896E-03  1.970963921814E-20  6.083272338088E-21  6.239868435791E-20 -2.573026114389E-03
  6.400000000000E+01  6.600000000000E+01  1.016883077662E+01 -9.671994514971E-16 -3.677633821396E-02  1.040477727862E+02  1.307308823130E-01  2.015193254745E-01 -1.095588510007E-01  1.219584982455E-05 -3.930659232323E-01  2.089136804162E+00  9.905363065033E-03 -4.040960227849E-02  3.050423921354E-02 -3.991498961975E-02 -5.388280802461E-04  6.229813056076E-06 -4.505893719120E-06  1.818701687783E-06  2.192662411948E-01 -6.229813117086E-06  2.846122678524E-03  2.217530444281E-20 -2.128346548848E-21  6.400976248762E-20 -2.426273599992E-03
  6.800000000000E+01  7.000000000000E+01  1.022218325039E+01 -1.748331902790E-15 -3.614895244125E-02  1.051352362732E+02  1.312189006464E-01  2.006856804622E-01 -1.094968885060E-01  2.447499649074E-05 -3.884287181426E-01  2.048179264696E+00  9.253078764303E-03 -3.884057229140E-02  2.958749352715E-02 -3.770289719270E-02 -4.329793501708E-04  5.836894904944E-06 -4.361640559007E-06  2.380075019423E-06  2.085030933564E-01 -5.836894892801E-06  2.621150084780E-03  1.147289203125E-20  5.155059168736E-21  5.469372202978E-20 -2.292079973232E-03
  7.200000000000E+01  7.400000000000E+01  1.027307421028E+01 -1.221621192876E-15 -3.547253423545E-02  1.061781869539E+02  1.315557924802E-01  1.998527945607E-01 -1.094221233986E-01  3.006117385502E-05 -3.832234267677E-01  2.010317524148E+00  8.737578093677E-03 -3.749139880963E-02  2.875382071584E-02 -3.567901185505E-02 -4.236963194281E-04  3.019490389777E-06 -4.074276850039E-06  1.171067289967E-06  1.996815630688E-01 -3.019490392918E-06  2.919558190880E-03  1.434723255025E-20 -5.745580796371E-21  4.384633334061E-20 -2.174093453589E-03
  7.600000000000E+01  7.800000000000E+01  1.032202645940E+01  1.747605424089E-16 -3.470558576602E-02  1.071857370079E+02  1.317720000230E-01  1.989951673157E-01 -1.093362385355E-01  4.766415907071E-05 -3.768625467979E-01  1.975063655458E+00  8.245143770834E-03 -3.623668655015E-02  2.799154277956E-02 -3.394012062845E-02 -4.498032767395E-04  3.263638055151E-06 -3.840896723846E-06  2.608928551928E-06  1.919862527669E-01 -3.263638006508E-06  3.314749833436E-03  1.705729738415E-20 -4.373759145213E-21  6.098174717405E-20 -2.069947592370E-03
  8.000000000000E+01  8.200000000000E+01  1.036907065955E+01  8.864789689348E-16 -3.382506620094E-02  1.081584475101E+02  1.318834785705E-01  1.981015823321E-01 -1.092595187761E-01  6.014163140052E-05 -3.692050960323E-01  1.941208670660E+00  7.848219156485E-03 -3.507850568316E-02  2.723028652703E-02 -3.231297140871E-02 -4.938213143529E-04 -9.144399395862E-08 -3.731054886384E-06  2.160028555070E-06  1.841919204843E-01  9.144395440549E-08  3.761405829078E-03  2.847926011584E-20  4.079362143283E-22  6.441222163388E-20 -1.970669477223E-03
  8.400000000000E+01  8.600000000000E+01  1.041411788520E+01  1.894553632899E-15 -3.282665116438E-02  1.090939956945E+02  1.319138202237E-01  1.973178611519E-01 -1.091732144518E-01  8.544674776817E-05 -3.602860903048E-01  1.910619340847E+00  7.466163060111E-03 -3.403452198209E-02  2.656835892184E-02 -3.077365892839E-02 -5.678869739452E-04 -2.526734942342E-06 -3.668531106906E-06  4.534473850463E-06  1.770959345760E-01  2.526734970264E-06  4.327508667373E-03  2.632896344299E-20  8.611552627479E-22  5.601944248871E-20 -1.880935493934E-03
  8.800000000000E+01  9.000000000000E+01  1.045761521299E+01  4.033174799631E-15 -3.166624845179E-02  1.100012052267E+02  1.318733581825E-01  1.965809315711E-01 -1.090691031480E-01  1.027531241235E-04 -3.496075877158E-01  1.880677000623E+00  7.033589922046E-03 -3.300729051379E-02  2.597370059180E-02 -2.938970281932E-02 -6.671687973985E-04  8.107786250691E-07 -3.702488554295E-06  4.195009088637E-06  1.703320875524E-01 -8.107786324198E-07  4.495370493450E-03  2.118350737827E-20  2.241729805243E-22  6.422074830515E-20 -1.792635916091E-03
  9.200000000000E+01  9.400000000000E+01  1.049928942027E+01  5.059334317233E-15 -3.059045435365E-02  1.108740601276E+02  1.317572716786E-01  1.959743151667E-01 -1.089808873769E-01  1.106451785217E-04 -3.396508640841E-01  1.852394422264E+00  6.643380686944E-03 -3.206250956184E-02  2.541912887465E-02 -2.800349594812E-02 -5.868712854532E-04  6.911844909890E-07 -3.835105010228E-06 -2.007326273543E-07  1.645064805218E-01 -6.911844656433E-07  3.740132103623E-03  2.972895526937E-20 -1.519798061703E-21  4.246377867504E-20 -1.715299919740E-03
  9.600000000000E+01  9.800000000000E+01  1.053987978882E+01  5.559268757144E-15 -2.981342935379E-02  1.117273340128E+02  1.316004361612E-01  1.955083385330E-01 -1.088770702632E-01  1.141552226599E-04 -3.324874221836E-01  1.825260002016E+00  6.394179224198E-03 -3.123606740591E-02  2.484188818177E-02 -2.689659059515E-02 -3.997593975957E-04  7.687549452685E-07 -3.840573783187E-06  2.986027064733E-06  1.593265534093E-01 -7.687549636979E-07  2.885547631396E-03  1.424033699596E-20  4.964373880844E-21  5.364616710219E-20 -1.645470677280E-03
  1.000000000000E+02  1.020000000000E+02  1.057895350769E+01  7.216276693677E-15 -2.915618088126E-02  1.125517856637E+02  1.314389849278E-01  1.948424089989E-01 -1.087875175220E-01  1.287981062983E-04 -3.264182306014E-01  1.796811050398E+00  6.131112039859E-03 -3.037645714935E-02  2.424534510941E-02 -2.576083115361E-02 -3.282373077134E-04  8.503306543383E-07 -3.496984456549E-06  4.931686685872E-06  1.532136173914E-01 -8.503306308861E-07  2.670411958168E-03  2.360737561695E-20  2.520253919635E-22  5.018908396898E-20 -1.573606727118E-03
  1.040000000000E+02  1.060000000000E+02  1.061647512155E+01  7.789983357450E-15 -2.847966583419E-02  1.133458554470E+02  1.312798433003E-01  1.939832943941E-01 -1.086948234020E-01  1.431032873837E-04 -3.199422091443E-01  1.768477703294E+00  5.865214676091E-03 -2.952509669736E-02  2.365988202140E-02 -2.458787558532E-02 -3.867649721303E-04  1.981134754504E-08 -3.152099529873E-06  1.632607022887E-06  1.476010825051E-01 -1.981137726975E-08  2.762520525753E-03  3.362396560938E-20 -4.843507866579E-21  6.144679212249E-20 -1.504395303466E-03
  1.080000000000E+02  1.100000000000E+02  1.065274288173E+01  7.183668301417E-15 -2.778057726727E-02  1.141159297273E+02  1.311205992489E-01  1.930529138730E-01 -1.085990668682E-01  1.548867690600E-04 -3.130298016031E-01  1.742997481283E+00  5.643736771187E-03 -2.874270485560E-02  2.309896808438E-02 -2.358883923765E-02 -3.981894100287E-04 -4.008393145245E-07 -3.074013459672E-06 -1.538238341558E-07  1.430058304535E-01  4.008393292610E-07  2.802113731909E-03  1.812041564644E-20 -1.243222074997E-21  5.531628697770E-20 -1.447973550452E-03
  1.120000000000E+02  1.140000000000E+02  1.068797156520E+01  7.538986723672E-15 -2.709272884208E-02  1.148657927266E+02  1.309648577622E-01  1.921470386581E-01 -1.084813615205E-01  1.734200453240E-04 -3.062576334711E-01  1.718449067442E+00  5.427897279801E-03 -2.800986072344E-02  2.258196344323E-02 -2.274339783596E-02 -4.370947216638E-04  2.149650513458E-06 -3.111239176637E-06  1.842096486599E-06  1.383119012004E-01 -2.149650541897E-06  2.958863201713E-03  2.332803823243E-20  3.154451981175E-22  5.103837473107E-20 -1.392815983105E-03
  1.160000000000E+02  1.180000000000E+02  1.072189943647E+01  7.859194776453E-15 -2.631236156891E-02  1.155900353816E+02  1.308001448865E-01  1.911806774111E-01 -1.083939081244E-01  1.796244540000E-04 -2.983095765381E-01  1.694220645520E+00  5.185960431556E-03 -2.727237005291E-02  2.208640962126E-02 -2.180600458292E-02 -4.359321390585E-04  4.348773986302E-06 -3.260718129277E-06  2.731645335361E-06  1.336998026612E-01 -4.348773954910E-06  3.637704361633E-03  2.475117125600E-20 -7.390491563935E-21  5.060151564958E-20 -1.336327317868E-03
  1.200000000000E+02  1.220000000000E+02  1.075482331596E+01  7.851091377136E-15 -2.527472112170E-02  1.162946605242E+02  1.306195967773E-01  1.900662075865E-01 -1.082922028055E-01  1.967980864232E-04 -2.875020376154E-01  1.671020088086E+00  4.965939817679E-03 -2.657013242372E-02  2.160419260599E-02 -2.095010386238E-02 -4.718402844905E-04  1.846389552369E-06 -3.467970449766E-06  2.533326424945E-06  1.292201705445E-01 -1.846389556156E-06  4.295096045905E-03  3.596978679030E-20 -5.719083112494E-21  5.526046823616E-20 -1.281076434215E-03
  1.240000000000E+02  1.260000000000E+02  1.078650468817E+01  8.444271179288E-15 -2.416020373896E-02  1.169743599573E+02  1.304461537689E-01  1.890401864720E-01 -1.081853318134E-01  2.044930521114E-04 -2.758288971701E-01  1.647741234493E+00  4.709096797210E-03 -2.588959186273E-02  2.118049506544E-02 -2.006771093312E-02 -5.146187626165E-04  3.938387586718E-07 -3.552697517968E-06  2.400566634479E-06  1.245005757065E-01 -3.938387257474E-07  4.775936402664E-03  2.938565875039E-20 -6.558203726817E-21  6.289712456372E-20 -1.230743530189E-03
  1.280000000000E+02  1.300000000000E+02  1.081705936170E+01  8.860501163795E-15 -2.287448014667E-02  1.176314942585E+02  1.302621567769E-01  1.880556581749E-01 -1.080819890187E-01  2.231954872880E-04 -2.622523237276E-01  1.626443474964E+00  4.459719095681E-03 -2.528689849486E-02  2.082717939911E-02 -1.930501927082E-02 -5.924511941104E-04  1.327449847839E-06 -3.127738194884E-06  1.739645657012E-06  1.203001151966E-01 -1.327449904836E-06  5.099218642212E-03  2.297978134876E-20 -3.427124601792E-21  4.325975406743E-20 -1.183611700722E-03
  1.320000000000E+02  1.340000000000E+02  1.084664593728E+01  9.122526157511E-15 -2.159456861194E-02  1.182694653430E+02  1.300710151153E-01  1.870653932637E-01 -1.079830932942E-01  2.317522237342E-04 -2.486364036386E-01  1.605452363811E+00  4.272593874291E-03 -2.472898847327E-02  2.045639459899E-02 -1.856264173084E-02 -6.186256040329E-04  1.115075349325E-06 -2.212738182371E-06  6.654348912892E-07  1.164029073483E-01 -1.115075286790E-06  5.229315163992E-03  4.034112010593E-20  7.184620347802E-21  4.771690622238E-20 -1.136350282375E-03
  1.360000000000E+02  1.380000000000E+02  1.087526947540E+01  1.130464117860E-14 -2.024479923891E-02  1.188880929408E+02  1.299090127007E-01  1.859989962734E-01 -1.078687470161E-01  2.435716386399E-04 -2.339662787227E-01  1.585248679224E+00  4.125575022876E-03 -2.419256995847E-02  2.006699493565E-02 -1.779578738431E-02 -6.243965442708E-04  1.901539651187E-06 -1.402714889321E-06 -3.611367982102E-07  1.127127378151E-01 -1.901539702959E-06  5.380065674567E-03  4.178296409582E-20  1.011530562441E-21  6.138353106633E-20 -1.091837072588E-03
  1.400000000000E+02  1.420000000000E+02  1.090300359558E+01  1.434285105325E-14 -1.889151819795E-02  1.194889820422E+02  1.297842575925E-01  1.849090552389E-01 -1.077523496769E-01  2.574370715843E-04 -2.190162750891E-01  1.564674461578E+00  3.951884447017E-03 -2.363869526616E-02  1.968681081884E-02 -1.714254050641E-02 -6.381704923163E-04  2.399793147556E-06 -8.322250653362E-07 -2.104638573388E-06  1.090188621701E-01 -2.399793046609E-06  5.874938460324E-03  4.722840040277E-20  1.139430026048E-21  4.721286446803E-20 -1.051000624602E-03
  1.440000000000E+02  1.460000000000E+02  1.092977166037E+01  1.558761742367E-14 -1.729909062638E-02  1.200704648887E+02  1.296883407079E-01  1.837694316204E-01 -1.076354379418E-01  2.707020002131E-04 -2.013228025968E-01  1.545891411747E+00  3.802751388363E-03 -2.315740717057E-02  1.935465578207E-02 -1.648416825540E-02 -7.427859912858E-04 -1.128946907895E-06 -5.615207506827E-07 -3.556852228221E-06  1.053139920328E-01  1.128946908569E-06  6.532553346231E-03  5.022436127026E-20 -7.475119849514E-22  4.742812828486E-20 -1.009159999747E-03
  1.480000000000E+02  1.500000000000E+02  1.095565842545E+01  1.607731825997E-14 -1.562324520281E-02  1.206337557361E+02  1.296279199289E-01  1.825943364885E-01 -1.075207353640E-01  2.778743898859E-04 -1.825727483952E-01  1.526475798119E+00  3.642503318780E-03 -2.263856671266E-02  1.899606339395E-02 -1.582437264162E-02 -7.432717870480E-04  3.473198254982E-07 -5.455853102984E-07 -2.199885573349E-06  1.017220695964E-01 -3.473197865542E-07  7.020940395295E-03  4.517643178989E-20 -2.860734117143E-21  5.105124691736E-20 -9.688892782254E-04
  1.520000000000E+02  1.540000000000E+02  1.098063407395E+01  1.661290611009E-14 -1.378452491143E-02  1.211781228467E+02  1.296044418369E-01  1.814302913662E-01 -1.073886000519E-01  2.923311988579E-04 -1.620442319769E-01  1.506911377669E+00  3.501214143248E-03 -2.210053601111E-02  1.859932186756E-02 -1.517157505450E-02 -7.818664019080E-04  3.113326936354E-06 -5.979138065971E-07 -9.313046226687E-07  9.844086272551E-02 -3.113326935857E-06  7.558793119359E-03  4.427982798612E-20  1.198717731487E-21  5.643156703549E-20 -9.291399269720E-04
  1.560000000000E+02  1.580000000000E+02  1.100488494097E+01  1.654304341084E-14 -1.183503491282E-02  1.217074914850E+02  1.295983088156E-01  1.803573564009E-01 -1.072636718544E-01  2.954747658294E-04 -1.401319903913E-01  1.488003265267E+00  3.363390235429E-03 -2.161834563149E-02  1.825495539590E-02 -1.455785753257E-02 -7.877246713467E-04  5.366413797106E-07 -7.484113426956E-07 -3.543813669430E-06  9.559214678046E-02 -5.366413569409E-07  7.433280043871E-03  3.323415879344E-20  3.291380750724E-21  5.259971288260E-20 -8.935664697877E-04
  1.600000000000E+02  1.620000000000E+02  1.102843405987E+01  1.607068073813E-14 -1.006711583427E-02  1.222224331752E+02  1.295992872111E-01  1.792780559756E-01 -1.071246311091E-01  3.027807461072E-04 -1.202096148409E-01  1.471728243367E+00  3.244717012758E-03 -2.119724125429E-02  1.795252424162E-02 -1.403060848568E-02 -7.213623532454E-04 -7.768417905412E-07 -8.506453539315E-07 -4.959745849959E-06  9.221818869780E-02  7.768417741429E-07  6.782959165906E-03  4.320786719781E-20  7.154789810051E-21  4.994472661738E-20 -8.578437826164E-04
  1.640000000000E+02  1.660000000000E+02  1.105099499334E+01  1.520101984102E-14 -8.447406867830E-03  1.227167632171E+02  1.296175877169E-01  1.781317308744E-01 -1.069878880246E-01  3.133533413476E-04 -1.017439179402E-01  1.455848921432E+00  3.123656462026E-03 -2.076032872497E-02  1.763667226301E-02 -1.342977044882E-02 -6.270876687432E-04  4.345155875601E-07 -7.701399842694E-07 -2.148846021609E-06  8.869505260359E-02 -4.345155893998E-07  6.349463995345E-03  6.314389269202E-20 -4.024081171517E-21  4.379132253348E-20 -8.232536737617E-04
  1.680000000000E+02  1.700000000000E+02  1.107278664837E+01  1.409376225390E-14 -6.892927749496E-03  1.231949585299E+02  1.296465925049E-01  1.771359268521E-01 -1.068333113903E-01  3.299499110356E-04 -8.390038705673E-02  1.440926628334E+00  2.985357681519E-03 -2.037094026843E-02  1.738558258688E-02 -1.289719909248E-02 -5.987114332042E-04 -3.299998571166E-06 -5.566185068646E-07 -2.867380990841E-06  8.506440056723E-02  3.299998556728E-06  5.974015605833E-03  5.582471539070E-20 -3.285796828393E-21  4.431151734725E-20 -7.868434182182E-04
  1.720000000000E+02  1.740000000000E+02  1.109352975699E+01  1.353686415710E-14 -5.466265329087E-03  1.236505507069E+02  1.296685315620E-01  1.761515341322E-01 -1.066927158150E-01  3.459761380013E-04 -6.730483714039E-02  1.425340383962E+00  2.870925776877E-03 -1.998605627929E-02  1.711513050228E-02 -1.230495930660E-02 -5.471918597213E-04 -2.759364387998E-06 -1.998675056400E-07 -5.185021016342E-06  8.207692051153E-02  2.759364392818E-06  5.391041778810E-03  4.842072938172E-20 -2.728701606832E-21  5.198768358892E-20 -7.575305239191E-04
  1.760000000000E+02  1.780000000000E+02  1.111382399959E+01  1.314660551284E-14 -4.206596635233E-03  1.240971078936E+02  1.296744423228E-01  1.752877980252E-01 -1.065263309870E-01  3.708742215809E-04 -5.260113730111E-02  1.410184790470E+00  2.808020423619E-03 -1.963967000370E-02  1.683164958003E-02 -1.193084350989E-02 -4.977124897836E-04  5.647279034129E-07  1.372351350047E-07 -4.712864273260E-06  7.961483575201E-02 -5.647279157830E-07  5.140673876213E-03  6.110973804495E-20 -3.755635872316E-22  4.134567659539E-20 -7.322086682030E-04
  1.800000000000E+02  1.820000000000E+02  1.113333873044E+01  1.226220539315E-14 -2.898024644174E-03  1.245272377928E+02  1.296696185536E-01  1.745113042331E-01 -1.063810109552E-01  3.954494316769E-04 -3.746753792813E-02  1.396070228203E+00  2.762508024051E-03 -1.933105795475E-02  1.656854993065E-02 -1.148180405174E-02 -5.173889061369E-04 -3.791488916688E-07  3.256698130085E-07 -1.991526666684E-06  7.664637917705E-02  3.791489064612E-07  5.352060351761E-03  6.348682334133E-20  4.098928776653E-21  3.782264891703E-20 -7.036174647558E-04
  1.840000000000E+02  1.860000000000E+02  1.115214749266E+01  1.132782496277E-14 -1.527084872563E-03  1.249421987365E+02  1.296647270432E-01  1.735854108948E-01 -1.062090627972E-01  4.233480276298E-04 -2.163965305764E-02  1.382678525219E+00  2.664191240875E-03 -1.900248282953E-02  1.633829158860E-02 -1.104143374980E-02 -5.655886502920E-04 -2.282738799511E-06  2.790612980256E-07 -9.682631550910E-07  7.383152285461E-02  2.282738793403E-06  5.830596122117E-03  5.111877367906E-20 -9.204859421348E-21  3.880120337995E-20 -6.755816594415E-04
  1.880000000000E+02  1.900000000000E+02  1.117024754800E+01  1.062856898847E-14  2.106098016740E-05  1.253421688429E+02  1.296734923057E-01  1.727465941473E-01 -1.060702934805E-01  4.428584906928E-04 -3.781893282115E-03  1.370588622404E+00  2.566510155732E-03 -1.867526636812E-02  1.610875621245E-02 -1.060215855061E-02 -6.129584272960E-04 -1.354089424443E-06  1.159002117971E-07 -1.740667865166E-06  7.172278451155E-02  1.354089434543E-06  6.158565530144E-03  4.077822854973E-20 -2.251182235745E-21  3.683600734184E-20 -6.527260324271E-04
  1.920000000000E+02  1.940000000000E+02  1.118800086291E+01  9.887002096661E-15  1.552558217464E-03  1.257345997804E+02  1.297102164181E-01  1.718281333411E-01 -1.058764814514E-01  4.754282659741E-04  1.406052585021E-02  1.357768337163E+00  2.483868690769E-03 -1.831655111840E-02  1.583268242767E-02 -1.028512331510E-02 -5.986046507256E-04  4.858429106502E-07  1.959495994453E-07 -1.086561615512E-06  6.919694845202E-02 -4.858429178839E-07  6.023498181556E-03  6.050849258585E-20 -6.928638432863E-21  4.035433380630E-20 -6.305539428856E-04
  1.960000000000E+02  1.980000000000E+02  1.120484630267E+01  8.962394827296E-15  3.032191321221E-03  1.261076658534E+02  1.297733368702E-01  1.710547192115E-01 -1.057426249992E-01  4.921351427144E-04  3.153786398192E-02  1.345630726311E+00  2.431453649244E-03 -1.798284639941E-02  1.555139275016E-02 -9.858879984256E-03 -5.914298047830E-04 -1.061009194147E-06  3.407950691081E-07 -5.077043536862E-08  6.690186172495E-02  1.061009181607E-06  5.942019657907E-03  5.161027023211E-20 -5.030496024469E-21  3.812493171234E-20 -6.069005539075E-04
  2.000000000000E+02  2.020600000000E+02  1.122145381576E+01  7.990401255150E-15  4.527984502725E-03  1.264756427304E+02  1.298078112215E-01  1.703109653944E-01 -1.055464629554E-01  5.243978415078E-04  4.919766889787E-02  1.335290828057E+00  2.267084287432E-03 -1.744301129420E-02  1.517592700682E-02 -9.614306288748E-03 -5.007463864943E-04 -1.213997675815E-06  3.139217394104E-07 -2.324187284788E-07  6.441626889228E-02  1.213997653414E-06  5.915787902026E-03  5.707585555005E-20  1.403876926952E-21  4.348656688183E-20 -5.928140759267E-04
  2.041200000000E+02  2.062418000000E+02  1.123801985869E+01  7.300168408866E-15  6.081046735017E-03  1.268434957972E+02  1.298438641968E-01  1.697082410210E-01 -1.053762624289E-01  5.522081939772E-04  6.764453082108E-02  1.326371689778E+00  2.070972399478E-03 -1.692020352255E-02  1.484923112323E-02 -9.363876269232E-03 -5.522250462775E-04 -2.534978920574E-06  2.948929034896E-07 -9.818084465408E-07  6.250067513221E-02  2.534978955305E-06  5.939374401499E-03  6.390217722708E-20 -4.532150064171E-22  3.214771937124E-20 -5.765172122781E-04
  2.083636000000E+02  2.105490540000E+02  1.125460225454E+01  6.927032587580E-15  7.671471147597E-03  1.272117479299E+02  1.298884692330E-01  1.690529206328E-01 -1.051754509313E-01  5.865090947843E-04  8.653749342677E-02  1.317394562994E+00  1.895387113461E-03 -1.638806329741E-02  1.449267618400E-02 -9.104230675045E-03 -5.469388907230E-04 -1.466168786583E-06  5.212763743313E-07 -2.922688881219E-07  6.088498704997E-02  1.466168691080E-06  6.204571921857E-03  4.996638333990E-20 -1.691741725600E-21  3.260944661318E-20 -5.630205827528E-04
  2.127345080000E+02  2.149855256200E+02  1.127128288704E+01  6.369490298514E-15  9.464832702223E-03  1.275827438370E+02  1.299661500934E-01  1.682473232145E-01 -1.049808842024E-01  6.224395285691E-04  1.077444141804E-01  1.308380763974E+00  1.658952397974E-03 -1.579364889129E-02  1.413469649335E-02 -8.898032443502E-03 -5.780939882866E-04  6.958537842178E-07  8.610438239484E-07 -3.586942068842E-07  5.838562708760E-02 -6.958537283211E-07  6.439014292602E-03  4.747996321425E-20 -2.635337254180E-21  3.424163271969E-20 -5.453714577035E-04
  2.172365432400E+02  2.195550913886E+02  1.128746501621E+01  5.430855707274E-15  1.129370907344E-02  1.279427814146E+02  1.300744435910E-01  1.673448365213E-01 -1.047655211936E-01  6.572193005004E-04  1.293432269273E-01  1.298544431865E+00  1.418838159517E-03 -1.517054706018E-02  1.375170890056E-02 -8.552756567675E-03 -5.653253813514E-04 -1.249965580109E-06  1.144146283257E-06 -1.553252164724E-07  5.543840385204E-02  1.249965552915E-06  6.728202122583E-03  6.693077637790E-20 -5.935919636709E-21  3.851830237613E-20 -5.254863122209E-04
  2.218736395372E+02  2.242617441303E+02  1.130342162714E+01  5.072309822958E-15  1.336325080767E-02  1.282979260479E+02  1.301749421707E-01  1.662743255572E-01 -1.045365034425E-01  6.955881299671E-04  1.536646248767E-01  1.290033124289E+00  1.190146037056E-03 -1.453903452156E-02  1.334888848455E-02 -8.275330252321E-03 -6.023181927979E-04 -3.309153471242E-06  1.412444533283E-06  1.386094760218E-07  5.279158037950E-02  3.309153507073E-06  7.210596570611E-03  7.145469790654E-20 -1.604143539463E-21  2.911173698137E-20 -5.062200713324E-04
  2.266498487233E+02  2.291095964542E+02  1.131898677503E+01  5.613770046331E-15  1.559493434770E-02  1.286450362503E+02  1.302517642253E-01  1.652461561001E-01 -1.043033244718E-01  7.314726469558E-04  1.800080812793E-01  1.281421907104E+00  9.612159030251E-04 -1.390767394844E-02  1.294645804544E-02 -7.938469198816E-03 -5.975970102536E-04 -5.614040158270E-08  1.722711896752E-06  2.172398421589E-07  5.051500956032E-02  5.614037622204E-08  7.525852798745E-03  7.308229487586E-20 -4.849580657275E-21  2.429159864542E-20 -4.899979548825E-04
  2.315693441850E+02  2.341028843478E+02  1.133449329297E+01  6.273010648254E-15  1.798964111635E-02  1.289912827886E+02  1.303049772116E-01  1.642008797241E-01 -1.040359760919E-01  7.621150455717E-04  2.082803852502E-01  1.273147157166E+00  7.403762847668E-04 -1.325939036925E-02  1.251901408434E-02 -7.732992497600E-03 -6.323776210108E-04  2.711148210273E-07  1.830915122567E-06 -3.236394403682E-07  4.853814435139E-02 -2.711148049059E-07  7.211495956404E-03  6.048331003433E-20 -4.162226253164E-21  2.091432633863E-20 -4.763491905181E-04
  2.366364245106E+02  2.392459708782E+02  1.134973621873E+01  6.709083746097E-15  2.016712933777E-02  1.293320310326E+02  1.303251294858E-01  1.629888883264E-01 -1.037775934218E-01  7.942788799824E-04  2.342510899851E-01  1.264302946032E+00  5.095981080295E-04 -1.254457624080E-02  1.203497813279E-02 -7.503289844820E-03 -5.592347067919E-04 -1.518124331815E-06  1.622941743118E-06 -3.017599262363E-07  4.621372929021E-02  1.518124348350E-06  6.769249722380E-03  6.779573783504E-20 -5.009071826021E-21  2.637356874019E-20 -4.603542142456E-04
  2.418555172459E+02  2.445433500046E+02  1.136464834095E+01  6.898995462730E-15  2.241243438663E-02  1.296657495597E+02  1.302968874916E-01  1.618851290856E-01 -1.034791857160E-01  8.181027271771E-04  2.610174278038E-01  1.257424089222E+00  2.643402137230E-04 -1.186302482574E-02  1.159868461185E-02 -7.235956869283E-03 -5.161416774934E-04 -1.463115098695E-06  1.255226977621E-06  3.216442347328E-07  4.444026132386E-02  1.463115111608E-06  6.441572930685E-03  6.776616966426E-20 -2.095633970549E-21  2.554089373718E-20 -4.466772358224E-04
  2.472311827633E+02  2.499996505047E+02  1.137960614018E+01  7.190283326062E-15  2.450156771664E-02  1.300011181131E+02  1.302205780102E-01  1.608713252873E-01 -1.031690733342E-01  8.558880838729E-04  2.860095367873E-01  1.251293434553E+00  2.068614141438E-05 -1.119770394622E-02  1.117701780485E-02 -7.079480611668E-03 -4.964494686105E-04 -2.092798715030E-06  8.152259848777E-07  6.851177450245E-07  4.259910063856E-02  2.092798706700E-06  6.066247339851E-03  6.801501344144E-20 -7.419455888055E-21  1.928986732510E-20 -4.353889461299E-04
  2.527681182462E+02  2.556196400198E+02  1.139413683300E+01  7.852890484151E-15  2.661929494289E-02  1.303272716329E+02  1.301061257901E-01  1.601203337077E-01 -1.028440839645E-01  8.610847443137E-04  3.113922227467E-01  1.244960430665E+00 -2.172525284724E-04 -1.053530136805E-02  1.075255389643E-02 -6.849217482302E-03 -4.854180989079E-04 -1.931127633297E-06  5.255642459127E-07  1.967555580507E-06  4.040058886849E-02  1.931127657343E-06  5.929827960951E-03  6.390474676592E-20 -5.246217785519E-21  1.382454430342E-20 -4.203961221653E-04
  2.584711617935E+02  2.614082292204E+02  1.140840601153E+01  8.485611473830E-15  2.873704245739E-02  1.306477027394E+02  1.299601603324E-01  1.595693985888E-01 -1.024980712588E-01  8.852297652692E-04  3.366442364659E-01  1.240717547788E+00 -4.263708164760E-04 -9.908591497078E-03  1.033496231362E-02 -6.596487751656E-03 -4.358934991406E-04 -8.338216530387E-07  3.729618753569E-07  3.018297220337E-06  3.834639322191E-02  8.338216467538E-07  5.314222534732E-03  6.694169024550E-20 -3.634239379844E-21  1.400055121174E-20 -4.054991718060E-04
  2.643452966473E+02  2.673704760971E+02  1.142229416519E+01  8.588586534130E-15  3.052626672638E-02  1.309597308294E+02  1.298216209505E-01  1.589412341794E-01 -1.021202312896E-01  8.829115418490E-04  3.580420238277E-01  1.237245662944E+00 -6.495723518083E-04 -9.282178694737E-03  9.931751046613E-03 -6.384007435646E-03 -3.275602504873E-04 -1.196732199611E-06  1.397301158722E-07  4.003213993752E-06  3.680850284154E-02  1.196732204930E-06  4.789828531908E-03  6.505417352774E-20 -1.597926258114E-21  2.251960296536E-20 -3.950253782129E-04
  2.703956555468E+02  2.735115903800E+02  1.143624663161E+01  7.914902550007E-15  3.236398514372E-02  1.312730590387E+02  1.297305813567E-01  1.582615353467E-01 -1.017086289607E-01  9.049979569437E-04  3.802308682288E-01  1.233761094987E+00 -8.582716552095E-04 -8.628239909945E-03  9.486511565215E-03 -6.286042129808E-03 -2.838395748871E-04  1.332174071432E-07 -1.757311077055E-07  3.181715990806E-06  3.533380540053E-02 -1.332174207865E-07  4.017306303396E-03  7.081615200135E-20 -8.628675679197E-21  1.795931225834E-20 -3.869620189646E-04
  2.766275252132E+02  2.798369380914E+02  1.144980883620E+01  6.951703806785E-15  3.365877704278E-02  1.315781434600E+02  1.296608200525E-01  1.575719480586E-01 -1.012771239415E-01  8.777846104954E-04  3.961917398271E-01  1.229686955496E+00 -1.111159940819E-03 -7.922622209951E-03  9.033782150711E-03 -6.082238970881E-03 -1.294203731958E-04  1.091686837653E-06 -5.803614979172E-07  1.150651914932E-06  3.409808710926E-02 -1.091686851464E-06  2.948482066345E-03  6.799625413523E-20 -3.468304987754E-21  1.545433028948E-21 -3.757042325731E-04
  2.830463509696E+02  2.863520462341E+02  1.146358878795E+01  6.352082208390E-15  3.473278972748E-02  1.318880911166E+02  1.295748830983E-01  1.566876802393E-01 -1.008200214214E-01  8.856758156226E-04  4.095676293463E-01  1.228073142655E+00 -1.372389300213E-03 -7.187701159547E-03  8.560090459735E-03 -5.969833269210E-03 -4.589721310888E-05  1.634535924827E-06 -9.691593889962E-07  1.049395607675E-06  3.309727668481E-02 -1.634535922749E-06  2.511648406910E-03  7.537154036379E-20 -3.638142700974E-21  5.952767085271E-21 -3.686119882504E-04
  2.896577414987E+02  2.930626076211E+02  1.147715377432E+01  5.925291877883E-15  3.574144689940E-02  1.321938232744E+02  1.295160481375E-01  1.559903333524E-01 -1.003336333549E-01  8.785229748466E-04  4.221746564942E-01  1.226270692970E+00 -1.609792383838E-03 -6.474885202941E-03  8.084677586794E-03 -5.843453014938E-03 -4.315329451372E-05  2.710218242407E-06 -1.223661213973E-06  2.462704850187E-06  3.197545192569E-02 -2.710218254409E-06  2.411005387621E-03  8.986778257721E-20 -5.757492513819E-21  1.530078117065E-20 -3.620977121168E-04
  2.964674737436E+02  2.999744858498E+02  1.149080212398E+01  5.646364827336E-15  3.679025613690E-02  1.325012613844E+02  1.294752535668E-01  1.550583668896E-01 -9.982454602713E-02  8.753857291078E-04  4.350287290785E-01  1.225703811280E+00 -1.774030787370E-03 -5.784586727847E-03  7.558617515268E-03 -5.749305432506E-03 -5.507183280712E-05  2.114132517876E-06 -1.000790252472E-06  3.509714953498E-06  3.097089483506E-02 -2.114132528400E-06  2.410582647848E-03  8.723146383319E-20 -4.731020205344E-21  6.323389762628E-21 -3.552459668318E-04
  3.034814979559E+02  3.070937204253E+02  1.150430189333E+01  5.557909296368E-15  3.785105791747E-02  1.328053383290E+02  1.294053095944E-01  1.539296590301E-01 -9.925817415256E-02  8.404964344562E-04  4.477374734164E-01  1.227211391635E+00 -1.968658390737E-03 -5.113932413601E-03  7.082590804261E-03 -5.637327568274E-03 -8.951003284400E-05  7.485763739747E-07 -3.205768158620E-07  3.901363217055E-06  3.039614782978E-02 -7.485763813371E-07  2.226996097378E-03  7.941837865180E-20 -8.173348989477E-21  5.736940211038E-21 -3.550801658037E-04
  3.107059428946E+02  3.144265320380E+02  1.151825197820E+01  5.469052802591E-15  3.879325162554E-02  1.331194568554E+02  1.293314207461E-01  1.529691264373E-01 -9.871688545502E-02  8.210981270380E-04  4.590211962182E-01  1.229468305564E+00 -2.176747529224E-03 -4.460155727009E-03  6.636903256245E-03 -5.720797919719E-03 -5.348653814987E-05  3.400550621874E-07  1.351715022853E-07  2.447108474706E-06  3.007394857891E-02 -3.400550693089E-07  1.901979842082E-03  7.042965275531E-20 -4.118672453660E-21  5.726081133718E-21 -3.561137765261E-04
  3.181471211814E+02  3.219793279992E+02  1.153228103060E+01  5.012649177032E-15  3.960917396919E-02  1.334362197176E+02  1.292632272936E-01  1.520292254386E-01 -9.806727352771E-02  7.840774379745E-04  4.685684600899E-01  1.233735784618E+00 -2.399805612783E-03 -3.765776152795E-03  6.165581765634E-03 -5.666480595250E-03 -1.827449009724E-05  2.856350681765E-07  3.295699089686E-07  5.377068391801E-07  2.949778212070E-02 -2.856350918083E-07  1.419848971368E-03  7.339711881640E-20 -1.040559818726E-20  8.557230743951E-21 -3.529350414721E-04
  3.258115348169E+02  3.297587078391E+02  1.154652377502E+01  3.981501579530E-15  4.014387310350E-02  1.337579555803E+02  1.291877010799E-01  1.511634988712E-01 -9.743947923068E-02  7.547602045416E-04  4.748278046804E-01  1.236599284669E+00 -2.585733041321E-03 -3.119773397569E-03  5.705506438901E-03 -5.609916064101E-03  5.156154855651E-05  2.592757603486E-08  3.458164600973E-07 -1.327760452357E-07  2.855322387445E-02 -2.592757154663E-08  8.367402028404E-04  6.931487376289E-20 -1.029485650260E-20 -6.291089315172E-21 -3.456927538130E-04
  3.337058808614E+02  3.377714690743E+02  1.156046608811E+01  2.975756342004E-15  4.043645270803E-02  1.340734236977E+02  1.290738049787E-01  1.507328302999E-01 -9.672949558137E-02  6.912515231846E-04  4.781374753364E-01  1.242043261325E+00 -2.747154941443E-03 -2.480000179407E-03  5.227155120972E-03 -5.457594808493E-03  1.178400098444E-04 -3.555365247038E-07  5.223751378778E-07  1.006842049554E-07  2.784542879367E-02  3.555365135534E-07  7.595364039124E-04  7.056599914895E-20 -1.706560782934E-20 -4.402313415631E-21 -3.402357103022E-04
  3.418370572872E+02  3.460246131465E+02  1.157482418254E+01  2.734123058888E-15  4.092370531380E-02  1.343989936471E+02  1.289367138821E-01  1.500812783211E-01 -9.600703738030E-02  6.428177408712E-04  4.835541698083E-01  1.250980748125E+00 -2.914633397825E-03 -1.836578085762E-03  4.751211483486E-03 -5.461524334314E-03  1.152259861099E-04 -1.700921216538E-06  1.044348459748E-06  1.239754428277E-06  2.740861080788E-02  1.700921215407E-06  8.663437822924E-04  5.643880738207E-20 -9.231978580600E-21 -9.919896912867E-21 -3.414336508489E-04
  3.502121690058E+02  3.545253515409E+02  1.158915683327E+01  3.002511795326E-15  4.134534077181E-02  1.347236646070E+02  1.287762545629E-01  1.491096453904E-01 -9.521292801248E-02  5.538236288354E-04  4.876475872441E-01  1.260479621186E+00 -3.134709588213E-03 -1.104273517689E-03  4.238983105830E-03 -5.466049684499E-03  1.014363433764E-04 -1.458269546403E-06  1.188609982064E-06  6.000178268813E-07  2.625391034407E-02  1.458269543908E-06  5.597392246579E-04  6.989576881876E-20 -1.222960361801E-20 -7.411501434268E-21 -3.384813364097E-04
  3.588385340760E+02  3.632811120872E+02  1.160313828604E+01  3.247993960014E-15  4.152148886921E-02  1.350410741598E+02  1.285468410748E-01  1.482863650867E-01 -9.439420169318E-02  4.821667236036E-04  4.886066016571E-01  1.271094089570E+00 -3.357126022948E-03 -4.020446825663E-04  3.759170705476E-03 -5.338302565743E-03  1.200797987484E-04  9.264990426382E-07  8.604458317819E-07 -2.609158123862E-07  2.564049728417E-02 -9.264990512433E-07 -2.012293111712E-04  6.862030798379E-20 -9.063831039290E-21 -2.102772637656E-20 -3.334573601831E-04
  3.677236900983E+02  3.722995454498E+02  1.161763822322E+01  3.538077383153E-15  4.111696767799E-02  1.353710689681E+02  1.282443444889E-01  1.478188754054E-01 -9.346682817970E-02  4.061762614581E-04  4.830236358354E-01  1.284658538615E+00 -3.509617826120E-03  2.327325501531E-04  3.276885275911E-03 -5.360487811997E-03  2.196879571522E-04  2.351291817863E-06  5.411873008495E-07  1.969405411140E-07  2.562261029618E-02 -2.351291813256E-06 -1.415261780749E-03  6.301045001860E-20 -1.658819832231E-20 -1.207229024307E-20 -3.365284936056E-04
  3.768754008012E+02  3.815885318133E+02  1.163244862707E+01  3.691174138623E-15  3.989820323176E-02  1.357084404820E+02  1.278828006130E-01  1.470833943092E-01 -9.251895218728E-02  2.869838139143E-04  4.681713386003E-01  1.299518328770E+00 -3.706045785861E-03  9.442466104997E-04  2.761799175274E-03 -5.447346589874E-03  3.549451916329E-04  3.236744085799E-06  4.474657389521E-07 -5.320260957908E-07  2.620878788526E-02 -3.236744084739E-06 -2.499835006639E-03  4.948160161063E-20 -1.854487926830E-20 -1.697149680601E-20 -3.460538070833E-04
  3.863016628253E+02  3.911561877677E+02  1.164852307068E+01  2.968070487013E-15  3.816579115696E-02  1.360750264945E+02  1.274379150328E-01  1.465037146834E-01 -9.148355765937E-02  1.942871421866E-04  4.476181823584E-01  1.317378872987E+00 -3.877391011378E-03  1.562559554546E-03  2.314831456816E-03 -5.664411302957E-03  4.698346091027E-04  1.323724619774E-06  4.525745431179E-07  8.455613006308E-07  2.750398196333E-02 -1.323724629355E-06 -3.744158964567E-03  6.584194269571E-20 -1.680658198377E-20 -1.567714375411E-20 -3.613052719278E-04
  3.960107127100E+02  4.010108734007E+02  1.166582512756E+01  2.221810355054E-15  3.535860813650E-02  1.364706737630E+02  1.269621994812E-01  1.450335057660E-01 -9.044124162224E-02  5.867305266753E-05  4.149852702420E-01  1.336866519478E+00 -4.131664470487E-03  2.290656680617E-03  1.841007789953E-03 -5.894241539763E-03  6.954253820897E-04  1.406993257609E-07  1.478049878265E-07  1.501496523810E-06  2.813360712472E-02 -1.406993376297E-07 -4.721488901643E-03  5.972257543564E-20 -1.229481080442E-20 -2.009920129981E-20 -3.749267174374E-04
  4.060110340913E+02  4.111611996027E+02  1.168367990284E+01  3.019584473955E-15  3.227901808829E-02  1.368794695997E+02  1.264978405695E-01  1.435209973658E-01 -8.927983670909E-02 -4.524307723541E-05  3.791649350180E-01  1.355915242692E+00 -4.355306452692E-03  3.006881263214E-03  1.348425189548E-03 -6.048189587226E-03  7.575946398721E-04 -1.108633003613E-06 -2.556817392534E-07 -7.446366782097E-07  2.784238450476E-02  1.108633018633E-06 -5.499789142473E-03  5.304209888195E-20 -1.254959625733E-20 -2.318960180798E-20 -3.753550339813E-04
  4.163113651141E+02  4.216160355908E+02  1.170167529954E+01  4.454503497835E-15  2.828327894371E-02  1.372928542831E+02  1.260689098570E-01  1.419987950657E-01 -8.818524796844E-02 -2.245322519810E-04  3.335377576218E-01  1.375619800193E+00 -4.468527510270E-03  3.600462830121E-03  8.680646801472E-04 -6.016260338478E-03  9.459233670917E-04 -1.907460744984E-06 -3.855917763761E-07 -2.952176994369E-06  2.822995261843E-02  1.907460748208E-06 -6.299445665791E-03  4.136316491063E-20 -7.781850962668E-21 -1.454302703605E-20 -3.848708759127E-04
  4.269207060675E+02  4.323845166585E+02  1.172112654427E+01  5.524239865464E-15  2.391447184664E-02  1.377406477319E+02  1.256418029596E-01  1.406771542412E-01 -8.691539775920E-02 -3.273164058582E-04  2.835689053283E-01  1.398338195449E+00 -4.535107733828E-03  4.201312825651E-03  3.337949081317E-04 -6.301645072556E-03  1.047439780791E-03 -1.687710773178E-06 -1.466069825696E-07 -3.775524817525E-06  2.868185036327E-02  1.687710789737E-06 -6.752501408068E-03  5.506981337835E-20 -1.717956464266E-20 -2.431294149169E-20 -3.984037118177E-04
  4.378483272495E+02  4.434760521583E+02  1.174084225045E+01  6.823042113218E-15  1.905582048773E-02  1.381955008899E+02  1.250569687626E-01  1.394002364377E-01 -8.564758975403E-02 -5.604313263424E-04  2.281921423973E-01  1.419355475021E+00 -4.675148117093E-03  4.770071308411E-03 -9.492319132981E-05 -6.428071080568E-03  1.147268074762E-03  6.347608835613E-07  3.259250397647E-07 -2.702751903510E-06  2.816276165293E-02 -6.347608904645E-07 -6.815674569328E-03  4.426558152172E-20 -1.197237938685E-20 -2.914601702126E-20 -3.980624406494E-04
  4.491037770670E+02  4.549003337230E+02  1.176072205264E+01  8.390184416731E-15  1.432338780200E-02  1.386562740073E+02  1.241838377033E-01  1.381160024079E-01 -8.426707802351E-02 -6.515190651335E-04  1.731970014662E-01  1.442704726239E+00 -4.824617841330E-03  5.380989677632E-03 -5.563718362498E-04 -6.347202309130E-03  1.036648541884E-03 -5.148824685781E-07  9.533813860614E-07 -2.169336249233E-07  2.796351535360E-02  5.148824920340E-07 -6.526952348114E-03  5.017747391284E-20 -1.125590257210E-20 -2.811359849191E-20 -4.022667275533E-04
  4.606968903790E+02  4.666673437347E+02  1.178135260501E+01  9.043777409537E-15  9.580593173259E-03  1.391351167453E+02  1.229366142043E-01  1.376135054613E-01 -8.285082293714E-02 -8.912809961605E-04  1.176081419157E-01  1.475030037121E+00 -5.030286012323E-03  6.042870189194E-03 -1.012584176885E-03 -6.555966160526E-03  1.072739735702E-03 -8.534227870582E-07  1.763795594757E-06  1.707915077358E-06  2.911143588051E-02  8.534227931485E-07 -6.243700410179E-03  5.423579366881E-20 -1.738026376730E-20 -3.114728570208E-20 -4.205671270454E-04
  4.726377970904E+02  4.787873640468E+02  1.180418124134E+01  7.996555457732E-15  4.989313907991E-03  1.396665639655E+02  1.213757247036E-01  1.365245036127E-01 -8.126191844647E-02 -9.966070597720E-04  6.288778776100E-02  1.508521043632E+00 -5.192173952845E-03  6.767863561077E-03 -1.575689608161E-03 -6.935411282855E-03  1.032768185679E-03 -1.280334589634E-06  2.071821527254E-06  2.467790588054E-06  3.042278584684E-02  1.280334582729E-06 -5.991347517174E-03  3.729844405102E-20 -1.999749011173E-20 -3.833046213856E-20 -4.440802105412E-04
  4.849369310031E+02  4.912709849682E+02  1.182813723089E+01  5.578622271884E-15  3.745710772564E-04  1.402252901002E+02  1.196707572789E-01  1.348852934265E-01 -7.967605311492E-02 -1.212164797580E-03  7.785854127234E-03  1.539217679976E+00 -5.296781225320E-03  7.399216324245E-03 -2.102435098908E-03 -7.263550347506E-03  1.009403645790E-03 -1.793810423926E-06  1.897567300241E-06  2.503472927637E-06  3.184855902630E-02  1.793810414463E-06 -5.375049632669E-03  3.240436925245E-20 -5.313046096680E-21 -3.082330011106E-20 -4.687099959026E-04
  4.976050389332E+02  5.041291145172E+02  1.185462116740E+01  1.730998880114E-15 -3.506079473464E-03  1.408453627920E+02  1.179040307424E-01  1.337442889671E-01 -7.796167011220E-02 -1.314425563667E-03 -3.977035425812E-02  1.573875085047E+00 -5.405028038849E-03  8.029592265792E-03 -2.624564227019E-03 -7.759491985986E-03  8.539345923035E-04 -1.809866291160E-06  1.903158398103E-06  3.376060970990E-06  3.280595456203E-02  1.809866276551E-06 -4.862798051647E-03  3.568789351964E-20 -7.467420173518E-21 -3.374878063862E-20 -4.939408169642E-04
  5.106531901012E+02  5.173729879527E+02  1.188165452589E+01 -1.274473871345E-15 -7.549287833983E-03  1.414792610290E+02  1.160593612128E-01  1.324878351973E-01 -7.618387920474E-02 -1.532352444804E-03 -8.907551871554E-02  1.614505257394E+00 -5.559973731144E-03  8.621578129153E-03 -3.061604397828E-03 -8.071146158452E-03  7.931015682174E-04 -4.520515799450E-07  1.654843972340E-06  4.399922886545E-06  3.391629050257E-02  4.520515671153E-07 -4.447272474422E-03  3.578821077795E-20 -2.145171202980E-20 -2.791222372368E-20 -5.190631030178E-04
  5.240927858042E+02  5.310141775913E+02  1.191161615911E+01 -1.908472403549E-15 -1.097245403804E-02  1.421838656017E+02  1.141586313838E-01  1.314218357171E-01 -7.433816786946E-02 -1.599620869188E-03 -1.311960490541E-01  1.650850735471E+00 -5.664491103335E-03  9.150700869218E-03 -3.486209765861E-03 -8.559147416178E-03  6.911730713890E-04 -3.230230060798E-07  6.808683390604E-07  3.890938988630E-06  3.549373018368E-02  3.230230040563E-07 -4.644628248562E-03  3.767765117160E-20 -1.090666712601E-20 -3.636363862432E-20 -5.495973384063E-04
  5.379355693784E+02  5.450646029190E+02  1.194307261229E+01 -2.164455897499E-15 -1.558778390430E-02  1.429266651959E+02  1.121897826237E-01  1.299392060103E-01 -7.238523508419E-02 -1.792284671971E-03 -1.872367798364E-01  1.689570840221E+00 -5.721503925059E-03  9.614165794844E-03 -3.892661869732E-03 -8.978062742957E-03  9.395098737885E-04 -1.123721976226E-07 -3.906749864310E-07  1.247948049574E-06  3.547841311508E-02  1.123721942798E-07 -3.488451448818E-03  3.355005836017E-20 -1.514678197162E-20 -2.802133494952E-20 -5.647195399924E-04
  5.521936364597E+02  5.595365410066E+02  1.197482617132E+01 -3.487738933381E-15 -1.721203028848E-02  1.436783016260E+02  1.101027087971E-01  1.286452892095E-01 -7.036537192011E-02 -1.849762391741E-03 -2.075490098587E-01  1.720672601438E+00 -5.735731932633E-03  1.002782980736E-02 -4.292097874764E-03 -9.059367356131E-03  4.300418230940E-04 -4.300511745726E-07 -9.143966486149E-07  1.653786047408E-06  3.521510579588E-02  4.300511729925E-07 -1.431544671947E-03  3.302851376859E-20 -1.269689446217E-20 -3.215680932330E-20 -5.695476747346E-04
  5.668794455535E+02  5.743794455535E+02  1.200769652304E+01 -5.085296938681E-15 -1.822544410218E-02  1.444594454556E+02  1.077561456825E-01  1.268044115879E-01 -6.824563238698E-02 -2.069044763324E-03 -2.210375406074E-01  1.743100864293E+00 -5.618778351313E-03  1.020326844397E-02 -4.584490092764E-03 -9.191163967374E-03  2.743193400641E-04 -4.809751915146E-07 -3.681344765790E-07  2.887745323096E-06  3.522028233072E-02  4.809751821067E-07 -1.146610537059E-03  3.117175601845E-20 -9.853066927462E-21 -2.466087606075E-20 -5.777870341942E-04
  5.818794455535E+02  5.893794455535E+02  1.204086864347E+01 -5.894199633941E-15 -1.934295889553E-02  1.452513782135E+02  1.051686670584E-01  1.241423280569E-01 -6.609359797919E-02 -2.129348220815E-03 -2.348009775557E-01  1.730881851225E+00 -5.589697246097E-03  1.010347241633E-02 -4.513775170188E-03 -9.167986763628E-03  2.318401157301E-04  1.593765896884E-06  7.421739652298E-07  2.596121487762E-06  3.559466775256E-02 -1.593765898475E-06 -9.083024879453E-04  4.157719994344E-20 -9.362522817468E-21 -3.263166509126E-20 -5.708523160460E-04
  5.968794455535E+02  6.043794455535E+02  1.207445422299E+01 -6.149814164857E-15 -1.990715473742E-02  1.460557654154E+02  1.025472117923E-01  1.216030953819E-01 -6.393199708813E-02 -2.315429854089E-03 -2.419859155152E-01  1.708389681966E+00 -5.532230251080E-03  9.900441532880E-03 -4.368211281929E-03 -9.059919019143E-03  1.961697179326E-04  1.420235593628E-06  1.394196036036E-06  2.289069190118E-06  3.604411907767E-02 -1.420235598781E-06  4.451886295916E-04  2.835674766460E-20 -9.657498599654E-21 -2.711741850260E-20 -5.647598308491E-04
  6.118794455535E+02  6.193794455535E+02  1.210845553346E+01 -6.846108550577E-15 -1.850546264910E-02  1.468728321823E+02  9.994562893614E-02  1.190994800635E-01 -6.169983205459E-02 -2.360910661130E-03 -2.255776674329E-01  1.690710288128E+00 -5.478220390072E-03  9.826830466265E-03 -4.348610076204E-03 -8.986863268532E-03 -2.626989170012E-04  1.566317736470E-06  1.159237448891E-06  1.700822762058E-06  3.621101664504E-02 -1.566317732436E-06  3.446795322941E-04  4.018216350974E-20 -1.098405908760E-20 -2.534715571665E-20 -5.549280592392E-04
  6.268794455535E+02  6.343794455535E+02  1.214234985978E+01 -7.287493882182E-15 -1.927705989986E-02  1.476902356876E+02  9.726001040117E-02  1.167124026272E-01 -5.947019157841E-02 -2.512549975342E-03 -2.360846562314E-01  1.670923864107E+00 -5.267770111273E-03  9.573993123813E-03 -4.306223012505E-03 -8.768683233670E-03  4.882931597036E-05  2.057290223258E-06  6.375361865775E-07  8.770499335923E-07  3.642595718291E-02 -2.057290223476E-06  8.345908099828E-06  2.786181878381E-20 -1.107394360376E-20 -2.544517768755E-20 -5.432810964845E-04
  6.418794455535E+02  6.493794455535E+02  1.217675350698E+01 -6.701427247574E-15 -1.850560154800E-02  1.485214111108E+02  9.453855864583E-02  1.135340289151E-01 -5.720852975598E-02 -2.528461011480E-03 -2.271215724184E-01  1.640062412422E+00 -5.121931762285E-03  9.203408183751E-03 -4.081476421491E-03 -8.546168852395E-03 -1.459438329517E-04  3.036462199034E-07  5.796842851317E-07  1.855317960769E-06  3.490478547208E-02 -3.036462102757E-07  9.355753537826E-04  2.516137391070E-20 -1.373535265213E-20 -2.235153421690E-20 -5.126597543542E-04
  6.568794455535E+02  6.643794455535E+02  1.220778957968E+01 -6.404846650872E-15 -1.754170520360E-02  1.492722097700E+02  9.188487101785E-02  1.099950290804E-01 -5.489373031879E-02 -2.656458370005E-03 -2.160781809540E-01  1.614812083021E+00 -5.197840513977E-03  9.125156139563E-03 -3.927315625601E-03 -7.906202986588E-03 -1.947267254764E-04 -9.019126411341E-07  7.242864188328E-07  2.771356392543E-06  3.307580619329E-02  9.019126358902E-07  1.068037168721E-03  2.244673885798E-20 -7.326237510430E-21 -3.020609915009E-20 -4.874401219901E-04
  6.718794455535E+02  6.793794455535E+02  1.223877003398E+01 -6.960138213026E-15 -1.651680125372E-02  1.500239255130E+02  8.952323984926E-02  1.064169304590E-01 -5.264445267018E-02 -2.667531215955E-03 -2.030637940850E-01  1.600285228257E+00 -5.105626046487E-03  8.965034470596E-03 -3.859408424081E-03 -7.695582791326E-03 -1.686558845093E-04 -4.763563165532E-07  9.051211914396E-07  2.746745964778E-06  3.219897506404E-02  4.763563205077E-07  5.712209657884E-04  2.648640261940E-20 -1.018168932630E-20 -3.144963138284E-20 -4.767994665560E-04
  6.868794455535E+02  6.943794455535E+02  1.226816572511E+01 -7.062496945049E-15 -1.646498481178E-02  1.507379045482E+02  8.743840954441E-02  1.031323098580E-01 -5.025461931886E-02 -2.713631711380E-03 -2.026515164749E-01  1.572535229571E+00 -4.991849832805E-03  8.674921054018E-03 -3.683071221213E-03 -7.482532581473E-03 -8.415126247825E-06 -4.506536139567E-07  9.166127194384E-07  2.577267850218E-06  3.099111650904E-02  4.506536145747E-07  5.035978892168E-04  1.962823467094E-20 -5.379094049878E-21 -2.877428875114E-20 -4.589150403061E-04
  7.018794455535E+02  7.093794455535E+02  1.229687994890E+01 -6.127937982713E-15 -1.555869308340E-02  1.514364375440E+02  8.542133456416E-02  9.980544482807E-02 -4.799159429578E-02 -2.690860639880E-03 -1.908001885684E-01  1.554893504156E+00 -4.906237674935E-03  8.481783002753E-03 -3.575545327824E-03 -7.235004741436E-03 -7.260902798250E-05 -1.316943184695E-06  5.030102225425E-07  1.798617477536E-06  2.950221706669E-02  1.316943197361E-06  8.593538935672E-04  2.023196795815E-20 -1.131859728402E-20 -2.745660166187E-20 -4.393254665847E-04
  7.168794455535E+02  7.243794455535E+02  1.232348300304E+01 -5.828904642305E-15 -1.483857759436E-02  1.520848009841E+02  8.334375302376E-02  9.692231150106E-02 -4.553141112192E-02 -2.702203820409E-03 -1.815846499913E-01  1.539057965690E+00 -4.827829496415E-03  8.333877781710E-03 -3.506048285353E-03 -6.838336658109E-03 -1.634963486189E-04 -2.908385862651E-07 -3.924448770363E-07  1.301863022442E-06  2.852981197646E-02  2.908385825709E-07  5.730072320543E-04  2.092232316534E-20 -7.339970025133E-21 -3.201210812249E-20 -4.221777946910E-04
  7.318794455535E+02  7.393794455535E+02  1.235036743587E+01 -5.867647956418E-15 -1.448244429408E-02  1.527407642970E+02  8.124714132845E-02  9.411009165151E-02 -4.319041375106E-02 -2.621471567303E-03 -1.761767786907E-01  1.515094605473E+00 -4.717489605286E-03  8.111946061197E-03 -3.394456455875E-03 -6.639605630188E-03 -2.112831684223E-05 -7.534098081851E-07 -7.793929557291E-07  1.501649602840E-06  2.756709313930E-02  7.534098105938E-07  1.896063548508E-05  1.782760014142E-20 -9.997690976404E-21 -2.936960686362E-20 -4.003563976646E-04
  7.468794455535E+02  7.543794455535E+02  1.237517223456E+01 -5.646993614904E-15 -1.480530015788E-02  1.533474700212E+02  7.892985520558E-02  9.032464466733E-02 -4.070350367337E-02 -2.622038651612E-03 -1.796232526140E-01  1.495981187660E+00 -4.672228186038E-03  7.911201065101E-03 -3.238972879053E-03 -6.193586981778E-03 -3.914665833640E-05  1.505315590000E-06 -6.061124842410E-07  1.898814076425E-06  2.617683446479E-02 -1.505315593506E-06 -5.418362371985E-04  1.416488438557E-20 -8.053718978949E-21 -3.127908567252E-20 -3.819658617911E-04
  7.618794455535E+02  7.693794455535E+02  1.239945613464E+01 -5.628872874174E-15 -1.549062246051E-02  1.539431613818E+02  7.643537655365E-02  8.609704330747E-02 -3.831404034963E-02 -2.518171282399E-03 -1.877136790378E-01  1.481784020842E+00 -4.638918181710E-03  7.787126857788E-03 -3.148208676043E-03 -6.019829765825E-03  1.314441044036E-04  1.728579610651E-07 -5.108013908178E-07 -9.350220559825E-08  2.501189722556E-02 -1.728579569431E-07 -1.206549197885E-03  2.301943849170E-20 -8.255602408050E-21 -2.734559596823E-20 -3.627786590816E-04
  7.768794455535E+02  7.843794455535E+02  1.242206711187E+01 -5.303544170672E-15 -1.707040071079E-02  1.544999133553E+02  7.385095230880E-02  8.221410066802E-02 -3.580371479179E-02 -2.464823787892E-03 -2.069171282745E-01  1.455508324391E+00 -4.541617512353E-03  7.545602487943E-03 -3.003984975620E-03 -5.546134821141E-03  2.603640638684E-04 -3.550502719754E-08 -3.429440380892E-07 -1.616715950893E-06  2.362968431006E-02  3.550503090297E-08 -2.366073052597E-03  1.635426699629E-20 -1.475242906032E-21 -2.279040972195E-20 -3.361736561839E-04
  7.918794455535E+02  7.993794455535E+02  1.244375815205E+01 -5.083100769725E-15 -1.993737473012E-02  1.550348105498E+02  7.108443549802E-02  7.905717817821E-02 -3.338010583531E-02 -2.369908081414E-03 -2.417503486353E-01  1.429047835992E+00 -4.349817315778E-03  7.324387082975E-03 -2.974569767134E-03 -5.200685634711E-03  4.077789633036E-04 -8.477206288018E-07 -5.435742501790E-08 -2.457473810678E-06  2.253577895804E-02  8.477206189503E-07 -2.324017346121E-03  1.532545096651E-20 -8.894664681135E-21 -2.804484241244E-20 -3.113489251336E-04
  8.068794455535E+02  8.143794455535E+02  1.246431787351E+01 -5.019667046029E-15 -2.142551573684E-02  1.555425963926E+02  6.817384797158E-02  7.630709756854E-02 -3.089717120513E-02 -2.200838514670E-03 -2.601278812532E-01  1.400929163576E+00 -4.290534395291E-03  7.171460362426E-03 -2.880925967104E-03 -4.760324358999E-03  2.721992632791E-04 -1.253007585501E-06  4.862507467436E-07 -5.585509336340E-07  2.083827341674E-02  1.253007591574E-06 -9.655476679333E-04  1.974065761945E-20 -7.268001650984E-21 -2.849039854958E-20 -2.829778507577E-04
  8.218794455535E+02  8.293794455535E+02  1.248283179947E+01 -4.295692490955E-15 -2.173703763410E-02  1.560008549169E+02  6.505971332538E-02  7.427262642541E-02 -2.848720263427E-02 -2.121569110996E-03 -2.636457853062E-01  1.379939865183E+00 -4.265803126496E-03  6.972775603741E-03 -2.706972477198E-03 -4.298602169318E-03  7.658220944618E-05  1.191726573957E-06  1.075105819600E-06 -7.922980646372E-07  1.924492271635E-02 -1.191726573205E-06 -4.611702032103E-04  2.377370115148E-20  3.502978754612E-22 -3.555517279190E-20 -2.598779682638E-04
  8.368794455535E+02  8.443794455535E+02  1.250041346687E+01 -4.064398340456E-15 -2.228602762588E-02  1.564373101672E+02  6.167731505789E-02  7.329919613948E-02 -2.597249073965E-02 -1.953906633406E-03 -2.708462753589E-01  1.355995234075E+00 -4.117368352132E-03  6.779546810985E-03 -2.662178458909E-03 -4.025717857722E-03  3.561344345357E-05  5.787472737080E-07  1.319805540511E-06 -1.300796417236E-06  1.841103218067E-02 -5.787472686753E-07 -5.720150818596E-04  2.382620878442E-20 -5.048574790350E-21 -2.814946107526E-20 -2.442789028255E-04
  8.518794455535E+02  8.593794455535E+02  1.251735055863E+01 -4.872886310315E-15 -2.281323379030E-02  1.568581812812E+02  5.793648752865E-02  7.202601773800E-02 -2.352408394151E-02 -1.807395821804E-03 -2.769513270859E-01  1.335182239229E+00 -4.004883379039E-03  6.648436924138E-03 -2.643553545094E-03 -3.768478668519E-03  2.348190362414E-05  1.331641046083E-07  1.448754311586E-06 -2.475269153119E-06  1.668856602796E-02 -1.331641069639E-07 -8.883714432459E-04  1.754602904406E-20 -6.170776405286E-21 -2.478040731152E-20 -2.205750110534E-04
  8.668794455535E+02  8.743794455535E+02  1.253170098446E+01 -5.506692324353E-15 -2.395166695184E-02  1.572161031665E+02  5.379114852752E-02  7.154709849451E-02 -2.101600194092E-02 -1.630906858510E-03 -2.915262655658E-01  1.311490954271E+00 -3.938864086850E-03  6.513551407097E-03 -2.574687320201E-03 -3.239523579174E-03  1.079253536757E-04 -1.599601594622E-06  1.236484646027E-06 -2.596703679664E-06  1.427454939141E-02  1.599601606999E-06 -1.894965584105E-03  1.404350721923E-20 -3.273967685772E-21 -2.371874161087E-20 -1.869638636320E-04
  8.818794455535E+02  8.893794455535E+02  1.254411936376E+01 -5.224661740570E-15 -2.636304817097E-02  1.575258017857E+02  4.941968778511E-02  7.098453767532E-02 -1.856462764004E-02 -1.439484627893E-03 -3.214644052699E-01  1.285266383761E+00 -3.858439245565E-03  6.294347280987E-03 -2.435908035461E-03 -2.764688300311E-03  2.218947240353E-04 -8.519285076648E-07  5.642478879217E-07 -1.244542126819E-06  1.213735245935E-02  8.519285070201E-07 -1.750719621903E-03  2.123872414401E-20 -3.528371327292E-21 -3.414815075452E-20 -1.590035780437E-04
  8.968794455535E+02  9.043794455535E+02  1.255445383125E+01 -4.542550797321E-15 -2.723278251442E-02  1.577841238751E+02  4.482717509004E-02  7.081991674853E-02 -1.602372617551E-02 -1.217193568003E-03 -3.329722103139E-01  1.265184599658E+00 -3.764250399865E-03  6.187191809545E-03 -2.422941409687E-03 -2.348568105478E-03  2.221359764143E-04 -4.061732923795E-07  6.164472958787E-08 -5.672457477102E-07  1.026933849346E-02  4.061733050461E-07 -1.217236682010E-03  1.736875887416E-20 -6.015467325881E-21 -3.022533720559E-20 -1.351457716693E-04
  9.118794455535E+02  9.193794455535E+02  1.256337192805E+01 -4.190660911456E-15 -2.864383948667E-02  1.580073729947E+02  3.992497159115E-02  7.078549620153E-02 -1.363564727619E-02 -1.005253911941E-03 -3.512342545635E-01  1.252516070180E+00 -3.633866996722E-03  5.997677532243E-03 -2.363810535487E-03 -2.018250038026E-03  2.110957737585E-04 -3.587621254308E-07  1.642324407912E-07 -7.494269235695E-07  9.338043213041E-03  3.587621238298E-07 -1.730315932767E-03  1.315068228112E-20 -1.131809049581E-21 -2.942972669271E-20 -1.203150541184E-04
  9.268794455535E+02  9.343794455535E+02  1.257196732209E+01 -4.273629410426E-15 -3.047528395745E-02  1.582217095275E+02  3.454145287411E-02  7.223212309922E-02 -1.103855930247E-02 -7.782721318142E-04 -3.750180434788E-01  1.237497570157E+00 -3.585557633639E-03  5.944633663713E-03 -2.359076030129E-03 -1.843552849229E-03  2.018585160638E-04 -2.271687927295E-08  4.593418474525E-07 -3.883313620672E-07  8.819304771997E-03  2.271688162754E-08 -6.865917032941E-04  7.602393300240E-21 -1.566775927462E-21 -2.467666166444E-20 -1.091118960414E-04
  9.418794455535E+02  9.493794455535E+02  1.257991041074E+01 -4.023068065750E-15 -2.992654572983E-02  1.584201060868E+02  2.853004633873E-02  7.360371701606E-02 -8.630319522221E-03 -6.038013780241E-04 -3.682374805909E-01  1.221462139046E+00 -3.398241816743E-03  5.731297278479E-03 -2.333055461784E-03 -1.700522962313E-03 -6.258148771050E-05  1.005960459544E-06  4.368192032988E-07  3.444962626791E-07  9.332079600021E-03 -1.005960463796E-06  6.332625708026E-04  9.529519221570E-21 -3.401928051004E-23 -2.223675398396E-20 -1.117319847852E-04
  9.568794455535E+02  9.643794455535E+02  1.258946527839E+01 -3.043541456909E-15 -2.928441683412E-02  1.586592445663E+02  2.162738552569E-02  7.592872963681E-02 -6.075906551422E-03 -4.010687574761E-04 -3.608887349391E-01  1.229668129021E+00 -3.345997461618E-03  5.611245941201E-03 -2.265248479615E-03 -1.901653852468E-03 -7.111487501679E-05  9.481465747603E-07  3.921103301078E-07  6.707301168580E-07  1.211068338223E-02 -9.481465626666E-07  1.482436263321E-03  1.650114066925E-20  1.156643854125E-21 -2.868542827782E-20 -1.339368893761E-04
  9.718794455535E+02  9.793794455535E+02  1.260261894716E+01 -1.626950626810E-15 -2.714845307622E-02  1.589921975942E+02  1.313820239921E-02  8.224793845409E-02 -3.585361111914E-03 -2.473689675494E-04 -3.338485975410E-01  1.317095871884E+00 -3.533781000556E-03  6.266568922544E-03 -2.732787922009E-03 -2.514767892952E-03 -2.217433659137E-04  8.727077792379E-07  3.869445715900E-07  7.619597084325E-07  1.756247734580E-02 -8.727077777930E-07  1.069965368619E-03  1.430753095011E-20 -3.453690174527E-22 -1.604385164354E-20 -2.028218961378E-04
  9.868794455535E+02  9.943794455535E+02  1.262239558859E+01 -3.992236183925E-16 -2.727868298569E-02  1.594996731271E+02  2.637484681522E-03  9.619867587074E-02 -1.021009225193E-03 -8.383683817524E-05 -3.368631851497E-01  1.342968378278E+00 -4.125866536512E-03  7.079446034241E-03 -2.953579497604E-03 -3.587931624346E-03 -7.936034044550E-05  3.538553524963E-07  1.948934995808E-07 -1.117651186272E-06  1.054744814965E-02 -3.538553445452E-07 -6.992461407632E-05  5.490717934697E-21  3.056300430167E-22 -1.354836119677E-20 -1.092599706525E-04
