                   y                  ym                   U                   V                   W                 U^2                 V^2                 W^2                  UV                  VW                  UW                VISC               SFSxx               SFSyy               SFSzz               SFSxy               SFSyz                dUdX                dVdX                dWdX                dUdY                dVdY                dWdY                dUdZ                dVdZ                dWdZ              SFSxym
 -4.000000000000E+00 -2.000000000000E+00  0.000000000000E+00  0.000000000000E+00  0.000000000000E+00  0.000000000000E+00  0.000000000000E+00  0.000000000000E+00  0.000000000000E+00  0.000000000000E+00  0.000000000000E+00  0.000000000000E+00  0.000000000000E+00  0.000000000000E+00  0.000000000000E+00  0.000000000000E+00  0.000000000000E+00  0.000000000000E+00  0.000000000000E+00  0.000000000000E+00  0.000000000000E+00  0.000000000000E+00  0.000000000000E+00  0.000000000000E+00  0.000000000000E+00  0.000000000000E+00  0.000000000000E+00
  2.220446049250E-16  2.000000000000E+00  5.161740733958E+00 -6.445130164521E-17 -1.304062513491E-01  2.800906822947E+01  3.115203767950E-02  4.154157686509E-01 -9.436221372693E-02 -1.954051952462E-03 -6.579259311836E-01  1.359517914840E+00 -1.031614704362E-03  7.033735648461E-03 -6.002120943563E-03 -3.649303965273E+00  5.308942405504E-02 -6.166122191771E-04  8.421852678222E-06  5.703895634285E-05  2.369563243773E+01  6.166122191758E-04 -5.317210939761E-01 -1.676360125038E-20 -1.235307059914E-21 -1.118391937141E-20 -1.574283047120E-02
  4.000000000000E+00  6.000000000000E+00  6.686021739853E+00 -1.825098955068E-16 -1.354981478952E-01  4.635427444648E+01  1.255203592855E-01  4.805117485296E-01 -2.085221037307E-01 -1.621229659186E-03 -9.067340802919E-01  4.547633027413E+00  2.077499977099E-01 -1.666676923919E-01 -4.108230531681E-02 -1.069024915774E+00 -3.022370152260E-02  2.684841651744E-04  8.949150631882E-06 -2.007511097806E-05  3.986456625422E+00 -2.684841651705E-04  3.693676005147E-03 -9.604292915914E-21 -1.962918188912E-21  1.441820641302E-20 -6.769395002470E-02
  8.000000000000E+00  1.000000000000E+01  7.155098097078E+00 -2.271029682308E-16 -1.284880745380E-01  5.260159773377E+01  1.614652545396E-01  4.590083845104E-01 -2.029056543988E-01 -2.040490958822E-03 -9.200019479563E-01  4.914630778372E+00  1.009871413743E-01 -2.235548052116E-01  1.225676638389E-01 -5.165741726598E-01 -2.588302236770E-02  1.524065514981E-04 -2.423710106631E-06  1.453558579312E-05  1.790373893331E+00 -1.524065515015E-04  2.440893316808E-02 -2.870947908858E-20 -1.505575180138E-21  4.063536614751E-20 -3.072804698090E-02
  1.200000000000E+01  1.400000000000E+01  7.581302050104E+00 -1.991837774723E-16 -1.233495994385E-01  5.886642713424E+01  1.823597686178E-01  4.519166694077E-01 -2.207232323040E-01 -1.871558169230E-03 -9.354021906987E-01  4.846129641531E+00  9.477945861882E-02 -2.068917242972E-01  1.121122656772E-01 -4.782005793629E-01 -6.628480163922E-03  3.245138540245E-05 -9.995259276580E-06 -1.023976055466E-05  1.450336950689E+00 -3.245138538995E-05  2.071332368151E-02 -3.441938642790E-20 -4.238256450285E-21  3.212098510305E-20 -2.569996934397E-02
  1.600000000000E+01  1.800000000000E+01  7.880090090989E+00 -4.113858414802E-16 -1.180443401865E-01  6.342012895610E+01  1.982335758383E-01  4.464646041440E-01 -2.210174340490E-01 -1.958620097257E-03 -9.299829201840E-01  4.576214601956E+00  7.812114528228E-02 -1.873662646923E-01  1.092451194112E-01 -3.385148699669E-01 -5.524910457626E-03  2.133727089033E-05 -1.127991051624E-05 -6.486142159258E-06  1.108864885017E+00 -2.133727089331E-05  1.866042132332E-02 -8.946154792247E-21 -5.010308818391E-21  5.971169697174E-20 -1.932173675538E-02
  2.000000000000E+01  2.200000000000E+01  8.135611415728E+00 -8.842573664033E-16 -1.140429835805E-01  6.748207558936E+01  2.113823435449E-01  4.444558665298E-01 -2.260832755889E-01 -1.996675298167E-03 -9.276236722324E-01  4.387888114014E+00  6.951630968990E-02 -1.714488359451E-01  1.019325262539E-01 -2.850734141297E-01 -4.725618122792E-03  4.356144243739E-05 -4.597476134526E-06 -4.443611114172E-06  9.233276349814E-01 -4.356144243261E-05  1.343121916312E-02 -3.015108829013E-20  5.614578417464E-21  6.957086507209E-20 -1.606206088002E-02
  2.400000000000E+01  2.600000000000E+01  8.341801180911E+00 -1.313173492110E-15 -1.114450399148E-01  7.084676339773E+01  2.223687269661E-01  4.420727112106E-01 -2.264991046846E-01 -2.079253340213E-03 -9.296360031143E-01  4.187177999932E+00  6.065849784555E-02 -1.568973638065E-01  9.623886596082E-02 -2.294400726256E-01 -3.467468188714E-03  2.100749062928E-05  6.406169739955E-07 -4.442116394431E-06  7.733647161515E-01 -2.100749063625E-05  9.296867357637E-03  1.120794005230E-21  2.355496715017E-21  7.912533476615E-20 -1.331896224262E-02
  2.800000000000E+01  3.000000000000E+01  8.522338915887E+00 -1.855222211388E-15 -1.094258891744E-01  7.387121477131E+01  2.314083597240E-01  4.402313245278E-01 -2.280839156526E-01 -2.124566087588E-03 -9.327461892340E-01  4.025212994567E+00  5.402555810780E-02 -1.447620636457E-01  9.073650553757E-02 -1.985875584211E-01 -3.025591544832E-03  1.236650927484E-05  3.042618412360E-06  2.993010221346E-05  6.740037829621E-01 -1.236650926598E-05  7.012402071872E-03  2.716803979677E-21  7.382590170816E-22  7.504814488632E-20 -1.154497141564E-02
  3.200000000000E+01  3.400000000000E+01  8.678874650639E+00 -2.612205717214E-15 -1.078772942101E-01  7.654549503217E+01  2.387075762312E-01  4.378783292663E-01 -2.280341639024E-01 -2.132654393601E-03 -9.366575873377E-01  3.873253373889E+00  4.824262453742E-02 -1.341448162873E-01  8.590219174945E-02 -1.713594245749E-01 -2.405215507347E-03  1.559745545988E-05  3.003463759441E-06  1.650683871128E-05  5.948008710727E-01 -1.559745548015E-05  5.094537878101E-03  5.482028130751E-21  1.048808773366E-21  7.928904475456E-20 -1.011932218662E-02
  3.600000000000E+01  3.800000000000E+01  8.819816994733E+00 -3.351711739460E-15 -1.068198532488E-01  7.899975728016E+01  2.444673088418E-01  4.357637845052E-01 -2.283391706276E-01 -2.136176142867E-03 -9.426438866119E-01  3.742333982371E+00  4.377839883366E-02 -1.253917998548E-01  8.161340102172E-02 -1.529864966423E-01 -2.067343256003E-03  3.917823265233E-06  1.231905153166E-06 -9.629783286663E-06  5.357737848351E-01 -3.917823259366E-06  4.189398330290E-03  5.355388679932E-21  3.405600729995E-21  7.539225514894E-20 -9.051759399078E-03
  4.000000000000E+01  4.200000000000E+01  8.946704797092E+00 -4.061596391606E-15 -1.057914601364E-01  8.124375141858E+01  2.489533135053E-01  4.334844531801E-01 -2.279721794876E-01 -2.140455001933E-03 -9.470968253132E-01  3.621989942789E+00  3.999905053988E-02 -1.177209748200E-01  7.772192427839E-02 -1.371688532527E-01 -1.900831777500E-03 -7.663734566983E-06  1.752096382554E-06 -3.632097763517E-06  4.873851497412E-01  7.663734541935E-06  3.763600819607E-03  3.623210396292E-20 -4.666910260260E-21  6.952238028331E-20 -8.175336786517E-03
  4.400000000000E+01  4.600000000000E+01  9.063463032850E+00 -4.666755055672E-15 -1.049614731688E-01  8.333878691609E+01  2.524234623161E-01  4.311155503053E-01 -2.277153512423E-01 -2.135227059366E-03 -9.520997016257E-01  3.515900998109E+00  3.685111828336E-02 -1.111041487657E-01  7.425303048299E-02 -1.249941657301E-01 -1.762159445189E-03 -1.617775905218E-05  2.719947934691E-06  1.166997156157E-05  4.487830749240E-01  1.617775905123E-05  2.824273996541E-03  1.527936034099E-20 -5.269545639269E-22  8.370718865263E-20 -7.467835860338E-03
  4.800000000000E+01  5.000000000000E+01  9.171132355711E+00 -5.304689901318E-15 -1.043872108759E-01  8.529503760221E+01  2.551094396206E-01  4.287291391429E-01 -2.271526381653E-01 -2.140605271652E-03 -9.581808217549E-01  3.415106607801E+00  3.388449775417E-02 -1.050355640293E-01  7.115106627432E-02 -1.141118884044E-01 -1.657727480437E-03  6.314941411527E-06  1.898873608782E-06  7.723101202356E-06  4.155552267461E-01 -6.314941409040E-06  1.776394467875E-03  1.384938610179E-20  1.414427378820E-20  7.636606966052E-20 -6.849958340346E-03
  5.200000000000E+01  5.400000000000E+01  9.271244401245E+00 -6.130079959630E-15 -1.040584932902E-01  8.713537332167E+01  2.571428535959E-01  4.263650819920E-01 -2.265912742883E-01 -2.161255468579E-03 -9.657365439982E-01  3.323940184955E+00  3.134659920416E-02 -9.965788638738E-02  6.831128718385E-02 -1.052659171897E-01 -1.346327184830E-03  6.500217637641E-06  2.126885340400E-06 -3.536875708490E-06  3.875968862195E-01 -6.500217659337E-06  6.235549550770E-04  4.763765936678E-20  3.654295066443E-21  7.876909523405E-20 -6.333560875606E-03
  5.600000000000E+01  5.800000000000E+01  9.364915623428E+00 -6.938592938419E-15 -1.040785084495E-01  8.887557685223E+01  2.586377679184E-01  4.241576321369E-01 -2.258919305309E-01 -2.184395385279E-03 -9.760795285122E-01  3.238902498534E+00  2.914934350137E-02 -9.475402712267E-02  6.560468362155E-02 -9.766872965163E-02 -9.437453037434E-04 -5.534811386735E-06  3.858738488232E-06 -1.052881513044E-05  3.643165103711E-01  5.534811387716E-06 -5.813520829458E-04  4.376570997461E-20  3.155691755567E-21  8.117704078997E-20 -5.900158417525E-03
  6.000000000000E+01  6.200000000000E+01  9.453400809544E+00 -7.145939963169E-15 -1.043568260846E-01  9.053621201553E+01  2.596665485259E-01  4.219703567657E-01 -2.251450906395E-01 -2.184342954722E-03 -9.884545497600E-01  3.158870212022E+00  2.727144736106E-02 -9.035368457249E-02  6.308223721099E-02 -9.123619730683E-02 -6.261163405478E-04  1.426296817538E-05  4.991404529195E-06  7.213233212805E-06  3.432362668408E-01 -1.426296814201E-05 -1.349039274619E-03  6.086560929311E-20 -4.965978216476E-21  6.388985076128E-20 -5.515354851592E-03
  6.400000000000E+01  6.600000000000E+01  9.536528312448E+00 -7.427857509840E-15 -1.047065240120E-01  9.211100752847E+01  2.602773023803E-01  4.194310420867E-01 -2.243518195572E-01 -2.172820204811E-03 -1.000981599414E+00  3.084232761437E+00  2.560994463702E-02 -8.634413288713E-02  6.073418825015E-02 -8.528169234873E-02 -4.003403941062E-04  1.880636091405E-05  5.659817712616E-06  7.920038897659E-06  3.233021890989E-01 -1.880636091893E-05 -1.685347503139E-03  5.607603754975E-20  8.866501127383E-21  7.545223457562E-20 -5.165065182275E-03
  6.800000000000E+01  7.000000000000E+01  9.615060952592E+00 -7.968746900770E-15 -1.051596585968E-01  9.361113726047E+01  2.606011526272E-01  4.164780107347E-01 -2.235187903883E-01 -2.169581410389E-03 -1.014050364186E+00  3.015688045150E+00  2.407109717620E-02 -8.281016644622E-02  5.873906926962E-02 -7.997445221628E-02 -3.845793971372E-04  5.552109153431E-06  5.288997969312E-06 -4.682005214159E-07  3.059182092974E-01 -5.552109149720E-06 -1.271250450514E-03  7.534662997534E-20  5.505286035878E-21  9.549523722601E-20 -4.844251548228E-03
  7.200000000000E+01  7.400000000000E+01  9.689499832416E+00 -8.697035713129E-15 -1.053329941168E-01  9.504430307076E+01  2.606777185155E-01  4.132120171777E-01 -2.226503767299E-01 -2.153554764566E-03 -1.024367748920E+00  2.951323971148E+00  2.261822953600E-02 -7.950348619153E-02  5.688525665528E-02 -7.512025205599E-02 -4.514516885088E-04 -6.982752647221E-06  3.234393133345E-06 -1.024506067525E-05  2.899573062292E-01  6.982752643277E-06 -5.889900171216E-04  6.609993609894E-20  7.031504328775E-21  6.803719700381E-20 -4.552808877722E-03
  7.600000000000E+01  7.800000000000E+01  9.760003122613E+00 -1.015047204275E-14 -1.054466238166E-01  9.641229470161E+01  2.605016891564E-01  4.099938289829E-01 -2.217641312840E-01 -2.158676615684E-03 -1.033813299065E+00  2.891801633202E+00  2.131569910640E-02 -7.640094293672E-02  5.508524383107E-02 -7.062021172197E-02 -4.778216017609E-04 -2.699576645553E-06  2.341765398152E-06 -2.720658684538E-05  2.753705718807E-01  2.699576622899E-06 -6.881218281572E-04  8.105045398134E-20 -8.429798284854E-21  7.904638370268E-20 -4.285001656118E-03
  8.000000000000E+01  8.200000000000E+01  9.827155323358E+00 -1.115063454259E-14 -1.057023922939E-01  9.772473327513E+01  2.601480506428E-01  4.072338107183E-01 -2.208338900187E-01 -2.139915731565E-03 -1.044458092288E+00  2.835227818336E+00  2.016677615483E-02 -7.371245803104E-02  5.354568187637E-02 -6.661573275095E-02 -4.040488338552E-04  3.866252423972E-06  2.644064148130E-06 -1.545194576643E-05  2.626787553281E-01 -3.866252407315E-06 -1.063915084210E-03  6.481835801979E-20  5.212372808210E-21  6.358909923942E-20 -4.047586184414E-03
  8.400000000000E+01  8.600000000000E+01  9.891363118130E+00 -1.209842089792E-14 -1.060190280449E-01  9.898801783833E+01  2.597022243249E-01  4.046033533203E-01 -2.198653865329E-01 -2.145662994778E-03 -1.055301026622E+00  2.782319624747E+00  1.902776862760E-02 -7.110951730968E-02  5.208174868211E-02 -6.297250197334E-02 -3.100371686393E-04 -3.192138522459E-06  2.229014469786E-06  4.147467242329E-06  2.514143209285E-01  3.192138506060E-06 -1.633330002480E-03  8.094462939863E-20  2.534650903083E-22  8.763490016067E-20 -3.839138677718E-03
  8.800000000000E+01  9.000000000000E+01  9.952851432288E+00 -1.391748037707E-14 -1.065150477977E-01  1.002054207157E+02  2.591889488052E-01  4.021512060173E-01 -2.188795040637E-01 -2.136262795203E-03 -1.067722011248E+00  2.731400434402E+00  1.808806236697E-02 -6.878057772477E-02  5.069251535746E-02 -5.985248902683E-02 -1.035872684421E-04 -5.401326109208E-06  2.365588927277E-06  1.495949866035E-05  2.404863326665E-01  5.401326110086E-06 -2.023429277738E-03  8.448784667256E-20 -2.120991223843E-21  7.962602299457E-20 -3.642968219478E-03
  9.200000000000E+01  9.400000000000E+01  1.001158689746E+01 -1.516828510307E-14 -1.069902789535E-01  1.013751706844E+02  2.586565108983E-01  3.997658641276E-01 -2.178766123785E-01 -2.127974624740E-03 -1.079616742795E+00  2.682480630779E+00  1.726395139606E-02 -6.656100227850E-02  4.929705088222E-02 -5.677049721716E-02 -4.313183170320E-05  7.496545394033E-06  3.267703217119E-06  6.681136316604E-06  2.304755814386E-01 -7.496545408357E-06 -1.470670152263E-03  9.363295100157E-20 -1.269151017407E-21  8.239582829450E-20 -3.463022276905E-03
  9.600000000000E+01  9.800000000000E+01  1.006813205888E+01 -1.578185672424E-14 -1.072324719377E-01  1.025079785192E+02  2.581350334007E-01  3.973010281905E-01 -2.168531731692E-01 -2.107121804181E-03 -1.088646048411E+00  2.637647571134E+00  1.632961488512E-02 -6.443333192695E-02  4.810371704235E-02 -5.404025991269E-02 -2.361009452372E-04 -4.779721500850E-06  2.314719307436E-06 -2.271227595690E-06  2.216691255780E-01  4.779721498606E-06 -7.735418718037E-04  1.024954972506E-19 -1.412819665877E-20  6.938676571905E-20 -3.293909033803E-03
  1.000000000000E+02  1.020000000000E+02  1.012240631735E+01 -1.704564375933E-14 -1.073942969318E-01  1.036008992624E+02  2.576153539746E-01  3.947281384691E-01 -2.158183338174E-01 -2.107481339672E-03 -1.096616890055E+00  2.593904711052E+00  1.535036937136E-02 -6.232426996861E-02  4.697390059767E-02 -5.140082593157E-02 -2.406720229663E-04 -8.388678093393E-06  1.256783421502E-06  6.332457354620E-06  2.131545370029E-01  8.388678077526E-06 -7.475058617332E-04  8.891428046174E-20 -1.980562300194E-22  6.303929529565E-20 -3.134217037212E-03
  1.040000000000E+02  1.060000000000E+02  1.017465053733E+01 -1.765270048193E-14 -1.075971819739E-01  1.046588299138E+02  2.570855965582E-01  3.921401746007E-01 -2.147626237431E-01 -2.087828399997E-03 -1.104634415927E+00  2.553194815093E+00  1.454321744586E-02 -6.043944666930E-02  4.589622922394E-02 -4.896590171018E-02 -1.804518507458E-04  1.097904056685E-05  2.031605783463E-06  9.666101093864E-06  2.049464415163E-01 -1.097904055607E-05 -5.969943438083E-04  8.672204084156E-20 -3.657399174087E-21  6.921429497131E-20 -2.986343362842E-03
  1.080000000000E+02  1.100000000000E+02  1.022490124034E+01 -1.737048576448E-14 -1.076688401639E-01  1.056813522732E+02  2.565489224513E-01  3.894259158913E-01 -2.136817383449E-01 -2.087036717141E-03 -1.110892873992E+00  2.514524912019E+00  1.386932360970E-02 -5.872275816457E-02  4.485343455477E-02 -4.663471740396E-02 -2.356012358171E-04  1.201363443097E-06  2.028344551823E-06  6.758204630639E-06  1.971504147310E-01 -1.201363453103E-06 -1.534035926230E-04  9.699974979520E-20  6.115107151944E-21  6.504040260089E-20 -2.846963733590E-03
  1.120000000000E+02  1.140000000000E+02  1.027322292259E+01 -1.768752057434E-14 -1.076871009197E-01  1.066690810524E+02  2.560438660758E-01  3.867360294853E-01 -2.126111061647E-01 -2.070519977324E-03 -1.116465324193E+00  2.477005899972E+00  1.327432978469E-02 -5.711550765961E-02  4.384117787472E-02 -4.445455194634E-02 -2.357190958279E-04 -1.089705861796E-06  2.213273201648E-06  8.742894585460E-06  1.891583075706E-01  1.089705871158E-06  2.876950889263E-04  8.392851213815E-20  6.595780194229E-23  7.591580267077E-20 -2.713866774757E-03
  1.160000000000E+02  1.180000000000E+02  1.031944975104E+01 -1.785339223103E-14 -1.075567903949E-01  1.076177418632E+02  2.555955800173E-01  3.839952897339E-01 -2.114852373705E-01 -2.070701225094E-03 -1.120238177881E+00  2.439151562363E+00  1.257924676476E-02 -5.547447907921E-02  4.289523231451E-02 -4.235852769878E-02 -3.102989727745E-04  8.719750167084E-06  3.295332830195E-06  9.125683556435E-06  1.814181592758E-01 -8.719750182019E-06  4.988581855097E-04  8.731508791176E-20  3.733801891733E-21  7.851052327546E-20 -2.583948474567E-03
  1.200000000000E+02  1.220000000000E+02  1.036393914665E+01 -1.759477307774E-14 -1.074455057351E-01  1.085347608913E+02  2.551739633739E-01  3.812513075689E-01 -2.104147421289E-01 -2.055057329902E-03 -1.124003349010E+00  2.402255704234E+00  1.201968053418E-02 -5.380966981853E-02  4.178998928468E-02 -4.041194751756E-02 -2.556016340688E-04  9.137907530657E-06  3.932419547164E-06  1.234010313861E-05  1.749493595343E-01 -9.137907534185E-06  6.582944459206E-04  9.687323971977E-20 -1.242355710205E-20  6.382260357890E-20 -2.474969138791E-03
  1.240000000000E+02  1.260000000000E+02  1.040692074753E+01 -1.789587878928E-14 -1.072057223208E-01  1.094241503599E+02  2.547455197314E-01  3.784002996232E-01 -2.092650391379E-01 -2.035894995068E-03 -1.126011895642E+00  2.367279724242E+00  1.157716969433E-02 -5.228216460901E-02  4.070499491502E-02 -3.872623208729E-02 -3.779969183920E-04  9.678904148038E-06  4.487635417983E-06  3.068183014031E-06  1.688747234730E-01 -9.678904165021E-06  1.068690593850E-03  1.043312910775E-19 -2.785271494449E-21  7.260095749471E-20 -2.371752548918E-03
  1.280000000000E+02  1.300000000000E+02  1.044837023591E+01 -1.800029324090E-14 -1.069019683398E-01  1.102849385024E+02  2.542704026160E-01  3.756075848736E-01 -2.081608694720E-01 -2.014813739569E-03 -1.126960878520E+00  2.333751069356E+00  1.109892610609E-02 -5.089118196713E-02  3.979225586073E-02 -3.713183599389E-02 -4.729254985964E-04  6.597125593828E-06  5.308552740882E-06  1.287258275188E-06  1.631081392331E-01 -6.597125577194E-06  1.272338991360E-03  1.069113448606E-19  2.288457587722E-21  7.573511834765E-20 -2.274137904584E-03
  1.320000000000E+02  1.340000000000E+02  1.048848378746E+01 -1.763390554815E-14 -1.065797423732E-01  1.111209258703E+02  2.537401702028E-01  3.728782038239E-01 -2.070033344684E-01 -1.996569978893E-03 -1.127523377122E+00  2.303161530846E+00  1.064976613972E-02 -4.963716833551E-02  3.898740219555E-02 -3.568637946298E-02 -4.738091578467E-04  7.391322285160E-06  6.012216403561E-06  6.778800278662E-06  1.577864882825E-01 -7.391322302533E-06  1.723998931449E-03  9.294970470841E-20 -7.295235502669E-21  7.146824432691E-20 -2.188438596668E-03
  1.360000000000E+02  1.380000000000E+02  1.052727483529E+01 -1.845061054171E-14 -1.060286138308E-01  1.119319049163E+02  2.531944503520E-01  3.702852162401E-01 -2.058601987585E-01 -1.963900249672E-03 -1.125482778756E+00  2.272495510329E+00  1.029962182976E-02 -4.845179102754E-02  3.815216919801E-02 -3.430956827395E-02 -4.814017392140E-04  1.865252415670E-06  6.231634822189E-06  2.433275508280E-06  1.522706022251E-01 -1.865252398832E-06  2.739791398495E-03  1.053991414507E-19 -9.434382316195E-21  7.492385394328E-20 -2.100574179540E-03
  1.400000000000E+02  1.420000000000E+02  1.056460954451E+01 -1.944175159405E-14 -1.051945106503E-01  1.127147442198E+02  2.526223270724E-01  3.677659041253E-01 -2.046863623205E-01 -1.930044962717E-03 -1.120298695537E+00  2.243068710771E+00  9.958417709496E-03 -4.730346161627E-02  3.734504390728E-02 -3.288722240289E-02 -5.970940269047E-04  1.059004619005E-05  6.947635281594E-06 -3.093956792603E-06  1.470440618608E-01 -1.059004622296E-05  3.691744532032E-03  1.116863674440E-19 -9.490463619620E-21  7.692519474453E-20 -2.015869211327E-03
  1.440000000000E+02  1.460000000000E+02  1.060081186325E+01 -1.939984212047E-14 -1.041983413872E-01  1.134760787696E+02  2.520286862144E-01  3.653823100390E-01 -2.035354652639E-01 -1.902060580048E-03 -1.113093273441E+00  2.214574063722E+00  9.594130962046E-03 -4.616441018172E-02  3.657027921993E-02 -3.165074476627E-02 -6.709259875842E-04  7.163103910595E-06  7.575065086023E-06 -5.990824549045E-06  1.424847745144E-01 -7.163103908624E-06  4.090243167334E-03  1.064297115803E-19  2.468801391070E-22  6.908517710148E-20 -1.941650229347E-03
  1.480000000000E+02  1.500000000000E+02  1.063590041403E+01 -1.963754896542E-14 -1.031857009906E-01  1.142161417822E+02  2.514041305664E-01  3.632197541799E-01 -2.023585784239E-01 -1.859521505639E-03 -1.105615315465E+00  2.188019270921E+00  9.162910743795E-03 -4.507098241178E-02  3.590807166800E-02 -3.047252285538E-02 -6.940469042219E-04  4.868138044139E-07  7.057088735166E-06 -1.244722413260E-05  1.378306337325E-01 -4.868138162550E-07  4.471634533754E-03  9.396425713637E-20 -5.679263772682E-21  6.231554205263E-20 -1.867654898824E-03
  1.520000000000E+02  1.540000000000E+02  1.066973230779E+01 -1.977631672428E-14 -1.020017419623E-01  1.149318658335E+02  2.507283439028E-01  3.611127019184E-01 -2.011979989577E-01 -1.810870395807E-03 -1.096148241415E+00  2.162111185545E+00  8.731360270951E-03 -4.405196359231E-02  3.532060332083E-02 -2.925726119363E-02 -8.147539322565E-04 -9.296770776935E-06  6.559889576936E-06 -6.779059830952E-06  1.334202070659E-01  9.296770785228E-06  5.075270531584E-03  7.681504214829E-20  7.311794518648E-21  7.085640121222E-20 -1.794824190180E-03
  1.560000000000E+02  1.580000000000E+02  1.070258837450E+01 -1.945527622107E-14 -1.006622643545E-01  1.156283686311E+02  2.499986483166E-01  3.590483034378E-01 -1.999994377776E-01 -1.768323058731E-03 -1.084826493928E+00  2.138955963557E+00  8.363958876611E-03 -4.320021336723E-02  3.483625449124E-02 -2.819564332663E-02 -8.725430194187E-04 -6.792875711215E-07  6.745324454331E-06  7.385321836705E-06  1.295694940476E-01  6.792875625830E-07  5.609468042120E-03  9.945548750415E-20 -6.572379943890E-21  7.318222302920E-20 -1.729910118617E-03
  1.600000000000E+02  1.620000000000E+02  1.073452867829E+01 -1.955130400748E-14 -9.917647821750E-02  1.163072496072E+02  2.492325429766E-01  3.570782559256E-01 -1.988327408027E-01 -1.712954751584E-03 -1.071903151749E+00  2.115733937221E+00  8.054020227240E-03 -4.236532541470E-02  3.431130518745E-02 -2.717831568796E-02 -9.279151410212E-04  6.604263195525E-06  6.604750243218E-06  6.061121659924E-06  1.261814123962E-01 -6.604263189302E-06  6.072561896554E-03  1.042346205420E-19 -2.491572635624E-21  7.021880035405E-20 -1.669959144821E-03
  1.640000000000E+02  1.660000000000E+02  1.076568427685E+01 -1.944736414729E-14 -9.762227497049E-02  1.169710824908E+02  2.484577280616E-01  3.552129531401E-01 -1.976468676116E-01 -1.680454931322E-03 -1.057978846616E+00  2.093554131032E+00  7.710823872511E-03 -4.145424952679E-02  3.374342565442E-02 -2.629916736008E-02 -9.266690675208E-04 -2.641827917500E-06  6.365058464914E-06 -1.535065666274E-06  1.232267347868E-01  2.641827917264E-06  6.118246428499E-03  8.498785591685E-20 -1.840893973353E-20  6.787425129550E-20 -1.616241599864E-03
  1.680000000000E+02  1.700000000000E+02  1.079612662531E+01 -1.890708871295E-14 -9.613646708960E-02  1.176216435389E+02  2.476771097310E-01  3.532789975427E-01 -1.964779351379E-01 -1.624277701978E-03 -1.044665652922E+00  2.071046259292E+00  7.376657665648E-03 -4.058764627983E-02  3.321098861407E-02 -2.542355903486E-02 -9.314995704860E-04 -1.072080728073E-06  6.533577750388E-06 -1.610690030888E-06  1.200272727640E-01  1.072080733709E-06  5.790745353247E-03  1.060780134464E-19 -6.107275931223E-21  7.840909858968E-20 -1.559501178085E-03
  1.720000000000E+02  1.740000000000E+02  1.082570431551E+01 -1.899385061848E-14 -9.472006560004E-02  1.182550673429E+02  2.469003014493E-01  3.513691484893E-01 -1.953094984071E-01 -1.583384782256E-03 -1.031898182138E+00  2.049427222353E+00  7.171941308643E-03 -3.979252985072E-02  3.262058854248E-02 -2.446807057753E-02 -8.991847660145E-04  1.110364930855E-06  6.598027178631E-06  2.648479319400E-06  1.169751050468E-01 -1.110364934805E-06  5.422065852637E-03  8.923404226106E-20 -1.063801511504E-20  6.849323980399E-20 -1.506683086370E-03
  1.760000000000E+02  1.780000000000E+02  1.085463002708E+01 -1.900202709302E-14 -9.340575864003E-02  1.188758073462E+02  2.461311650337E-01  3.494613145750E-01 -1.941314761795E-01 -1.523449016592E-03 -1.020253387682E+00  2.029572634328E+00  6.985763362087E-03 -3.908246372793E-02  3.209670036579E-02 -2.373593065641E-02 -8.248840564214E-04  1.999413848596E-06  6.259880368788E-06 -1.435766856543E-06  1.141566715854E-01 -1.999413848552E-06  5.374548653810E-03  1.031248891676E-19 -6.196494210435E-21  6.607455153720E-20 -1.458542614308E-03
  1.800000000000E+02  1.820000000000E+02  1.088279415365E+01 -1.842021717449E-14 -9.204565896296E-02  1.194814857808E+02  2.453734603224E-01  3.476565793263E-01 -1.929704869948E-01 -1.473139385835E-03 -1.008031197194E+00  2.009952044374E+00  6.823374381642E-03 -3.836601215850E-02  3.154263777703E-02 -2.296497698207E-02 -8.400888771000E-04  4.927889531919E-06  5.474475530596E-06 -9.219202907477E-06  1.112444689921E-01 -4.927889534616E-06  5.423613593618E-03  1.052120459397E-19 -4.532642407487E-21  7.479610324659E-20 -1.416305375986E-03
  1.840000000000E+02  1.860000000000E+02  1.091027138859E+01 -1.828780096108E-14 -9.072436882610E-02  1.200732468850E+02  2.446342555190E-01  3.461358425000E-01 -1.917830287069E-01 -1.414156079409E-03 -9.960510807219E-01  1.989749505255E+00  6.590234343412E-03 -3.760182401618E-02  3.101158967291E-02 -2.232391251272E-02 -8.151183961147E-04  4.641587919406E-06  4.280955172090E-06 -2.003394101613E-06  1.087075827414E-01 -4.641587918502E-06  5.488439048617E-03  1.121618174166E-19 -2.847242235279E-22  7.036854689145E-20 -1.376349560869E-03
  1.880000000000E+02  1.900000000000E+02  1.093716028746E+01 -1.830489499849E-14 -8.929283344164E-02  1.206530149747E+02  2.439144321759E-01  3.446947412078E-01 -1.906416074295E-01 -1.353145039640E-03 -9.824917163238E-01  1.971131391421E+00  6.370285219599E-03 -3.691355074183E-02  3.054326552231E-02 -2.170955839393E-02 -8.216100990189E-04 -1.391539605855E-05  3.080824757477E-06  4.583844067311E-06  1.066680715440E-01  1.391539606241E-05  5.486544341944E-03  1.043168538952E-19 -1.047756889682E-20  6.505665557894E-20 -1.338848736787E-03
  1.920000000000E+02  1.940000000000E+02  1.096357199254E+01 -1.785245099898E-14 -8.795020945288E-02  1.212230498749E+02  2.432160017936E-01  3.431667198512E-01 -1.894526347845E-01 -1.296508970031E-03 -9.697733938038E-01  1.949857634177E+00  6.148634928270E-03 -3.619996097897E-02  3.005132605094E-02 -2.112292978126E-02 -7.317066111757E-04 -1.282786688261E-05  3.224112712012E-06 -1.617372501563E-06  1.035733535631E-01  1.282786688438E-05  5.232599249926E-03  9.291441449102E-20 -5.675348556194E-22  5.792485601560E-20 -1.291756856181E-03
  1.960000000000E+02  1.980000000000E+02  1.098891443170E+01 -1.746177558740E-14 -8.667854254554E-02  1.217712860895E+02  2.425675097533E-01  3.418046305427E-01 -1.883648323647E-01 -1.241460535656E-03 -9.576815027045E-01  1.931592081271E+00  5.981565159833E-03 -3.558093710113E-02  2.959937194114E-02 -2.019399959212E-02 -7.469282726735E-04  6.851454530079E-06  4.366263858838E-06 -8.695843313329E-06  1.007168402311E-01 -6.851454522712E-06  4.480936469818E-03  7.876102958625E-20 -1.564547684061E-20  5.971929515723E-20 -1.243671983305E-03
  2.000000000000E+02  2.020600000000E+02  1.101395301035E+01 -1.715766858740E-14 -8.571994443151E-02  1.223135362548E+02  2.418838450350E-01  3.403356912756E-01 -1.871518747672E-01 -1.191201930695E-03 -9.490898062105E-01  1.915530765533E+00  5.604576265586E-03 -3.446381059922E-02  2.885923433370E-02 -1.971113901427E-02 -5.152354139386E-04  1.276077256005E-05  4.845989819330E-06 -3.115772448432E-06  9.814232582960E-02 -1.276077256246E-05  3.098039194119E-03  8.922402023491E-20 -1.071507874680E-20  6.317976020862E-20 -1.224531305515E-03
  2.041200000000E+02  2.062418000000E+02  1.103949780435E+01 -1.652618984947E-14 -8.506990134548E-02  1.228681875424E+02  2.412082736845E-01  3.390635297111E-01 -1.859856130727E-01 -1.138967622728E-03 -9.439803634228E-01  1.900562436737E+00  5.121178845484E-03 -3.326106281258E-02  2.813988396721E-02 -1.943384076484E-02 -3.989431354159E-04 -1.614177211082E-06  4.220868101129E-06  6.680434634954E-07  9.615275931458E-02  1.614177210793E-06  2.309688008449E-03  1.048099269987E-19 -1.001363066322E-20  5.799418774524E-20 -1.201604252492E-03
  2.083636000000E+02  2.105490540000E+02  1.106496043071E+01 -1.593742441260E-14 -8.448818679367E-02  1.234215460356E+02  2.405135446818E-01  3.376344122117E-01 -1.847245249949E-01 -1.069471650771E-03 -9.398266151569E-01  1.883824343500E+00  4.605335254729E-03 -3.202897416733E-02  2.742363891223E-02 -1.898319917995E-02 -3.448154302473E-04 -7.906158915708E-06  3.728281947244E-06 -2.944846326228E-06  9.355761208907E-02  7.906158938657E-06  2.080932088464E-03  9.578587373694E-20 -6.636228375286E-21  5.648483676761E-20 -1.171617837216E-03
  2.127345080000E+02  2.149855256200E+02  1.109060114782E+01 -1.544759685113E-14 -8.393598620954E-02  1.239795449640E+02  2.397778738702E-01  3.364824651490E-01 -1.834983039487E-01 -1.011663176116E-03 -9.358147691174E-01  1.870855960006E+00  4.138910062934E-03 -3.077779632536E-02  2.663888626241E-02 -1.856404295534E-02 -3.022081211101E-04 -2.437311503429E-06  3.811429288803E-06 -3.277386697178E-06  9.153566633361E-02  2.437311501474E-06  1.901563291535E-03  8.697946006171E-20 -7.181224588818E-21  6.015163866852E-20 -1.150454020276E-03
  2.172365432400E+02  2.195550913886E+02  1.111647689598E+01 -1.502421923670E-14 -8.341365752416E-02  1.245437852093E+02  2.390113357193E-01  3.354572316366E-01 -1.821837621419E-01 -9.299835229896E-04 -9.318345867665E-01  1.858487542491E+00  3.669136214044E-03 -2.956961204346E-02  2.590047582955E-02 -1.828850537639E-02 -2.195200369376E-04 -2.149072025256E-07  3.696327493816E-06 -1.078453274355E-06  8.928585013756E-02  2.149072112189E-07  1.849570570364E-03  8.422585720420E-20 -8.633415444794E-21  5.944682924013E-20 -1.130525733897E-03
  2.218736395372E+02  2.242617441303E+02  1.114235301617E+01 -1.481286458511E-14 -8.286210973358E-02  1.251086364877E+02  2.382217721757E-01  3.345413866454E-01 -1.809005940128E-01 -8.607075920124E-04 -9.275888646606E-01  1.845772986684E+00  3.168046827021E-03 -2.832430853988E-02  2.515626171294E-02 -1.795287811589E-02 -2.006816495146E-04 -4.499430603797E-06  3.522139835321E-06  1.893664497558E-06  8.701098548325E-02  4.499430596390E-06  1.876153475553E-03  9.680388981840E-20  9.539146678706E-22  5.785039341419E-20 -1.112331080126E-03
  2.266498487233E+02  2.291095964542E+02  1.116841908137E+01 -1.478640536744E-14 -8.229357515511E-02  1.256786747006E+02  2.374247910482E-01  3.332911281801E-01 -1.795472321963E-01 -7.986887591839E-04 -9.230540234275E-01  1.830934246465E+00  2.656472851540E-03 -2.696113263891E-02  2.430465978733E-02 -1.761103855559E-02 -1.908652619513E-04 -1.304096545033E-06  3.421210734865E-06  6.169546710729E-06  8.497207816910E-02  1.304096551123E-06  1.860476381940E-03  9.698719436378E-20 -1.871911908377E-20  4.394290261755E-20 -1.091521998355E-03
  2.315693441850E+02  2.341028843478E+02  1.119461785434E+01 -1.486548522624E-14 -8.170856157580E-02  1.262523103868E+02  2.366182642573E-01  3.318797315068E-01 -1.781973765047E-01 -7.027822217054E-04 -9.183876342943E-01  1.817430742755E+00  2.168323981385E-03 -2.561567337461E-02  2.344734939327E-02 -1.731261508385E-02 -1.901197359065E-04  3.598116505644E-06  2.785569759869E-06  2.038658283266E-06  8.269575051007E-02 -3.598116507145E-06  1.808913622750E-03  9.199601365459E-20 -1.609505138130E-20  4.673951717573E-20 -1.070154386381E-03
  2.366364245106E+02  2.392459708782E+02  1.122080284628E+01 -1.479010380919E-14 -8.113861450351E-02  1.268266107316E+02  2.357880286936E-01  3.307467403272E-01 -1.767890107428E-01 -6.292242267897E-04 -9.137276735817E-01  1.804999688237E+00  1.747345706895E-03 -2.434111118989E-02  2.259376548300E-02 -1.691810313223E-02 -1.676169049579E-04 -2.554367538620E-06  1.712017748977E-06 -3.916711651633E-06  8.014324061188E-02  2.554367533302E-06  2.247447005734E-03  7.707871203941E-20 -1.558867844159E-20  4.665740046311E-20 -1.043532649771E-03
  2.418555172459E+02  2.445433500046E+02  1.124687798422E+01 -1.459145199777E-14 -8.024436793135E-02  1.273996329858E+02  2.349374184280E-01  3.297478849868E-01 -1.753864703534E-01 -5.381892980754E-04 -9.058077837793E-01  1.793497652434E+00  1.325670483149E-03 -2.300733009045E-02  2.168165960739E-02 -1.655434067224E-02 -2.746389207252E-04 -1.405184674079E-06  1.337949081824E-06 -3.441702183251E-06  7.781141746725E-02  1.405184673487E-06  2.650346982309E-03  8.778100431152E-20 -1.474719546981E-20  4.698622000794E-20 -1.024749811843E-03
  2.472311827633E+02  2.499996505047E+02  1.127307320611E+01 -1.449617297944E-14 -7.936051652232E-02  1.279761599377E+02  2.340654256333E-01  3.289885684758E-01 -1.739201305132E-01 -4.511375982980E-04 -8.983636277159E-01  1.782173654967E+00  8.657337094758E-04 -2.167357909675E-02  2.080784538723E-02 -1.628324350509E-02 -2.898161181072E-04  3.072485203516E-06  1.319226776575E-06  1.273165330562E-06  7.579409438727E-02 -3.072485199337E-06  2.658324813808E-03  9.061352955284E-20 -1.826544942056E-20  4.521897698977E-20 -1.007968133834E-03
  2.527681182462E+02  2.556196400198E+02  1.129934442795E+01 -1.461128901247E-14 -7.839633989813E-02  1.285552478376E+02  2.331534617631E-01  3.283157721633E-01 -1.724514817190E-01 -3.439742012488E-04 -8.902951868565E-01  1.772516195761E+00  3.598042800878E-04 -2.035117555830E-02  1.999137127821E-02 -1.597989114600E-02 -3.493086569515E-04  3.393159155422E-07  4.710514617945E-07 -8.945000455466E-07  7.358320971222E-02 -3.393159212748E-07  2.932487731436E-03  7.383934573879E-20 -1.788584157634E-20  4.930764690240E-20 -9.890283614376E-04
  2.584711617935E+02  2.614082292204E+02  1.132552627621E+01 -1.473439903978E-14 -7.725973357656E-02  1.291335867706E+02  2.322408208369E-01  3.272904361036E-01 -1.709339450037E-01 -2.546171859975E-04 -8.796774027663E-01  1.764826735403E+00 -9.827985088358E-05 -1.905840100360E-02  1.915668085413E-02 -1.569103005326E-02 -4.415348212909E-04  6.432933075228E-07 -3.592656107172E-07 -3.433210035854E-06  7.141975600878E-02 -6.432933033184E-07  3.564992576356E-03  8.472302254629E-20 -1.512584724826E-20  3.142830901690E-20 -9.732968470725E-04
  2.643452966473E+02  2.673704760971E+02  1.135178943866E+01 -1.467885238092E-14 -7.577354782915E-02  1.297151054492E+02  2.313375902678E-01  3.259530516068E-01 -1.694138530826E-01 -1.430684646134E-04 -8.654885415392E-01  1.756171572541E+00 -5.525907378283E-04 -1.767684973501E-02  1.822944047286E-02 -1.545504296136E-02 -5.267743680755E-04  1.976107630503E-06 -4.251195851024E-07 -3.554000787121E-06  6.972263988269E-02 -1.976107627254E-06  3.991814670634E-03  1.040468214609E-19 -1.666370264856E-20  3.306936863970E-20 -9.567150168032E-04
  2.703956555468E+02  2.735115903800E+02  1.137827367680E+01 -1.439642459064E-14 -7.423338722914E-02  1.303022301092E+02  2.304118130011E-01  3.248958458986E-01 -1.678363100166E-01 -4.203519684979E-05 -8.503601359167E-01  1.747558908940E+00 -1.045623877140E-03 -1.630447514810E-02  1.735009902543E-02 -1.516983904107E-02 -5.119732156778E-04  5.227437207594E-08 -3.435880092467E-07 -4.912733536336E-06  6.810081439193E-02 -5.227436728223E-08  4.151667982283E-03  7.475970225266E-20 -1.950932747934E-20  3.067932424829E-20 -9.401383605935E-04
  2.766275252132E+02  2.798369380914E+02  1.140484238476E+01 -1.407574353659E-14 -7.254666529753E-02  1.308921821891E+02  2.294543931210E-01  3.238764021828E-01 -1.662648390053E-01  7.004900123882E-05 -8.335161985633E-01  1.742348372969E+00 -1.519708187391E-03 -1.491657392011E-02  1.643628210753E-02 -1.495580882252E-02 -5.036562027211E-04  5.611406131680E-07 -1.505595291942E-07 -2.698180881389E-06  6.651051090075E-02 -5.611406051661E-07  4.728706280042E-03  8.622802482145E-20 -2.251394728375E-20  2.149697297116E-20 -9.289760772159E-04
  2.830463509696E+02  2.863520462341E+02  1.143164029452E+01 -1.398577850030E-14 -7.046214511914E-02  1.314884355310E+02  2.284302270048E-01  3.226548967631E-01 -1.646622517063E-01  1.782161022634E-04 -8.119825118225E-01  1.737088353912E+00 -1.978332819865E-03 -1.355797574940E-02  1.553630856930E-02 -1.473894474135E-02 -6.106811786391E-04 -1.092941236497E-06  4.153363200363E-07 -8.222208822111E-07  6.436350188466E-02  1.092941232300E-06  4.835484782758E-03  8.034037777623E-20 -2.577529551841E-20  1.533342312617E-20 -9.090544140219E-04
  2.896577414987E+02  2.930626076211E+02  1.145802939908E+01 -1.398125145027E-14 -6.856558992815E-02  1.320770599577E+02  2.273440756374E-01  3.210649630368E-01 -1.630376630988E-01  2.725003029937E-04 -7.930790948122E-01  1.731800165798E+00 -2.419907832301E-03 -1.219628127402E-02  1.461618910647E-02 -1.435966799199E-02 -4.917485712284E-04 -9.749882754131E-07  1.600152361733E-06 -1.839646713543E-06  6.248618307847E-02  9.749882810863E-07  4.812893511782E-03  8.318086538077E-20 -9.007349229602E-21  2.133542784083E-20 -8.934596946331E-04
  2.964674737436E+02  2.999744858498E+02  1.148483532632E+01 -1.387851053698E-14 -6.636877514118E-02  1.326755434624E+02  2.262167082793E-01  3.190639478456E-01 -1.613479426822E-01  4.077702798222E-04 -7.705399892883E-01  1.727492110804E+00 -2.788521541532E-03 -1.086209869261E-02  1.365062023423E-02 -1.426789083178E-02 -5.730248768706E-04  2.197799000311E-06  2.349896287049E-06 -2.050887524166E-06  6.106863953994E-02 -2.197799002132E-06  4.878631510042E-03  7.454886672823E-20 -2.060730228185E-20  1.496632072805E-20 -8.840674751034E-04
  3.034814979559E+02  3.070937204253E+02  1.151158841417E+01 -1.369956596804E-14 -6.428926946929E-02  1.332746257933E+02  2.250265203941E-01  3.163153504304E-01 -1.596678169184E-01  5.254835580356E-04 -7.486052755999E-01  1.725227400621E+00 -3.169119270572E-03 -9.503198410497E-03  1.267231768105E-02 -1.400884460648E-02 -5.275790436567E-04 -1.263180923249E-06  1.845856911164E-06 -1.858786729828E-06  5.944844142427E-02  1.263180931743E-06  5.002445928597E-03  8.814425054790E-20 -1.950429112252E-20  1.351869464524E-20 -8.694731129507E-04
  3.107059428946E+02  3.144265320380E+02  1.153851383348E+01 -1.324608174882E-14 -6.185770173764E-02  1.338789803087E+02  2.238256325143E-01  3.134356737931E-01 -1.579284725682E-01  6.562785011123E-04 -7.227450665326E-01  1.724795704889E+00 -3.723053533413E-03 -8.123871119145E-03  1.184692465270E-02 -1.384178857047E-02 -6.676958451056E-04 -2.227525146343E-07  1.364359052349E-06 -7.586582703041E-07  5.754902868028E-02  2.227525145438E-07  5.276092632685E-03  1.025124734537E-19 -2.192192735130E-20  3.130779174925E-21 -8.550983330517E-04
  3.181471211814E+02  3.219793279992E+02  1.156510312062E+01 -1.237487579133E-14 -5.939046827950E-02  1.344782258627E+02  2.226137530624E-01  3.107125635030E-01 -1.561967828309E-01  7.589299439191E-04 -6.957984414002E-01  1.728072257323E+00 -4.198271350330E-03 -6.791131158653E-03  1.098940250909E-02 -1.349165192915E-02 -7.101881384103E-04  1.407950934436E-06  1.334271594292E-06 -1.078493818561E-06  5.550262841078E-02 -1.407950915478E-06  5.564292446686E-03  5.943593306372E-20 -1.937236164346E-20  5.720002121064E-21 -8.366657547972E-04
  3.258115348169E+02  3.297587078391E+02  1.159168768276E+01 -1.147131214526E-14 -5.652571602621E-02  1.350780455499E+02  2.213757324590E-01  3.080648693089E-01 -1.543971913895E-01  9.167224573357E-04 -6.643670091562E-01  1.731975078987E+00 -4.533847021211E-03 -5.439047734386E-03  9.972894755502E-03 -1.330185931465E-02 -7.853127333162E-04 -1.033112202924E-06  1.382257464842E-06 -3.139911305554E-06  5.350315061495E-02  1.033112199933E-06  5.804306844701E-03  8.748237338734E-20 -1.408190675795E-20  1.040686746636E-20 -8.207476824843E-04
  3.337058808614E+02  3.377714690743E+02  1.161790162443E+01 -1.057141021133E-14 -5.365468435272E-02  1.356716310565E+02  2.200840943084E-01  3.051810613475E-01 -1.526213820847E-01  1.022808057662E-03 -6.324565151727E-01  1.735695413804E+00 -4.975051724501E-03 -4.135199329406E-03  9.110251054057E-03 -1.297158926297E-02 -7.512074017050E-04 -6.598436300791E-07  1.586130082749E-06 -3.649615503315E-06  5.155315837703E-02  6.598436398754E-07  5.563697939630E-03  8.960875090679E-20 -2.670062578690E-20 -4.282593559037E-21 -8.013762313231E-04
  3.418370572872E+02  3.460246131465E+02  1.164408277278E+01 -9.762142700112E-15 -5.086361247104E-02  1.362658074539E+02  2.187088735920E-01  3.024944711434E-01 -1.507695319562E-01  1.152942720818E-03 -6.017154117605E-01  1.740063036038E+00 -5.324785589484E-03 -2.839801968383E-03  8.164587557930E-03 -1.269948489542E-02 -7.453712947605E-04  4.603662626172E-07  1.330316428410E-06 -2.366408815492E-06  4.953616027391E-02 -4.603662631095E-07  5.317058568273E-03  6.604744173500E-20 -2.543005782270E-20 -9.036467311644E-21 -7.843410882886E-04
  3.502121690058E+02  3.545253515409E+02  1.166974809873E+01 -9.249643368944E-15 -4.808047989528E-02  1.368493728232E+02  2.172464469342E-01  2.994887432949E-01 -1.489375571501E-01  1.252355251417E-03 -5.705528539162E-01  1.745914974474E+00 -5.694913780533E-03 -1.559799361742E-03  7.254713142290E-03 -1.242931858510E-02 -6.568706185333E-04 -7.890073044312E-07  6.039454151886E-07 -3.655480378551E-06  4.819947574671E-02  7.890073106433E-07  5.455058611155E-03  5.419267708242E-20 -2.576101168151E-20 -1.090025201669E-20 -7.760972984692E-04
  3.588385340760E+02  3.632811120872E+02  1.169602996109E+01 -8.882412781281E-15 -4.499257215825E-02  1.374496778586E+02  2.156988035466E-01  2.964088458378E-01 -1.470505189867E-01  1.371822660154E-03 -5.361287383200E-01  1.753968111802E+00 -6.133053233171E-03 -2.689382009322E-04  6.401991434198E-03 -1.239585325591E-02 -6.895871559437E-04  1.242685667846E-06  2.987901808720E-08 -2.073538642503E-06  4.718062733849E-02 -1.242685666048E-06  5.607167139695E-03  5.649679015729E-20 -2.157319143987E-20 -1.450496994099E-20 -7.682057284400E-04
  3.677236900983E+02  3.722995454498E+02  1.172212437130E+01 -8.795751001821E-15 -4.187942010005E-02  1.380472859773E+02  2.139603845930E-01  2.936241347060E-01 -1.451009807636E-01  1.461639082241E-03 -5.011402966105E-01  1.764742687863E+00 -6.472157370110E-03  9.335021088712E-04  5.538655261227E-03 -1.215216974506E-02 -7.141756299974E-04  5.560002898901E-07 -4.244654741535E-07  1.205407632222E-06  4.555566352898E-02 -5.560002898049E-07  5.730075133841E-03  7.451435978548E-20 -2.722043764401E-20 -1.388111185111E-20 -7.501076910644E-04
  3.768754008012E+02  3.815885318133E+02  1.174813008326E+01 -8.803452125992E-15 -3.845016277131E-02  1.386443898720E+02  2.120029338331E-01  2.904723207431E-01 -1.431479855741E-01  1.553639306681E-03 -4.624475485739E-01  1.776555523890E+00 -6.790882835410E-03  2.099109438461E-03  4.691773397048E-03 -1.185204600564E-02 -8.324306563320E-04  1.625020197367E-06 -4.587361357922E-07  2.051692470880E-06  4.381542566819E-02 -1.625020201045E-06  6.118561291062E-03  6.374068884082E-20 -2.224210244942E-20 -2.445891309435E-20 -7.323387065435E-04
  3.863016628253E+02  3.911561877677E+02  1.177374032707E+01 -8.451518745551E-15 -3.466940870469E-02  1.392344253244E+02  2.098553013892E-01  2.878321909311E-01 -1.411121319261E-01  1.652546698371E-03 -4.191433250708E-01  1.792599740088E+00 -7.114689003049E-03  3.245937484555E-03  3.868751518425E-03 -1.160460768467E-02 -9.137272956024E-04  3.381703546789E-06 -2.480411493521E-07  2.943210888749E-06  4.296759505518E-02 -3.381703542514E-06  5.653261865888E-03  5.637958892774E-20 -2.804431609160E-20 -2.084957231758E-20 -7.238826848936E-04
  3.960107127100E+02  4.010108734007E+02  1.180027362125E+01 -8.053196347627E-15 -3.158659980550E-02  1.398476758066E+02  2.075532321448E-01  2.853372527893E-01 -1.390558748194E-01  1.721743531053E-03 -3.837873686341E-01  1.813700596324E+00 -7.489551827697E-03  4.494779281910E-03  2.994772545964E-03 -1.165425485322E-02 -7.651920831729E-04  3.078114216442E-06  8.551242821589E-08  3.255381457959E-06  4.281368097718E-02 -3.078114213292E-06  4.632917659719E-03  6.200445412407E-20 -3.166248878758E-20 -2.040781432236E-20 -7.275900522258E-04
  4.060110340913E+02  4.111611996027E+02  1.182727032836E+01 -8.190451283053E-15 -2.887760515015E-02  1.404738699793E+02  2.050894496942E-01  2.831064563791E-01 -1.369459723203E-01  1.783618057237E-03 -3.519613307347E-01  1.834315428522E+00 -7.843506628350E-03  5.626794094378E-03  2.216712533659E-03 -1.163036139702E-02 -6.293056962342E-04  1.776317809352E-06  4.734259418786E-07  4.005411582810E-06  4.217183041306E-02 -1.776317812465E-06  4.141551805875E-03  4.623292818109E-20 -1.543644462413E-20 -2.941723059045E-20 -7.256858760416E-04
  4.163113651141E+02  4.216160355908E+02  1.185459249200E+01 -8.460256005598E-15 -2.624896770331E-02  1.411102006439E+02  2.023623608287E-01  2.799829198074E-01 -1.348233340584E-01  1.808828013105E-03 -3.213622283735E-01  1.854931124016E+00 -8.171064635596E-03  6.756218951331E-03  1.414845684275E-03 -1.161258664206E-02 -5.616773934827E-04  9.546457117922E-07  6.929945448938E-07  4.666922245743E-06  4.169911419495E-02 -9.546457111345E-07  3.799754136189E-03  5.636580641412E-20 -2.697327280509E-20 -3.605858154270E-20 -7.266644119029E-04
  4.269207060675E+02  4.323845166585E+02  1.188258334883E+01 -8.629309072861E-15 -2.383167899811E-02  1.417646158169E+02  1.994039341201E-01  2.766114782340E-01 -1.327017034704E-01  1.869029009454E-03 -2.926447053059E-01  1.879702331918E+00 -8.474708494819E-03  7.966291671925E-03  5.084168229928E-04 -1.166410546536E-02 -6.200515970780E-04 -8.355999915691E-07  8.535825941255E-07  2.732084076242E-06  4.149663907263E-02  8.355999875983E-07  3.624089021028E-03  5.457349018891E-20 -3.081109582610E-20 -2.798663620425E-20 -7.350682739341E-04
  4.378483272495E+02  4.434760521583E+02  1.191127631348E+01 -8.954640342308E-15 -2.128519821245E-02  1.424373811658E+02  1.962682745917E-01  2.733698474757E-01 -1.304607409155E-01  1.893667980550E-03 -2.622176331739E-01  1.904810824138E+00 -8.792862192000E-03  9.128460834528E-03 -3.355986425345E-04 -1.185136018155E-02 -4.565794986365E-04 -1.612612905721E-06  1.082991501656E-06  2.828785893936E-06  4.127075300488E-02  1.612612909914E-06  2.539825031614E-03  5.202549468929E-20 -3.553918632195E-20 -3.442763846260E-20 -7.454858409235E-04
  4.491037770670E+02  4.549003337230E+02  1.194064380579E+01 -9.293883082110E-15 -2.023114983924E-02  1.431273717030E+02  1.929517014958E-01  2.702672075743E-01 -1.282552298887E-01  1.903576675408E-03 -2.492739452356E-01  1.928799993531E+00 -8.942224083672E-03  1.015528759225E-02 -1.213063508635E-03 -1.208513672749E-02 -2.410680761667E-04 -4.984053754752E-07  1.177152499282E-06  4.256110529746E-06  4.130404890142E-02  4.984053679736E-07  2.397276464113E-03  5.265231701979E-20 -2.302071484987E-20 -4.018128909144E-20 -7.639869246450E-04
  4.606968903790E+02  4.666673437347E+02  1.197112400707E+01 -9.300176225200E-15 -1.780372259535E-02  1.438467192054E+02  1.894490893855E-01  2.677240302762E-01 -1.258888579930E-01  2.017025006899E-03 -2.195771320274E-01  1.954635984553E+00 -9.261916578177E-03  1.123987537003E-02 -1.977958791875E-03 -1.227964022444E-02 -4.856521389184E-04 -2.005622295409E-06  1.281384855437E-06  1.199927785058E-06  4.113394031213E-02  2.005622293805E-06  2.618243610278E-03  5.735967363895E-20 -2.156609513040E-20 -2.442286649159E-20 -7.619553943511E-04
  4.726377970904E+02  4.787873640468E+02  1.200204317891E+01 -8.676501213103E-15 -1.634981290786E-02  1.445793445387E+02  1.860343578386E-01  2.642846173601E-01 -1.235537624560E-01  1.968268100003E-03 -2.015690960333E-01  1.984751311541E+00 -9.563833987511E-03  1.231597127736E-02 -2.752137289880E-03 -1.209306611179E-02 -2.447835283480E-04  3.192523897514E-08  1.924345934746E-06 -8.454678073455E-07  4.081910641464E-02 -3.192523506582E-08  1.676803249026E-03  3.763911251404E-20 -2.240368092121E-20 -3.827614642440E-20 -7.584477629330E-04
  4.849369310031E+02  4.912709849682E+02  1.203388501730E+01 -7.435409926648E-15 -1.525337381521E-02  1.453355239103E+02  1.829956740449E-01  2.609915042171E-01 -1.210343223456E-01  2.077241433063E-03 -1.879746015792E-01  2.006723834578E+00 -9.799938355555E-03  1.319186867170E-02 -3.391930316140E-03 -1.218074162148E-02 -1.456545681234E-04  3.699778090128E-07  2.407604089192E-06  1.224503317564E-06  3.928357066659E-02 -3.699778076600E-07  8.939558197116E-04  4.210314445965E-20 -2.443080871422E-20 -4.220305438644E-20 -7.515940223520E-04
  4.976050389332E+02  5.041291145172E+02  1.206425010439E+01 -5.506267027981E-15 -1.494229675526E-02  1.460566406694E+02  1.802016139162E-01  2.564956521638E-01 -1.184781608413E-01  1.957621889880E-03 -1.841556751562E-01  2.027288268295E+00 -9.993538490995E-03  1.384240874023E-02 -3.848870249260E-03 -1.176350054159E-02 -7.482029645834E-05  2.263832025436E-07  1.851645134117E-06  6.906869663851E-07  3.689770616320E-02 -2.263831929884E-07  1.327519936166E-04  4.940544915158E-20 -2.433187670013E-20 -3.672432396388E-20 -7.254671844606E-04
  5.106531901012E+02  5.173729879527E+02  1.209405988742E+01 -3.951160434714E-15 -1.504078554756E-02  1.467638709465E+02  1.772385909881E-01  2.519523177136E-01 -1.159094242266E-01  2.055808240369E-03 -1.858295951769E-01  2.060809131881E+00 -1.016851327637E-02  1.466338692672E-02 -4.494873650409E-03 -1.158967082048E-02  4.838585036936E-05 -2.393954643684E-06  6.476332953890E-07 -5.791456501403E-08  3.589538948033E-02  2.393954648296E-06  1.726035276262E-04  4.933850157936E-20 -2.617918311383E-20 -4.813327740110E-20 -7.260367321514E-04
  5.240927858042E+02  5.310141775913E+02  1.212453576507E+01 -3.531927932991E-15 -1.465821579682E-02  1.474877408367E+02  1.741738319840E-01  2.482283181174E-01 -1.131979590270E-01  1.942982573132E-03 -1.820292011376E-01  2.093727296579E+00 -1.027536380826E-02  1.544854063737E-02 -5.173176829042E-03 -1.167418653788E-02  6.779037955790E-05 -2.195502512322E-06 -3.186127391367E-07 -4.172039790736E-06  3.600887067793E-02  2.195502512438E-06 -3.265253994453E-04  3.746914015309E-20 -2.360261519717E-20 -3.995071667340E-20 -7.444574718425E-04
  5.379355693784E+02  5.450646029190E+02  1.215633881752E+01 -3.391404778536E-15 -1.560487966267E-02  1.482432959366E+02  1.710290306522E-01  2.441700118671E-01 -1.104191341875E-01  1.947787410149E-03 -1.945679072111E-01  2.131088268154E+00 -1.025915000411E-02  1.606451598116E-02 -5.805365976794E-03 -1.219049870270E-02  1.533716797246E-04  2.045782667529E-07 -9.504834854682E-07 -4.142970524600E-06  3.616140616071E-02 -2.045782667394E-07 -4.117670000721E-04  4.618269992256E-20 -1.876699159905E-20 -3.741070132863E-20 -7.711538346418E-04
  5.521936364597E+02  5.595365410066E+02  1.218897750277E+01 -2.783175744268E-15 -1.538816533501E-02  1.490208430128E+02  1.676984056560E-01  2.388443573078E-01 -1.075261023070E-01  1.816947042813E-03 -1.935448516951E-01  2.159128229064E+00 -1.026688922146E-02  1.665099094039E-02 -6.384101719066E-03 -1.239636482719E-02  8.916515473557E-06  7.489477517816E-07 -1.844650894775E-06 -1.627725908683E-07  3.528001738337E-02 -7.489477496443E-07 -1.621529652130E-04  4.887719661461E-20 -1.787004413888E-20 -3.492688634200E-20 -7.697285063989E-04
  5.668794455535E+02  5.743794455535E+02  1.222113030871E+01 -2.000514337519E-15 -1.589946279862E-02  1.497878285806E+02  1.642497016150E-01  2.333929129071E-01 -1.043992932488E-01  1.709991922964E-03 -1.995049779618E-01  2.175298091840E+00 -1.016483108666E-02  1.675139072728E-02 -6.586559640665E-03 -1.215061654426E-02  1.967189507839E-05  1.254348328855E-07 -2.603170650940E-06  5.455348574862E-08  3.404655248404E-02 -1.254348302801E-07 -6.648403254185E-04  4.766007430906E-20 -2.717408509778E-20 -2.745681232887E-20 -7.491280685639E-04
  5.818794455535E+02  5.893794455535E+02  1.225283235142E+01 -1.577531797322E-15 -1.664087235118E-02  1.505479734298E+02  1.607585770311E-01  2.301080943528E-01 -1.012789732343E-01  1.533615002428E-03 -2.084567699474E-01  2.142254045661E+00 -9.976253943253E-03  1.619088125973E-02 -6.214627316437E-03 -1.166000101702E-02  5.977268790306E-05  5.163238988522E-07 -2.198721421216E-06 -5.307397504176E-08  3.285212283858E-02 -5.163238979193E-07 -6.225721320508E-04  4.227791348534E-20 -1.537681183234E-20 -2.778755228103E-20 -7.078133641627E-04
  5.968794455535E+02  6.043794455535E+02  1.228273042173E+01 -1.244085852855E-15 -1.707464294020E-02  1.512649829008E+02  1.572568004604E-01  2.247075341942E-01 -9.817754583096E-02  1.394460357413E-03 -2.133836131925E-01  2.110410557501E+00 -9.712765628525E-03  1.582310343685E-02 -6.110337808338E-03 -1.087688969856E-02  1.661856738915E-04 -8.750497434460E-07 -1.494415786067E-06 -7.806688094655E-07  3.191259908105E-02  8.750497444469E-07 -1.345335579791E-03  4.414979822512E-20 -2.242920567911E-20 -2.033215832086E-20 -6.662371552288E-04
  6.118794455535E+02  6.193794455535E+02  1.231268011814E+01 -6.445341945345E-16 -1.915648355943E-02  1.519862635589E+02  1.538975683776E-01  2.174377871792E-01 -9.504284938580E-02  1.247109177610E-03 -2.396649170564E-01  2.076835564101E+00 -9.520850691547E-03  1.533786504332E-02 -5.817014351823E-03 -1.054353661198E-02  6.258755741675E-04  1.392416929791E-07 -1.980938796106E-06 -1.768140699257E-06  3.087993801931E-02 -1.392416924062E-07 -2.591387118893E-03  4.997286592943E-20 -2.279412553128E-20 -3.275113799653E-20 -6.455071202656E-04
  6.268794455535E+02  6.343794455535E+02  1.234063732281E+01 -2.164709383967E-16 -2.193010479057E-02  1.526603685840E+02  1.507007710043E-01  2.104917193304E-01 -9.185382068871E-02  1.183915759696E-03 -2.749401575926E-01  2.047470576125E+00 -9.360220100120E-03  1.501293226056E-02 -5.652712160502E-03 -1.004446256137E-02  6.550187363182E-04  4.479354159631E-07 -2.730724126149E-06 -1.228021250800E-06  2.956858560749E-02 -4.479354153995E-07 -2.039485474179E-03  3.750994034613E-20 -1.383209802668E-20 -2.640266541173E-20 -6.177305709454E-04
  6.418794455535E+02  6.493794455535E+02  1.236811258185E+01 -2.576474913048E-16 -2.298424948985E-02  1.533264029613E+02  1.477526344089E-01  2.023786349110E-01 -8.866452191049E-02  1.145075115262E-03 -2.892019213999E-01  2.023212903079E+00 -9.228389333884E-03  1.473116634609E-02 -5.502777012116E-03 -9.777208428625E-03  3.886160095764E-04 -1.512847979793E-06 -2.719907999058E-06 -4.624158489664E-07  2.861309982394E-02  1.512847976836E-06 -9.880816799976E-04  3.446342539528E-20 -7.980888241851E-21 -2.270991540164E-20 -5.971359649910E-04
  6.568794455535E+02  6.643794455535E+02  1.239428068940E+01 -3.063576591485E-16 -2.378085711283E-02  1.539598311503E+02  1.448649691096E-01  1.955060556099E-01 -8.543727455264E-02  9.088443490789E-04 -3.004398897378E-01  1.991955113620E+00 -9.107007695957E-03  1.440803025700E-02 -5.301022560877E-03 -9.263374518586E-03  1.951919166319E-04 -8.775983143441E-07 -2.159152284810E-06  2.489566751337E-06  2.737541951284E-02  8.775983155766E-07 -9.111912329696E-04  3.561874286841E-20 -1.722637756245E-20 -2.929545515664E-20 -5.629414730610E-04
  6.718794455535E+02  6.793794455535E+02  1.241943305073E+01 -2.769225820876E-17 -2.470180411114E-02  1.545727958032E+02  1.418673709603E-01  1.895106243207E-01 -8.217368917904E-02  8.362473143732E-04 -3.128709540835E-01  1.959318269269E+00 -8.883258288952E-03  1.392511791295E-02 -5.041859623968E-03 -8.812988967012E-03  1.933248395835E-04 -5.798572270508E-09 -8.414829904838E-07  4.814456807986E-06  2.699581625960E-02  5.798571184353E-09 -1.598325657824E-03  3.109862027934E-20 -1.017468962818E-20 -3.159034197207E-20 -5.467225303143E-04
  6.868794455535E+02  6.943794455535E+02  1.244487985172E+01  1.261820509191E-16 -2.678860679084E-02  1.551919318334E+02  1.385740730523E-01  1.838945880969E-01 -7.890500388862E-02  6.501323949996E-04 -3.406132262514E-01  1.932173867955E+00 -8.630551334465E-03  1.358918824347E-02 -4.958636908941E-03 -8.692287746137E-03  5.340356409311E-04  2.711700872367E-06  3.372117902139E-07  3.889437536568E-06  2.695252955927E-02 -2.711700872620E-06 -2.117286408372E-03  3.073190241100E-20 -1.419870005491E-20 -1.729024570235E-20 -5.378519669009E-04
  7.018794455535E+02  7.093794455535E+02  1.246996522506E+01 -3.443917604799E-17 -2.866439338390E-02  1.558052455790E+02  1.349846618915E-01  1.779135765780E-01 -7.556996628415E-02  5.730218453810E-04 -3.651294126102E-01  1.908443532680E+00 -8.411768251090E-03  1.332790027157E-02 -4.916132020438E-03 -8.490284276378E-03  5.033046663744E-04 -4.913350474996E-07  9.084462587980E-07  2.762212022342E-06  2.669710471867E-02  4.913350460236E-07 -1.832557640895E-03  3.973389582041E-20 -4.457464373163E-21 -2.014398230793E-20 -5.233627367844E-04
  7.168794455535E+02  7.243794455535E+02  1.249496217351E+01  1.720721366320E-16 -3.021080970812E-02  1.564168817763E+02  1.314242626442E-01  1.727751584528E-01 -7.216726972257E-02  3.803354646314E-04 -3.863323506435E-01  1.889228808552E+00 -8.165854374556E-03  1.313881031125E-02 -4.972955936687E-03 -8.384373516075E-03  3.764994623815E-04 -1.109878585936E-06  1.225035046759E-06  9.876614243391E-07  2.724575441371E-02  1.109878588042E-06 -1.882939481868E-03  2.447390156195E-20 -2.930384265658E-21 -1.902892725522E-20 -5.351511824502E-04
  7.318794455535E+02  7.393794455535E+02  1.252107557292E+01  5.752600363655E-16 -3.218478794650E-02  1.570587397451E+02  1.278168104661E-01  1.672345033931E-01 -6.870533625576E-02  3.890782354545E-04 -4.121079052856E-01  1.869204097463E+00 -7.901062146076E-03  1.276015565513E-02 -4.859093509128E-03 -8.629710761032E-03  3.242972478121E-04  1.346391254061E-06  1.359019122639E-06 -9.993804163771E-07  2.721242925901E-02 -1.346391255758E-06 -1.875470184881E-03  3.855614559215E-20 -6.299961982624E-22 -1.761291910175E-20 -5.297476588859E-04
  7.468794455535E+02  7.543794455535E+02  1.254599347187E+01  9.678895416624E-16 -3.372403914935E-02  1.576716437618E+02  1.240158998777E-01  1.622906918872E-01 -6.506145522925E-02  3.580939905578E-04 -4.328199333025E-01  1.851580304812E+00 -7.821207822848E-03  1.257244767332E-02 -4.751239850481E-03 -8.370408265324E-03  1.673900959482E-04 -3.927097247072E-07  1.187469210411E-06 -5.059294097598E-07  2.668959202260E-02  3.927097274643E-07 -8.746937033903E-04  2.246429890760E-20 -1.406738602465E-21 -1.920687616794E-20 -5.255438481417E-04
  7.618794455535E+02  7.693794455535E+02  1.257112210669E+01  1.238182299745E-15 -3.382241886942E-02  1.582923515035E+02  1.199765410650E-01  1.570756952262E-01 -6.145538305635E-02  2.839540998532E-04 -4.355368685558E-01  1.824917865040E+00 -7.659542122497E-03  1.230863306481E-02 -4.649090942272E-03 -8.357906505058E-03 -8.699670444701E-05 -2.145633545032E-07  5.137750327464E-07  1.331874107956E-06  2.630757122559E-02  2.145633533222E-07 -3.775352536647E-04  2.618911688695E-20 -6.368867375813E-21 -2.506794728582E-20 -5.120070020307E-04
  7.768794455535E+02  7.843794455535E+02  1.259531823350E+01  1.121876174135E-15 -3.443087861986E-02  1.588906001940E+02  1.157668849771E-01  1.523662356514E-01 -5.768118064047E-02  2.740866508061E-04 -4.440571387342E-01  1.797336366290E+00 -7.502637474247E-03  1.198504908641E-02 -4.482411612064E-03 -8.026126547378E-03  7.617950460846E-05  9.284852444647E-07  2.651483876223E-07  3.709781508562E-06  2.653780380979E-02 -9.284852461647E-07 -8.874502692780E-04  3.306818300290E-20 -5.331208080773E-21 -1.304122588094E-20 -5.011181856642E-04
  7.918794455535E+02  7.993794455535E+02  1.262088254905E+01  9.246146961498E-16 -3.548543510825E-02  1.595270680858E+02  1.112161584826E-01  1.479254793277E-01 -5.385063625064E-02  2.134948042219E-04 -4.584174806316E-01  1.777004331316E+00 -7.312839200850E-03  1.178920129801E-02 -4.476362097208E-03 -8.077853468340E-03  1.327740118891E-04 -9.747639064088E-07  3.485036581030E-07  4.612371149339E-06  2.762048647919E-02  9.747639079339E-07 -3.254739894995E-03  2.321842083806E-20 -2.537813765698E-21 -1.237083745327E-20 -5.053440525649E-04
  8.068794455535E+02  8.143794455535E+02  1.264710925936E+01  8.235977004556E-16 -4.052655216685E-02  1.601787032191E+02  1.063488607130E-01  1.456515485454E-01 -4.996443715729E-02  1.946011350630E-04 -5.222730534696E-01  1.757719769312E+00 -7.096995315270E-03  1.160501063352E-02 -4.508015318251E-03 -8.080792036515E-03  7.456112176119E-04 -1.624935195948E-07  4.898133807733E-07  2.606652721575E-06  2.865178806215E-02  1.624935172309E-07 -4.417195563990E-03  2.864769970988E-20 -5.010336810085E-21 -1.778471920545E-20 -5.103501667412E-04
  8.218794455535E+02  8.293794455535E+02  1.267460435276E+01  6.075649242968E-16 -4.375424416950E-02  1.608665579657E+02  1.012264581921E-01  1.426650583056E-01 -4.607802574736E-02  1.561598369083E-04 -5.642685086694E-01  1.729754561632E+00 -6.915353387730E-03  1.124398147313E-02 -4.328628085380E-03 -8.193178645752E-03  6.621932096766E-04  8.685988334824E-07  1.201941777954E-06  1.424399802726E-06  2.923860537439E-02 -8.685988340057E-07 -4.114776472714E-03  2.497756470633E-20  5.898061432818E-22 -1.507244826308E-20 -5.022796424899E-04
  8.368794455535E+02  8.443794455535E+02  1.270193419811E+01  5.942711600593E-16 -4.823818470826E-02  1.615503381565E+02  9.584393410805E-02  1.406681270895E-01 -4.213453122413E-02  1.711563342383E-04 -6.223063416690E-01  1.703462326832E+00 -6.696098060070E-03  1.087264737458E-02 -4.176549314568E-03 -7.828319037374E-03  8.656913591651E-04 -2.854004961724E-07  2.089199338059E-06  1.420066459856E-06  2.903790011811E-02  2.854004945072E-07 -4.422385830818E-03  1.858080911295E-20 -3.050537201407E-21 -5.773491029330E-21 -4.816277490567E-04
  8.518794455535E+02  8.593794455535E+02  1.272904941978E+01  9.548207132356E-16 -5.205913695430E-02  1.622310754849E+02  9.026680954438E-02  1.398423406927E-01 -3.813500502877E-02  2.096113537562E-04 -6.725525220584E-01  1.675094629385E+00 -6.643100947845E-03  1.064478948921E-02 -4.001688541491E-03 -7.552156238207E-03  8.138283926051E-04 -1.077226244158E-06  2.441916619026E-06  1.966023413395E-06  2.755743180601E-02  1.077226244843E-06 -4.529923200699E-03  2.635360526214E-20 -2.893511400725E-21 -9.757150046480E-21 -4.506823680518E-04
  8.668794455535E+02  8.743794455535E+02  1.275359971538E+01  1.303289073884E-15 -5.674184011690E-02  1.628489996089E+02  8.440021863429E-02  1.392491307260E-01 -3.410823114408E-02  1.811905703771E-04 -7.339560423268E-01  1.650318828393E+00 -6.504112145807E-03  1.035961408260E-02 -3.855501936909E-03 -6.887361009717E-03  8.894265492986E-04 -1.210578327872E-06  2.729665569271E-06  2.036542853952E-06  2.722389258100E-02  1.210578325134E-06 -4.558452398939E-03  1.481710770030E-20 -1.005137183338E-21 -1.362448931591E-20 -4.261389627431E-04
  8.818794455535E+02  8.893794455535E+02  1.278009538538E+01  1.351443985655E-15 -6.060640525198E-02  1.635197387079E+02  7.800839485940E-02  1.379989424639E-01 -3.014147044146E-02  2.459860020536E-04 -7.851621250943E-01  1.634565995141E+00 -6.309479336315E-03  1.019429434172E-02 -3.884815005360E-03 -6.809625798196E-03  8.438702549696E-04 -1.596478662026E-06  3.139851985686E-06  1.049738626105E-06  2.726753036229E-02  1.596478662043E-06 -4.233203613123E-03  1.795378436336E-20  2.401394829949E-21 -7.755701869223E-21 -4.166008504225E-04
  8.968794455535E+02  9.043794455535E+02  1.280473391899E+01  1.298153858714E-15 -6.467610079418E-02  1.641452759822E+02  7.109015430910E-02  1.367250613231E-01 -2.612399792692E-02  1.765327614120E-04 -8.402335063622E-01  1.616256980102E+00 -6.137547505181E-03  9.876789544994E-03 -3.739242039910E-03 -6.461433923866E-03  7.641705543916E-04 -1.287642574813E-06  2.951793011845E-06  2.543042265158E-06  2.647087905113E-02  1.287642571233E-06 -3.892997548360E-03  1.748130346673E-20 -1.122091026124E-21 -1.800481571834E-21 -4.015265567596E-04
  9.118794455535E+02  9.193794455535E+02  1.282973245010E+01  1.366543163350E-15 -6.789721723899E-02  1.647818148873E+02  6.340534707818E-02  1.348013529903E-01 -2.207094853898E-02  2.101075931494E-04 -8.841499421337E-01  1.594593995905E+00 -5.993892803222E-03  9.623216163564E-03 -3.629323360322E-03 -6.405895027090E-03  5.743728202406E-04 -1.501226660619E-07  2.770125379339E-06  2.581215476984E-06  2.700944413227E-02  1.501226674159E-07 -3.436228479409E-03  9.171255798631E-21 -7.317498403327E-23 -2.927999744115E-21 -3.955546049710E-04
  9.268794455535E+02  9.343794455535E+02  1.285539030171E+01  1.476600092198E-15 -7.110680431640E-02  1.654370295992E+02  5.478252601414E-02  1.327274968167E-01 -1.805593859400E-02  1.017532257827E-04 -9.279912801520E-01  1.578663508375E+00 -5.930688287131E-03  9.363821222722E-03 -3.433132935541E-03 -6.202570028264E-03  4.277210254313E-04  1.730394715724E-07  2.531460729480E-06  3.936241116517E-07  2.724079721394E-02 -1.730394737976E-07 -3.135777393107E-03  1.532728525343E-20 -1.167160759462E-21  5.213608093690E-22 -3.851912675303E-04
  9.418794455535E+02  9.493794455535E+02  1.288082284483E+01  1.408962139668E-15 -7.377088262999E-02  1.660889870024E+02  4.500171165233E-02  1.313909335693E-01 -1.394356423398E-02  1.680342754589E-04 -9.653711829691E-01  1.573764960425E+00 -5.804297911000E-03  9.274408721280E-03 -3.470110810326E-03 -6.173254173335E-03  3.865586463802E-04  8.696304955621E-07  1.927680624749E-06 -7.245152164705E-07  2.707459996405E-02 -8.696304940176E-07 -2.670044662625E-03  1.731608832101E-20  1.459310213321E-21  4.943034438650E-21 -3.804123810853E-04
  9.568794455535E+02  9.643794455535E+02  1.290615498189E+01  1.113740682434E-15 -7.611358522095E-02  1.667412913261E+02  3.381891025955E-02  1.322837358213E-01 -9.808235439614E-03  1.342203902712E-05 -9.985393916516E-01  1.604355473134E+00 -5.709054693577E-03  9.280884355170E-03 -3.571829661611E-03 -6.088673107208E-03  4.136901625911E-04 -4.481919214183E-07  1.254913293101E-06 -1.833136888798E-06  3.043493434994E-02  4.481919163758E-07 -2.780719073579E-03  2.243773036796E-21 -2.648587233807E-21  6.231487567912E-21 -4.178229268937E-04
  9.718794455535E+02  9.793794455535E+02  1.293788230801E+01  6.566205550928E-16 -7.899039495233E-02  1.675632341206E+02  2.070957024943E-02  1.388769031951E-01 -5.642468974458E-03  8.281779054039E-05 -1.040601521345E+00  1.708097023540E+00 -5.730013480989E-03  1.006777820653E-02 -4.337764725603E-03 -7.428378036096E-03  4.026208131913E-04 -8.486181274269E-07  5.005293690511E-07 -1.372380519086E-06  3.827994260648E-02  8.486181271513E-07 -2.393003077594E-03 -1.104410102702E-21  3.065839986303E-21  1.255545184345E-20 -5.432814353435E-04
  9.868794455535E+02  9.943794455535E+02  1.297792697882E+01  1.817447469286E-16 -8.061301861829E-02  1.686147464384E+02  4.298529869663E-03  1.571748324676E-01 -1.649972287404E-03 -6.087008757275E-05 -1.066808498513E+00  1.694634157053E+00 -6.587084583650E-03  1.067977921252E-02 -4.092694628746E-03 -8.841482642141E-03  3.519695383633E-04  2.028283929737E-07  6.875880241446E-08 -8.096627943258E-07  2.135635308034E-02 -2.028283964225E-07 -8.606860138921E-04 -1.999753074425E-21  2.272365924178E-22  9.899582083293E-21 -2.546606300535E-04
