                   y                  ym                   U                   V                   W                 U^2                 V^2                 W^2                  UV                  VW                  UW                VISC               SFSxx               SFSyy               SFSzz               SFSxy               SFSyz                dUdX                dVdX                dWdX                dUdY                dVdY                dWdY                dUdZ                dVdZ                dWdZ              SFSxym
 -4.000000000000E+00 -2.000000000000E+00  0.000000000000E+00  0.000000000000E+00  0.000000000000E+00  0.000000000000E+00  0.000000000000E+00  0.000000000000E+00  0.000000000000E+00  0.000000000000E+00  0.000000000000E+00  0.000000000000E+00  0.000000000000E+00  0.000000000000E+00  0.000000000000E+00  0.000000000000E+00  0.000000000000E+00  0.000000000000E+00  0.000000000000E+00  0.000000000000E+00  0.000000000000E+00  0.000000000000E+00  0.000000000000E+00  0.000000000000E+00  0.000000000000E+00  0.000000000000E+00  0.000000000000E+00
  2.220446049250E-16  2.000000000000E+00  5.275391282644E+00  4.869860482752E-16 -4.347295467894E-02  2.909123037053E+01  2.823657321493E-02  3.535111084884E-01 -8.417197942841E-02 -7.285436668257E-04 -2.250940407169E-01  1.146961269205E+00 -8.568626151370E-04  4.504509715005E-03 -3.647647099976E-03 -3.117762405229E+00  1.829344456356E-02 -4.818037734088E-04 -3.107715349131E-05 -8.319143980220E-06  2.372998350399E+01  4.818037734206E-04 -1.789564467126E-01  3.274446480274E-20  1.547574746908E-21 -6.786624676797E-21 -1.138624685947E-02
  4.000000000000E+00  6.000000000000E+00  6.589604393140E+00  1.309919620690E-15 -4.597534884165E-02  4.476451036474E+01  1.127480073909E-01  3.956689761384E-01 -1.758735657464E-01 -7.357138271943E-04 -3.012449652975E-01  4.211304279932E+00  1.613533066045E-01 -1.418627599391E-01 -1.949054666433E-02 -8.219181304726E-01 -3.343530929929E-02  1.250814889010E-04 -4.697723760057E-05  3.768820090574E-06  3.478121608509E+00 -1.250814888942E-04 -1.012707081652E-03  2.521051503960E-20 -8.138676965141E-21  2.031825829881E-22 -5.377602017137E-02
  8.000000000000E+00  1.000000000000E+01  7.014326099203E+00  1.736559416502E-15 -4.398856366098E-02  5.032932273873E+01  1.415683991480E-01  3.755479642011E-01 -1.723639607790E-01 -8.493556550951E-04 -3.063071614010E-01  4.518228945661E+00  8.259959953401E-02 -1.893734012160E-01  1.067738016811E-01 -4.292629766647E-01 -1.617745500608E-02  1.139017883887E-04 -1.974247209539E-05 -3.658293188329E-06  1.614328064852E+00 -1.139017883774E-04  7.993219627602E-03 -6.403959544403E-21 -1.644909346094E-22  3.487392738577E-20 -2.541554886188E-02
  1.200000000000E+01  1.400000000000E+01  7.396885240996E+00  1.762258705571E-15 -4.196759048435E-02  5.580903821526E+01  1.585834715776E-01  3.696114309465E-01 -1.866487955917E-01 -7.589028966047E-04 -3.074000707520E-01  4.451008499429E+00  7.769031369484E-02 -1.757074154479E-01  9.801710175244E-02 -3.929681390284E-01 -3.376835026824E-03  9.126662193005E-05 -7.306838331787E-06 -1.312196427574E-05  1.305169194430E+00 -9.126662191996E-05  9.382979369252E-03 -3.335685197386E-22 -7.627052705026E-21  6.113599415751E-20 -2.121053981120E-02
  1.600000000000E+01  1.800000000000E+01  7.667081141402E+00  1.564360186529E-15 -3.931067442961E-02  5.981277878260E+01  1.722933226161E-01  3.651555478542E-01 -1.869794937332E-01 -7.799152302077E-04 -2.976722788141E-01  4.206026807269E+00  6.414496763919E-02 -1.587435860956E-01  9.459861845665E-02 -2.808608199284E-01 -2.833897716073E-03  3.880658721992E-05 -7.501885075756E-06 -8.598043569057E-06  1.001132048609E+00 -3.880658722590E-05  1.011820778824E-02  2.461288191285E-20  3.579045955126E-21  8.221371046118E-20 -1.602760860742E-02
  2.000000000000E+01  2.200000000000E+01  7.897348188318E+00  1.370922834166E-15 -3.699190822855E-02  6.336112740842E+01  1.840610027556E-01  3.639150724855E-01 -1.911332291610E-01 -8.054409471913E-04 -2.876531071450E-01  4.038296791259E+00  5.698797199581E-02 -1.453641640885E-01  8.837619209285E-02 -2.367030272420E-01 -2.912244362419E-03  1.971394321275E-05 -4.665100056777E-06 -6.779282420932E-06  8.344465734681E-01 -1.971394318411E-05  8.395596523918E-03  4.673223329618E-21  4.570881090726E-21  5.911687264759E-20 -1.337001684531E-02
  2.400000000000E+01  2.600000000000E+01  8.084196544224E+00  1.202665535158E-15 -3.514572008845E-02  6.631027239443E+01  1.941073223914E-01  3.627793340560E-01 -1.915640847614E-01 -7.985735628090E-04 -2.790472390637E-01  3.862674868895E+00  4.964145346451E-02 -1.333362369986E-01  8.369478353295E-02 -1.920497696535E-01 -2.361544571923E-03  1.108085125413E-05  6.057146584231E-07 -1.288876154994E-05  7.025686331202E-01 -1.108085126445E-05  6.706623641021E-03  1.277135024645E-20  9.900264361318E-22  8.371281684289E-20 -1.118667805513E-02
  2.800000000000E+01  3.000000000000E+01  8.248726886322E+00  9.311662226875E-16 -3.360153491787E-02  6.897213513312E+01  2.025264350718E-01  3.619554146297E-01 -1.929299032474E-01 -8.174451779819E-04 -2.717789956692E-01  3.723079999948E+00  4.445031558650E-02 -1.237332927836E-01  7.928297719677E-02 -1.673311649802E-01 -2.234783204789E-03  2.272951906740E-05  7.636902121483E-07 -9.883068221404E-06  6.141663640506E-01 -2.272951907384E-05  5.920052802545E-03  1.029052768072E-20  1.338452588760E-21  8.214924038504E-20 -9.752059425630E-03
  3.200000000000E+01  3.400000000000E+01  8.391326126156E+00  5.880918581974E-16 -3.220406823934E-02  7.132243110734E+01  2.095328893481E-01  3.608987694010E-01 -1.929788931403E-01 -8.336138895107E-04 -2.646714869759E-01  3.589330175384E+00  3.993413068400E-02 -1.153320132908E-01  7.539788260702E-02 -1.452112285296E-01 -1.893248820444E-03  3.088565152345E-05 -1.675654269300E-06  2.119124620641E-06  5.429701071496E-01 -3.088565152763E-05  4.835366904699E-03  1.264249139154E-20 -6.633258957897E-21  8.751045096195E-20 -8.575280579328E-03
  3.600000000000E+01  3.800000000000E+01  8.520131491707E+00  6.236913835505E-16 -3.121191596770E-02  7.348464556969E+01  2.153569686832E-01  3.597449221325E-01 -1.933219650150E-01 -8.308791133630E-04 -2.604671019284E-01  3.474295284974E+00  3.629123225580E-02 -1.081816730060E-01  7.189044075075E-02 -1.300352418146E-01 -1.426924225345E-03 -1.327463542353E-05 -1.624749829452E-06  1.458119556614E-05  4.895221785071E-01  1.327463543710E-05  4.024310247782E-03  1.300036830533E-20 -5.051603534414E-21  9.784684022751E-20 -7.693884801190E-03
  4.000000000000E+01  4.200000000000E+01  8.636022212540E+00  8.835413231485E-16 -3.017480024017E-02  7.545911729559E+01  2.201984649033E-01  3.588505540125E-01 -1.931423466921E-01 -8.430861642247E-04 -2.554066174406E-01  3.369961531549E+00  3.314198503814E-02 -1.018005162156E-01  6.865853117668E-02 -1.166385949962E-01 -1.467890478393E-03  5.076998452371E-06  3.366028347888E-07  1.683474733269E-05  4.457623621949E-01 -5.076998439675E-06  3.563394183882E-03  9.043260186194E-21 -3.102754012025E-22  8.942702212045E-20 -6.980607075303E-03
  4.400000000000E+01  4.600000000000E+01  8.742994861330E+00  9.988750639701E-16 -2.941203553721E-02  7.730743784024E+01  2.242024870748E-01  3.582508703198E-01 -1.929946653857E-01 -8.498559207925E-04 -2.522747944633E-01  3.279287907749E+00  3.044664450097E-02 -9.641204268774E-02  6.596539818643E-02 -1.069497346280E-01 -1.417130900014E-03  3.095750887901E-05  2.298429411317E-06  9.055860298770E-06  4.118407489487E-01 -3.095750885957E-05  2.179025543804E-03  3.683326722952E-21 -9.230979821645E-23  8.767205081049E-20 -6.414923683249E-03
  4.800000000000E+01  5.000000000000E+01  8.841974519067E+00  7.675286910665E-16 -2.906596284926E-02  7.903854093796E+01  2.275684343136E-01  3.577380502715E-01 -1.926313705415E-01 -8.867977391266E-04 -2.523438900823E-01  3.196376610721E+00  2.814954106850E-02 -9.170381768735E-02  6.355427661852E-02 -9.851145076091E-02 -1.028651293614E-03  1.726121947507E-06  3.015694257619E-06  2.232644347174E-06  3.840048565544E-01 -1.726121963679E-06  7.762882221655E-04  2.493723994261E-21 -1.844466449936E-21  7.983960311772E-20 -5.940322315864E-03
  5.200000000000E+01  5.400000000000E+01  8.935043741272E+00  3.352219399057E-17 -2.900102871722E-02  8.068575010401E+01  2.304366914839E-01  3.572365043220E-01 -1.922930607654E-01 -8.842893362369E-04 -2.546832791815E-01  3.120641263067E+00  2.619485770304E-02 -8.745777882969E-02  6.126292112756E-02 -9.175642460776E-02 -7.756822418035E-04 -1.067618084773E-06  1.807331708676E-06 -1.272787172489E-05  3.613413225310E-01  1.067618106745E-06  5.860510936877E-04 -3.302228717770E-21 -1.803107574589E-21  7.700129716727E-20 -5.547442224318E-03
  5.600000000000E+01  5.800000000000E+01  9.022659731401E+00 -7.535444707454E-16 -2.877225293169E-02  8.225237147548E+01  2.328685364391E-01  3.567768773012E-01 -1.918057835501E-01 -8.738716657868E-04 -2.554252120087E-01  3.052004403802E+00  2.461016849094E-02 -8.381731347333E-02  5.920714498231E-02 -8.587917920107E-02 -8.672350436477E-04 -2.337788864193E-06 -3.734918857173E-07 -7.674096825877E-06  3.403331208446E-01  2.337788851173E-06  9.392606314226E-04  8.647479789651E-21 -2.473860190649E-21  8.903157831223E-20 -5.196941154904E-03
  6.000000000000E+01  6.200000000000E+01  9.105155242933E+00 -1.774829343100E-15 -2.852537023945E-02  8.374171182284E+01  2.349318440014E-01  3.562247842788E-01 -1.913540967455E-01 -8.647215855182E-04 -2.557671895224E-01  2.988585178270E+00  2.296723172823E-02 -8.041249234725E-02  5.744526061901E-02 -8.055562837702E-02 -9.254553382965E-04 -6.127340915985E-06 -1.941791335040E-07  1.279682075674E-05  3.212417239116E-01  6.127340882865E-06  6.144663860707E-04  1.001731506001E-20 -2.107588177050E-21  7.334745432251E-20 -4.884101959301E-03
  6.400000000000E+01  6.600000000000E+01  9.183248248929E+00 -2.794499296318E-15 -2.841895127327E-02  8.516411912515E+01  2.366887880284E-01  3.558118347506E-01 -1.908307991005E-01 -8.656455323823E-04 -2.570953830258E-01  2.930447912162E+00  2.157430026176E-02 -7.743722112179E-02  5.586292085973E-02 -7.575840580452E-02 -8.058605195449E-04  2.142075095222E-06  1.354888102502E-06  1.201858205481E-05  3.048124341629E-01 -2.142075074447E-06 -2.421596163056E-05 -7.224678247236E-21  1.529056675051E-21  8.650921108473E-20 -4.605135325893E-03
  6.800000000000E+01  7.000000000000E+01  9.257612089257E+00 -3.861658930994E-15 -2.850074309917E-02  8.653039536019E+01  2.381602927536E-01  3.555368672606E-01 -1.902773941139E-01 -8.698432634990E-04 -2.598130784283E-01  2.876633521292E+00  2.038937436243E-02 -7.468166127026E-02  5.429228690746E-02 -7.165323828271E-02 -6.778067314494E-04  9.629642114491E-06  8.084442735327E-07 -7.084488165712E-06  2.907782799017E-01 -9.629642161646E-06 -2.909747138650E-04 -6.292869028931E-21 -7.160146904381E-21  7.670712871039E-20 -4.364369026468E-03
  7.200000000000E+01  7.400000000000E+01  9.328615909580E+00 -4.342540324727E-15 -2.854839304194E-02  8.784589140340E+01  2.393380218541E-01  3.549699539343E-01 -1.897195607458E-01 -8.672017737609E-04 -2.621776852326E-01  2.826353333965E+00  1.926504182013E-02 -7.219052636336E-02  5.292548454293E-02 -6.798830405243E-02 -7.923915578098E-04  6.654826195641E-06  1.079885990786E-06 -2.440122190139E-06  2.783768439595E-01 -6.654826179596E-06 -2.896071933582E-04  3.693245824280E-23  7.582405388847E-21  8.446361393308E-20 -4.142917668953E-03
  7.600000000000E+01  7.800000000000E+01  9.396781569527E+00 -3.857228374956E-15 -2.863115188021E-02  8.911819152124E+01  2.402884749518E-01  3.540568246695E-01 -1.891307035607E-01 -8.640568273736E-04 -2.646912205280E-01  2.779664976823E+00  1.831247520252E-02 -6.987407445182E-02  5.156159924938E-02 -6.472500269999E-02 -7.547699513272E-04 -6.429277385121E-08  2.334855465221E-06  2.034570553015E-06  2.673062316762E-01  6.429277893853E-08  1.435571729651E-04 -1.747146196192E-20  6.242586804800E-21  9.222752753701E-20 -3.955835536926E-03
  8.000000000000E+01  8.200000000000E+01  9.462314509794E+00 -3.448068527026E-15 -2.846267419890E-02  9.034979056420E+01  2.411133959066E-01  3.530016557741E-01 -1.885136409363E-01 -8.522127958509E-04 -2.647046132282E-01  2.734061824077E+00  1.723341644111E-02 -6.760746372603E-02  5.037404728522E-02 -6.185732233243E-02 -8.047543364167E-04 -9.896385951791E-06  1.950964074264E-06 -2.135097343135E-06  2.573445313933E-01  9.896385940528E-06  1.219881206900E-03 -9.754434232434E-21  7.707715281558E-21  7.301483737339E-20 -3.779045010517E-03
  8.400000000000E+01  8.600000000000E+01  9.525436185686E+00 -3.089277468459E-15 -2.800236695119E-02  9.154464373023E+01  2.418187372977E-01  3.521340905613E-01 -1.879052715384E-01 -8.420910082028E-04 -2.617778706982E-01  2.690995932022E+00  1.628706664368E-02 -6.554416050101E-02  4.925709385802E-02 -5.911097296806E-02 -9.274360804487E-04 -6.535418328799E-06  2.582472434518E-06  4.504896641518E-06  2.476736769583E-01  6.535418342117E-06  2.070195083270E-03 -6.998605619186E-22 -2.648084496900E-21  8.878454603444E-20 -3.610126329314E-03
  8.800000000000E+01  9.000000000000E+01  9.586135986379E+00 -2.785994861911E-15 -2.743063929999E-02  9.270118462333E+01  2.423860357506E-01  3.514000959219E-01 -1.872791134910E-01 -8.488707586684E-04 -2.577290171933E-01  2.648223047734E+00  1.544304990941E-02 -6.354822523530E-02  4.810517532617E-02 -5.650175334263E-02 -9.911502308381E-04  1.440599934519E-05  4.407252629505E-06  1.087723537628E-06  2.383707618438E-01 -1.440599934390E-05  2.335189158442E-03 -3.423162098320E-21  4.518796580683E-21  7.703748680672E-20 -3.456108736081E-03
  9.200000000000E+01  9.400000000000E+01  9.644648314372E+00 -2.675986317843E-15 -2.687139337171E-02  9.382303120361E+01  2.428083467770E-01  3.507061304339E-01 -1.866665227011E-01 -8.482439158055E-04 -2.536782702449E-01  2.609789064365E+00  1.479656095262E-02 -6.183833948178E-02  4.704177852918E-02 -5.417865890229E-02 -9.493428553959E-04  1.415486759199E-05  5.240315353347E-06 -9.951580286152E-06  2.306363336934E-01 -1.415486759239E-05  2.070876045110E-03 -4.221081733930E-21 -4.628874449929E-21  7.975363703365E-20 -3.320179871907E-03
  9.600000000000E+01  9.800000000000E+01  9.701502133330E+00 -2.835559261352E-15 -2.642432432224E-02  9.491875659276E+01  2.431090644236E-01  3.500831295324E-01 -1.860246093060E-01 -8.662155468631E-04 -2.508103151397E-01  2.575792478962E+00  1.419914797075E-02 -6.024309998546E-02  4.604395201501E-02 -5.210641562458E-02 -8.406221156214E-04 -3.391369943680E-06  4.498155848478E-06 -2.053061219084E-06  2.237686610823E-01  3.391369940191E-06  1.424418190237E-03 -3.855567819535E-21  7.949374795288E-21  7.083843841924E-20 -3.196887381142E-03
  1.000000000000E+02  1.020000000000E+02  9.756561399446E+00 -3.284397529698E-15 -2.615141897590E-02  9.598595854697E+01  2.432970280048E-01  3.495958756505E-01 -1.853585153889E-01 -8.712679955030E-04 -2.494467864590E-01  2.542092784134E+00  1.371069324666E-02 -5.883955732573E-02  4.512886407872E-02 -5.018053429366E-02 -7.170879738236E-04 -9.760763583286E-06  3.310130051171E-06  8.384464661452E-06  2.160340485121E-01  9.760763589053E-06  1.281312067275E-03  6.836577485071E-21 -7.899329458272E-22  8.668511331529E-20 -3.071227562436E-03
  1.040000000000E+02  1.060000000000E+02  9.809479031855E+00 -3.689546281341E-15 -2.577089090855E-02  9.701739268727E+01  2.433877130703E-01  3.488658596730E-01 -1.847267917942E-01 -8.904060292374E-04 -2.471562399105E-01  2.507379822038E+00  1.322155117929E-02 -5.736480232063E-02  4.414325114112E-02 -4.809728774174E-02 -7.666459465397E-04 -3.561609620634E-06  4.097420767733E-06 -2.452167183537E-06  2.082370398253E-01  3.561609600428E-06  1.515236549306E-03  1.258714412103E-20  6.484297090546E-21  8.482537089871E-20 -2.945744525189E-03
  1.080000000000E+02  1.100000000000E+02  9.860682517204E+00 -3.775322719377E-15 -2.541032661354E-02  9.802050181936E+01  2.434168793388E-01  3.482819529946E-01 -1.840712153401E-01 -9.042663087489E-04 -2.450551333091E-01  2.475501143330E+00  1.266720701356E-02 -5.604152788539E-02  4.337432087181E-02 -4.623115564056E-02 -7.609731272174E-04 -1.926391116132E-05  5.015248865885E-06 -3.710993816288E-07  2.015898828803E-01  1.926391116298E-05  1.286807841956E-03  3.450297916851E-21  7.157653978343E-21  8.381754763288E-20 -2.839484054173E-03
  1.120000000000E+02  1.140000000000E+02  9.910314839387E+00 -3.776673563003E-15 -2.515272285269E-02  9.899759150568E+01  2.433910211439E-01  3.479449101346E-01 -1.834075955112E-01 -9.258657347518E-04 -2.438198914456E-01  2.445360265145E+00  1.218775403061E-02 -5.476304466884E-02  4.257529063881E-02 -4.455356742320E-02 -6.523217727933E-04  2.138030144807E-06  4.706731468819E-06 -1.015749677055E-06  1.955286988658E-01 -2.138030161876E-06  1.036422431456E-03  1.306055476767E-20  2.809378803022E-22  7.064788215192E-20 -2.737804410216E-03
  1.160000000000E+02  1.180000000000E+02  9.958434230757E+00 -3.713877079134E-15 -2.490238023458E-02  9.994950291277E+01  2.433021293318E-01  3.476168245905E-01 -1.827451761800E-01 -9.338345417273E-04 -2.425836558492E-01  2.416159284085E+00  1.169860331548E-02 -5.353614331931E-02  4.183754000420E-02 -4.300221002980E-02 -5.540935050690E-04  1.204640495940E-05  4.798371485805E-06 -7.813129342740E-06  1.899327921536E-01 -1.204640494934E-05  9.171521033094E-04  1.195559010752E-20  2.427744489007E-21  7.485284233955E-20 -2.641857846704E-03
  1.200000000000E+02  1.220000000000E+02  1.000527423297E+01 -3.673363407434E-15 -2.470611183393E-02  1.008807991383E+02  2.431537055670E-01  3.470930463202E-01 -1.820878890841E-01 -9.443257421217E-04 -2.418587680642E-01  2.386381429544E+00  1.128703817710E-02 -5.235102794070E-02  4.106398976341E-02 -4.155681305136E-02 -4.431232665055E-04 -1.714922680919E-05  4.697996465067E-06 -4.349937432090E-06  1.844627575604E-01  1.714922680404E-05  8.893339513022E-04  1.483888412292E-20  4.582797292062E-21  6.972376831463E-20 -2.548180493399E-03
  1.240000000000E+02  1.260000000000E+02  1.005066764160E+01 -3.598427979201E-15 -2.447393400509E-02  1.017873784695E+02  2.429164274415E-01  3.463761522609E-01 -1.814251527279E-01 -9.650395282537E-04 -2.407109935177E-01  2.359813729923E+00  1.071390233154E-02 -5.111662418320E-02  4.040272185142E-02 -4.001917484640E-02 -4.086953599654E-04  9.899412541562E-07  4.272699129906E-06  8.103289660800E-07  1.792572009754E-01 -9.899412276835E-07  9.000970596730E-04  1.884721776664E-20 -6.059374027915E-21  7.215424245195E-20 -2.462302681778E-03
  1.280000000000E+02  1.300000000000E+02  1.009490057190E+01 -3.046512369632E-15 -2.426018282311E-02  1.026753634882E+02  2.425919791928E-01  3.453869071574E-01 -1.807608313004E-01 -9.690201634370E-04 -2.396296009652E-01  2.335589884122E+00  1.024745657311E-02 -5.012466839304E-02  3.987721181963E-02 -3.868797027411E-02 -4.345922847257E-04  1.334788858128E-05  3.554163659828E-06  2.854437876541E-06  1.742951811119E-01 -1.334788858440E-05  4.717012397750E-04  3.342182956025E-20 -1.095349955783E-20  7.450004261222E-20 -2.372628511226E-03
  1.320000000000E+02  1.340000000000E+02  1.013780931023E+01 -2.479226206565E-15 -2.423357987964E-02  1.035403397468E+02  2.422200760048E-01  3.442500418725E-01 -1.800847825001E-01 -9.833611345350E-04 -2.404100983010E-01  2.310302965398E+00  9.883121449003E-03 -4.914577248020E-02  3.926265103177E-02 -3.730491256828E-02 -3.427829101951E-04 -1.094152345487E-05  2.210402079194E-06  4.743713480024E-06  1.696058846490E-01  1.094152347120E-05  3.328415313210E-04  1.832492592833E-21 -4.999325003572E-21  8.325411900316E-20 -2.293322963388E-03
  1.360000000000E+02  1.380000000000E+02  1.017966172921E+01 -2.705448531581E-15 -2.409774717069E-02  1.043874957028E+02  2.418474351419E-01  3.430298485518E-01 -1.793962394025E-01 -9.905235471938E-04 -2.399839346219E-01  2.284078382163E+00  9.545230956089E-03 -4.812180339435E-02  3.857657243838E-02 -3.615046789576E-02 -3.757274899762E-04 -2.148600029432E-07  1.840794802393E-06 -1.088416144751E-06  1.653923377936E-01  2.148599878602E-07  3.169738364885E-04  9.742542997518E-21 -1.841590388220E-21  6.862893130804E-20 -2.225502202863E-03
  1.400000000000E+02  1.420000000000E+02  1.022049707091E+01 -3.255908455173E-15 -2.408031272434E-02  1.052170805074E+02  2.414823679222E-01  3.420531898099E-01 -1.787125776729E-01 -1.001706663495E-03 -2.409065242603E-01  2.259896408281E+00  9.178859113145E-03 -4.712132604380E-02  3.794246693086E-02 -3.502382838069E-02 -3.225706421011E-04  1.722251745193E-05  2.007689675711E-06 -5.204218783964E-06  1.614840489435E-01 -1.722251743815E-05 -4.481434878757E-05  8.086069943715E-21 -1.021017554465E-20  6.798637079496E-20 -2.159203489835E-03
  1.440000000000E+02  1.460000000000E+02  1.026045370913E+01 -3.513361946569E-15 -2.412766014177E-02  1.060321598510E+02  2.411092775330E-01  3.411952155734E-01 -1.780021512354E-01 -1.008827776194E-03 -2.424931593793E-01  2.234891585617E+00  8.880424015841E-03 -4.610926847228E-02  3.722884445641E-02 -3.404463774093E-02 -2.555794003720E-04  2.843611775994E-07  9.376958496445E-07 -7.873626957101E-06  1.576057413686E-01 -2.843611802977E-07  1.839550095000E-04  4.858639826465E-21 -9.660663891995E-22  7.201496409472E-20 -2.093656380271E-03
  1.480000000000E+02  1.500000000000E+02  1.029932232689E+01 -3.748133603256E-15 -2.402040063102E-02  1.068286485761E+02  2.407117457954E-01  3.402885754304E-01 -1.773128142598E-01 -1.012630005142E-03 -2.423811918570E-01  2.210207355741E+00  8.612688619578E-03 -4.518624154843E-02  3.657355292890E-02 -3.296476434230E-02 -3.149594587117E-04 -4.806962008408E-06 -2.952627964121E-07 -1.263686807040E-06  1.534530985666E-01  4.806962011444E-06  5.856943176979E-04  6.640137074740E-21 -1.314857496960E-20  7.990369377494E-20 -2.029079781534E-03
  1.520000000000E+02  1.540000000000E+02  1.033714754525E+01 -3.783789326422E-15 -2.384902467582E-02  1.076065727342E+02  2.402946643318E-01  3.393955248545E-01 -1.766094991149E-01 -1.023611025357E-03 -2.415744150858E-01  2.185763794066E+00  8.270558215952E-03 -4.426317478283E-02  3.599261656707E-02 -3.196432880163E-02 -3.686809709996E-04  3.757294755375E-06 -1.713474655710E-07 -2.736584456383E-06  1.494607611678E-01 -3.757294755150E-06  4.927358876455E-04  1.768658805267E-20 -1.111250655886E-20  6.768980511190E-20 -1.966219945861E-03
  1.560000000000E+02  1.580000000000E+02  1.037402737871E+01 -3.521621507139E-15 -2.375371496666E-02  1.083675965449E+02  2.398593269204E-01  3.385576713189E-01 -1.759044762364E-01 -1.035305387409E-03 -2.414301667269E-01  2.164070218783E+00  7.940164021283E-03 -4.338804524059E-02  3.544788121938E-02 -3.099664507370E-02 -3.112827325017E-04  9.468988770439E-06  7.567351828511E-07 -4.241435202538E-06  1.453821811689E-01 -9.468988754520E-06  1.919456813371E-04  3.002957468523E-20 -1.093456558257E-21  6.963985428839E-20 -1.908351252445E-03
  1.600000000000E+02  1.620000000000E+02  1.040986418338E+01 -3.355592207456E-15 -2.375563259670E-02  1.091097477322E+02  2.394063838821E-01  3.376848668145E-01 -1.751820513995E-01 -1.042817052496E-03 -2.423070297520E-01  2.142115041262E+00  7.632492411405E-03 -4.245312839182E-02  3.482063598004E-02 -3.003145366676E-02 -2.467188667039E-04  4.747420616805E-06  8.493660359519E-07  2.328910021887E-06  1.418474368463E-01 -4.747420619256E-06 -2.381702910530E-04  2.500512270902E-20 -9.127637105144E-22  5.856590933969E-20 -1.850423172990E-03
  1.640000000000E+02  1.660000000000E+02  1.044499196985E+01 -2.940725209640E-15 -2.389680359986E-02  1.098400162270E+02  2.389224790152E-01  3.368539057199E-01 -1.744817414950E-01 -1.059786523920E-03 -2.444837213038E-01  2.120352925680E+00  7.409415440712E-03 -4.161035342396E-02  3.420093798305E-02 -2.917774095662E-02 -1.651455166060E-04 -4.364634646965E-06 -3.949614506103E-07  5.133014072940E-06  1.386018157891E-01  4.364634651758E-06 -3.143110981079E-04  2.532517884579E-20 -4.831165172214E-21  5.995735033451E-20 -1.794657077251E-03
  1.680000000000E+02  1.700000000000E+02  1.047916059466E+01 -2.308951713275E-15 -2.391319015125E-02  1.105527442761E+02  2.384217729392E-01  3.360379227876E-01 -1.737663320710E-01 -1.066955243176E-03 -2.452550753807E-01  2.098446531893E+00  7.166308208619E-03 -4.076855736740E-02  3.360224915861E-02 -2.824389832076E-02 -1.716799377842E-04 -3.448240607909E-06 -1.429400593044E-06  2.788823859124E-06  1.351149092892E-01  3.448240614649E-06 -6.268200835140E-05  2.511897250836E-20 -8.016080198162E-21  6.488655261129E-20 -1.736844834277E-03
  1.720000000000E+02  1.740000000000E+02  1.051250450276E+01 -1.955847593257E-15 -2.392836039596E-02  1.112508818169E+02  2.379060810462E-01  3.350936452709E-01 -1.730584872043E-01 -1.076032665061E-03 -2.458834699258E-01  2.077524941964E+00  6.935138286171E-03 -3.998734650588E-02  3.305220821963E-02 -2.739406318034E-02 -1.748905491385E-04 -2.364996094875E-06 -8.735901667793E-07 -2.201501835737E-06  1.323114127872E-01  2.364996108848E-06 -1.029414804487E-05  6.725436868477E-21 -6.977944700698E-21  6.667095649870E-20 -1.688563130523E-03
  1.760000000000E+02  1.780000000000E+02  1.054530173058E+01 -1.591828954530E-15 -2.393267804159E-02  1.119398580285E+02  2.373764728270E-01  3.339110929301E-01 -1.723171564428E-01 -1.086404422954E-03 -2.463346630249E-01  2.057855029054E+00  6.743834982146E-03 -3.926951385092E-02  3.252567886881E-02 -2.665781422066E-02 -1.709742686928E-04  1.774879337572E-06  2.240251398870E-08  7.593901348564E-07  1.293468050805E-01 -1.774879322742E-06  2.021081492317E-04  2.512849802656E-20  7.867094779840E-22  6.763699752113E-20 -1.642238597471E-03
  1.800000000000E+02  1.820000000000E+02  1.057720641270E+01 -9.447738453840E-16 -2.383053858183E-02  1.126125931714E+02  2.368518015948E-01  3.327242383537E-01 -1.716255001168E-01 -1.109976029941E-03 -2.458340267307E-01  2.036849054245E+00  6.546033826873E-03 -3.851115168850E-02  3.196511786150E-02 -2.585994758607E-02 -1.823889640653E-04  2.019679761771E-06  5.067518156356E-08  6.317548143589E-06  1.256604546057E-01 -2.019679750399E-06  5.459709034519E-04  1.162641710593E-20 -5.242668630266E-22  3.986402049841E-20 -1.590535970223E-03
  1.840000000000E+02  1.860000000000E+02  1.060815096221E+01 -2.631865356438E-16 -2.365503952065E-02  1.132669412495E+02  2.363166058704E-01  3.315264266889E-01 -1.708663445892E-01 -1.118448648401E-03 -2.448544284994E-01  2.016392994831E+00  6.301210276358E-03 -3.777037199551E-02  3.146916171903E-02 -2.501011991991E-02 -2.114405907976E-04  4.943576150580E-06 -2.123539844146E-07  6.883845686093E-06  1.217681163693E-01 -4.943576138578E-06  8.864574224321E-04  2.868166154605E-20 -6.371302848020E-21  7.312888062985E-20 -1.533208857335E-03
  1.880000000000E+02  1.900000000000E+02  1.063808302751E+01  4.171570496444E-16 -2.337358088821E-02  1.139016356724E+02  2.357512740227E-01  3.305736861363E-01 -1.701805446821E-01 -1.141054306704E-03 -2.429038436826E-01  1.996937197951E+00  6.030847271156E-03 -3.709965936999E-02  3.106881209883E-02 -2.406595764345E-02 -2.378992670383E-04  4.796449145639E-06 -9.184098525787E-08  4.965974352659E-06  1.185062814849E-01 -4.796449137388E-06  1.390514273022E-03  1.778493117585E-20 -5.193456075599E-21  6.455793384900E-20 -1.481584897816E-03
  1.920000000000E+02  1.940000000000E+02  1.066739039581E+01  1.057905788434E-15 -2.294757709368E-02  1.145242357935E+02  2.351359956926E-01  3.295424456794E-01 -1.693946302388E-01 -1.156189491440E-03 -2.395266483265E-01  1.976164733028E+00  5.819690826955E-03 -3.638062725528E-02  3.056093642842E-02 -2.334550040770E-02 -3.289420585425E-04 -5.525953769596E-06  4.749269992736E-07 -2.832292675538E-06  1.157395464864E-01  5.525953765100E-06  1.683647787729E-03  2.190937400427E-20  1.830565411405E-21  6.518300753820E-20 -1.434659877485E-03
  1.960000000000E+02  1.980000000000E+02  1.069594094958E+01  1.351308966345E-15 -2.254123453848E-02  1.151323866182E+02  2.344918256132E-01  3.287760617628E-01 -1.687266852887E-01 -1.176348037508E-03 -2.363659822099E-01  1.958336104311E+00  5.624741719150E-03 -3.566749113818E-02  3.004274941912E-02 -2.257537969468E-02 -4.267387387254E-04 -9.566119539630E-06  1.438783521960E-06 -9.211471118115E-07  1.136081071229E-01  9.566119545719E-06  1.698501553690E-03  4.147605141551E-20 -9.790433036504E-21  7.028275245186E-20 -1.391545414581E-03
  2.000000000000E+02  2.020600000000E+02  1.072418579134E+01  1.606149819626E-15 -2.209673443142E-02  1.157349495224E+02  2.337457483130E-01  3.279306448942E-01 -1.679129818716E-01 -1.208185931016E-03 -2.327186366117E-01  1.941388435759E+00  5.184291697344E-03 -3.448434260682E-02  2.930005090926E-02 -2.200592715264E-02 -2.404597168632E-04  4.844099142412E-06  2.551397075126E-06  5.751192099403E-06  1.099953038001E-01 -4.844099139788E-06  1.707076049712E-03  2.151991423332E-20 -5.310954364854E-21  5.645694067312E-20 -1.363463174260E-03
  2.041200000000E+02  2.062418000000E+02  1.075259456160E+01  2.294515416788E-15 -2.163036293500E-02  1.163431814150E+02  2.329424403288E-01  3.272511980344E-01 -1.671498483840E-01 -1.215579533725E-03 -2.289651706858E-01  1.926425765352E+00  4.728937177986E-03 -3.324759699984E-02  2.851865982175E-02 -2.161623852646E-02 -2.693849380542E-04  6.735076848913E-06  3.228766386246E-06  8.269362450132E-07  1.069987934345E-01 -6.735076822761E-06  2.024129740253E-03  3.064028449255E-20 -1.754857933937E-21  5.590521940771E-20 -1.335475638040E-03
  2.083636000000E+02  2.105490540000E+02  1.078095366572E+01  3.243233661956E-15 -2.100426558673E-02  1.169514851145E+02  2.320503377244E-01  3.264237862321E-01 -1.663100749304E-01 -1.239433467650E-03 -2.235519311061E-01  1.911149653412E+00  4.238548263466E-03 -3.193787005077E-02  2.769932178724E-02 -2.112360387880E-02 -3.318498248170E-04 -2.659846121040E-06  3.541405054037E-06 -1.522236805727E-06  1.046034104308E-01  2.659846113221E-06  2.776503387263E-03  3.471447253816E-20 -1.594428108038E-20  4.299286661179E-20 -1.311412708933E-03
  2.127345080000E+02  2.149855256200E+02  1.080974257105E+01  4.550824560939E-15 -2.011888936270E-02  1.175708330222E+02  2.310591705119E-01  3.257475187404E-01 -1.654530962717E-01 -1.255064142662E-03 -2.152680350837E-01  1.896876340958E+00  3.828370059672E-03 -3.071685102977E-02  2.688848096996E-02 -2.081552157273E-02 -4.219117752919E-04 -1.909765991605E-06  3.929819342254E-06 -5.246608941615E-08  1.026533977743E-01  1.909766019582E-06  3.638340534161E-03  3.773551289715E-20 -6.129803865751E-21  5.787021703572E-20 -1.285753617944E-03
  2.172365432400E+02  2.195550913886E+02  1.083872134102E+01  5.652764714648E-15 -1.895789249626E-02  1.181959806318E+02  2.299529678396E-01  3.253440574946E-01 -1.645721595788E-01 -1.266976394953E-03 -2.040119611184E-01  1.882765617052E+00  3.370008623660E-03 -2.951311170343E-02  2.614310307983E-02 -2.034056403005E-02 -4.309305897136E-04 -3.075508778291E-07  3.975025066578E-06  5.188255993263E-06  9.998362620108E-02  3.075508763105E-07  4.060500920151E-03  4.407612375233E-20 -1.401539937961E-21  5.858327447496E-20 -1.256307563329E-03
  2.218736395372E+02  2.242617441303E+02  1.086770712461E+01  6.055157243667E-15 -1.774436108872E-02  1.188225775924E+02  2.287547708648E-01  3.250438256103E-01 -1.636486312412E-01 -1.270764741781E-03 -1.920778906700E-01  1.869172571874E+00  2.877316409908E-03 -2.826097739456E-02  2.538366098481E-02 -1.987923439886E-02 -4.792600882657E-04 -9.927650384854E-07  2.973600388615E-06  5.404111160992E-06  9.704116596091E-02  9.927650397651E-07  4.586705451818E-03  3.432765889341E-20  4.985389649449E-21  5.857884554441E-20 -1.226992047459E-03
  2.266498487233E+02  2.291095964542E+02  1.089665307260E+01  6.359771650283E-15 -1.620435243431E-02  1.194499458746E+02  2.275218093024E-01  3.242879765171E-01 -1.627273303133E-01 -1.270333097600E-03 -1.762934816074E-01  1.856688241866E+00  2.357988094881E-03 -2.696292453496E-02  2.460493644024E-02 -1.944952731190E-02 -6.323571597122E-04 -3.560086982586E-06  1.772663111261E-06 -1.393391224785E-06  9.413048860929E-02  3.560086983438E-06  5.189423018542E-03  2.618650361098E-20  5.447232599143E-21  6.009356042728E-20 -1.200323320934E-03
  2.315693441850E+02  2.341028843478E+02  1.092557694709E+01  6.679954621854E-15 -1.455921232690E-02  1.200784650094E+02  2.262702797314E-01  3.233323619464E-01 -1.617394737442E-01 -1.283699157513E-03 -1.593903723426E-01  1.845162436877E+00  1.879314918456E-03 -2.570685809154E-02  2.382754317305E-02 -1.896270168397E-02 -6.491232969772E-04 -7.984055489143E-07  8.452827955032E-07 -4.179021689468E-07  9.170678486072E-02  7.984055492165E-07  5.136371466587E-03  2.650580909740E-20 -9.910531957212E-21  4.304171682693E-20 -1.172022939476E-03
  2.366364245106E+02  2.392459708782E+02  1.095472418975E+01  6.645265067384E-15 -1.294465805157E-02  1.207135861539E+02  2.250206474741E-01  3.219307143001E-01 -1.607585412254E-01 -1.288042319349E-03 -1.425252860227E-01  1.834286521196E+00  1.437836143070E-03 -2.443952832711E-02  2.300169218403E-02 -1.858464546737E-02 -6.050749901951E-04 -2.588243901042E-06 -1.442131670545E-07  4.775436633059E-06  8.957230293847E-02  2.588243910711E-06  5.008604336177E-03  1.818486584004E-20  3.180494381092E-22  3.984670365011E-20 -1.150488969245E-03
  2.418555172459E+02  2.445433500046E+02  1.098398424649E+01  6.137955595176E-15 -1.126387804469E-02  1.213518061544E+02  2.238158667258E-01  3.202268691653E-01 -1.596872306516E-01 -1.286785978879E-03 -1.245800242277E-01  1.823091240158E+00  9.512537920614E-04 -2.309308140423E-02  2.214182761206E-02 -1.826068449426E-02 -5.668879910486E-04 -2.359605294176E-07 -6.434261242420E-07  6.840617878203E-06  8.718342844650E-02  2.359605212942E-07  4.900501858694E-03  3.004104109335E-20 -7.324175873091E-21  5.505971823728E-20 -1.129319414506E-03
  2.472311827633E+02  2.499996505047E+02  1.101327735719E+01  5.481739628194E-15 -9.626078110485E-03  1.219924917925E+02  2.226071422671E-01  3.183084785533E-01 -1.586233648888E-01 -1.299283295212E-03 -1.069136638836E-01  1.810613127569E+00  4.799098091709E-04 -2.169644880001E-02  2.121653899080E-02 -1.789880318853E-02 -5.155014921444E-04 -1.239068228599E-06 -2.912883633401E-07  3.931969605117E-06  8.481393412212E-02  1.239068220502E-06  4.608171129817E-03  3.986027205561E-20 -6.100028124141E-21  3.183646795978E-20 -1.106685999932E-03
  2.527681182462E+02  2.556196400198E+02  1.104267434316E+01  5.131003261161E-15 -8.073667807157E-03  1.226366423291E+02  2.213418335562E-01  3.163934448058E-01 -1.575021665697E-01 -1.281526157496E-03 -9.033364637873E-02  1.798422387996E+00 -7.904914205924E-05 -2.023002850829E-02  2.030907765048E-02 -1.751269379019E-02 -4.235733290620E-04  1.489379015152E-06  4.180721343286E-07  3.716471534720E-06  8.279100169502E-02 -1.489379018126E-06  4.469221762299E-03  4.229195275228E-20 -1.111611329907E-20  3.218672715154E-20 -1.083963007156E-03
  2.584711617935E+02  2.614082292204E+02  1.107230959763E+01  5.151670106132E-15 -6.457755143677E-03  1.232872787191E+02  2.200289359533E-01  3.145326507997E-01 -1.563635934018E-01 -1.285974498581E-03 -7.300654128627E-02  1.788356626094E+00 -5.416606772765E-04 -1.884659840527E-02  1.938825908259E-02 -1.721872333146E-02 -4.101796667091E-04  3.444584684611E-06  9.291082909212E-07  5.975352452600E-06  8.080863360879E-02 -3.444584686445E-06  4.238298880745E-03  2.781006889573E-20 -1.742629947952E-21  4.571576735468E-20 -1.068170623706E-03
  2.643452966473E+02  2.673704760971E+02  1.110202188997E+01  5.220393200477E-15 -4.978933487289E-03  1.239406354741E+02  2.186482959896E-01  3.124449510657E-01 -1.551559779700E-01 -1.268320692170E-03 -5.734744859457E-02  1.781632383211E+00 -9.575973910087E-04 -1.755415319918E-02  1.851175059014E-02 -1.695983834869E-02 -3.684861546247E-04 -1.870120931677E-06  1.394634273214E-06  4.500152901123E-06  7.870070714365E-02  1.870120926005E-06  4.199975952356E-03  4.340070166923E-20  1.428065390328E-21  2.659055932783E-20 -1.050602312704E-03
  2.703956555468E+02  2.735115903800E+02  1.113183095388E+01  5.005121100563E-15 -3.291685511664E-03  1.245979247449E+02  2.171879505932E-01  3.102690254230E-01 -1.539300276238E-01 -1.266934903610E-03 -3.889786904196E-02  1.775548142466E+00 -1.425314601739E-03 -1.623031996790E-02  1.765563456966E-02 -1.663380923559E-02 -4.015934816852E-04 -1.457481884761E-06  2.038406937376E-06  2.456263922819E-06  7.697551559741E-02  1.457481875089E-06  4.618536862971E-03  4.373702412420E-20  1.954813126265E-22  2.197749580547E-20 -1.032279567676E-03
  2.766275252132E+02  2.798369380914E+02  1.116198745430E+01  4.660267108556E-15 -1.387386194558E-03  1.252646553124E+02  2.156782325182E-01  3.074459384910E-01 -1.526603443910E-01 -1.251704703569E-03 -1.794693444718E-02  1.771093509119E+00 -1.875330027199E-03 -1.492229542984E-02  1.679762545709E-02 -1.645639474700E-02 -4.987991920408E-04  7.527733635408E-07  2.671013039465E-06 -5.305961797890E-07  7.530497260496E-02 -7.527733741242E-07  5.262363750950E-03  4.488100903276E-20 -4.072106618517E-21  3.660309744294E-20 -1.021834260208E-03
  2.830463509696E+02  2.863520462341E+02  1.119226826767E+01  4.868198003281E-15  9.210416252537E-04  1.259343127063E+02  2.141393370417E-01  3.041872449855E-01 -1.513419312554E-01 -1.238753096351E-03  7.375170859892E-03  1.766599704377E+00 -2.331231945422E-03 -1.345911535208E-02  1.579034729753E-02 -1.624411883627E-02 -5.187863698110E-04  1.248659289816E-07  2.880767487117E-06 -2.620432441545E-06  7.377308278334E-02 -1.248659239720E-07  5.241830440111E-03  3.489916572399E-20  2.533915324472E-21  3.414449192765E-20 -1.010546621710E-03
  2.896577414987E+02  2.930626076211E+02  1.122297415514E+01  5.548842852213E-15  2.928276099873E-03  1.266152495942E+02  2.125496662305E-01  3.003595072366E-01 -1.499755279036E-01 -1.237686993024E-03  2.924087145930E-02  1.762806340316E+00 -2.723664820652E-03 -1.209298667818E-02  1.481665149906E-02 -1.609090945202E-02 -4.117801088755E-04 -2.182280546528E-06  2.772215297695E-06 -1.330453400741E-06  7.193295832690E-02  2.182280552523E-06  4.588281666742E-03  4.029753453353E-20  1.281698950909E-21  2.717844846315E-20 -9.966898725657E-04
  2.964674737436E+02  2.999744858498E+02  1.125350864125E+01  5.875784161886E-15  4.814689376451E-03  1.272932218161E+02  2.109212104030E-01  2.961790500044E-01 -1.485609904457E-01 -1.253041388412E-03  5.018368551098E-02  1.760743808064E+00 -3.133610357569E-03 -1.074171589322E-02  1.387532625069E-02 -1.579603116175E-02 -4.490753742051E-04 -2.631974850690E-06  2.550367192226E-06 -9.390276398734E-07  6.948419662531E-02  2.631974860120E-06  3.458644834480E-03  3.857164650768E-20 -6.020581313908E-21  2.153325751318E-20 -9.767749489691E-04
  3.034814979559E+02  3.070937204253E+02  1.128390150800E+01  5.592271654434E-15  5.955255612070E-03  1.279699601706E+02  2.093511649570E-01  2.921468956676E-01 -1.471019536023E-01 -1.267341093449E-03  6.286504000944E-02  1.761240498227E+00 -3.576674189915E-03 -9.398047988003E-03  1.297472217794E-02 -1.546553875629E-02 -2.481705915448E-04 -2.051855991971E-07  2.205009120524E-06  2.610030485554E-06  6.745577560803E-02  2.051855979977E-07  2.248240738075E-03  3.584224752015E-20 -5.998669520185E-21  2.449611180588E-20 -9.634085657938E-04
  3.107059428946E+02  3.144265320380E+02  1.131442602122E+01  4.821712835136E-15  6.847039927769E-03  1.286504837974E+02  2.077984598293E-01  2.883598974862E-01 -1.455932682173E-01 -1.300831768516E-03  7.242809156041E-02  1.764065629894E+00 -4.045879685148E-03 -8.007720244757E-03  1.205359992976E-02 -1.541085743368E-02 -1.293069474693E-04  1.925662540653E-06  1.693299115231E-06  2.313501687458E-06  6.599842945100E-02 -1.925662545993E-06  2.068508635979E-03  3.106006403883E-20 -5.062847069506E-21  1.766379008607E-20 -9.616392375517E-04
  3.181471211814E+02  3.219793279992E+02  1.134528479002E+01  3.565433466408E-15  7.894249340202E-03  1.293395950607E+02  2.062068152008E-01  2.848065445377E-01 -1.439936918523E-01 -1.331521445116E-03  8.380251713301E-02  1.771411854791E+00 -4.384309584456E-03 -6.679710787470E-03  1.106402037190E-02 -1.540615607646E-02 -1.322554354996E-04  2.189412092210E-06  7.574213071318E-07  9.265399201737E-07  6.588500749024E-02 -2.189412104417E-06  2.526512487113E-03  5.199902725634E-20 -9.022075130124E-21  1.184507933080E-20 -9.709434679374E-04
  3.258115348169E+02  3.297587078391E+02  1.137754532088E+01  2.572742944610E-15  9.281727106553E-03  1.300613704525E+02  2.046330664789E-01  2.816487813638E-01 -1.423907725158E-01 -1.341676063110E-03  9.918918761847E-02  1.779110106207E+00 -4.795582199854E-03 -5.342372104478E-03  1.013795430431E-02 -1.567494687013E-02 -2.647987777260E-04  6.178476756747E-07 -3.790746647218E-07  1.148031358101E-06  6.566718534408E-02 -6.178476679971E-07  2.998364064273E-03  5.691227889199E-20 -7.053745223851E-21  7.838529458192E-21 -9.822915800946E-04
  3.337058808614E+02  3.377714690743E+02  1.141008939293E+01  1.740130753612E-15  1.085896444637E-02  1.307916408749E+02  2.030983108308E-01  2.782475509858E-01 -1.407091281011E-01 -1.417410292232E-03  1.175357315813E-01  1.782373307666E+00 -5.177698592067E-03 -4.043209769329E-03  9.220908361348E-03 -1.571596668050E-02 -2.945921483956E-04 -1.741908094664E-06 -9.724231981961E-07  1.794567000248E-06  6.496479675016E-02  1.741908086516E-06  3.265336848113E-03  4.268875924691E-20 -1.513198382437E-20  3.637638527283E-23 -9.813541303767E-04
  3.418370572872E+02  3.460246131465E+02  1.144358624689E+01  6.511340222790E-16  1.259853682868E-02  1.315450406651E+02  2.015143813723E-01  2.745271546254E-01 -1.389706807431E-01 -1.430047527549E-03  1.382066908598E-01  1.789796950914E+00 -5.584368826779E-03 -2.727126398104E-03  8.311495224713E-03 -1.574356348014E-02 -3.667732281963E-04 -1.023625668013E-06 -1.260351954442E-06  1.111011685402E-06  6.433014500708E-02  1.023625668133E-06  3.492775697970E-03  3.479765750751E-20 -5.327389177510E-21  2.649851917840E-21 -9.859989558067E-04
  3.502121690058E+02  3.545253515409E+02  1.147744746059E+01 -2.489904983582E-16  1.450764221557E-02  1.323094978350E+02  1.998221196476E-01  2.715915746063E-01 -1.371626765025E-01 -1.455458312624E-03  1.610450201694E-01  1.800053258367E+00 -5.945198190535E-03 -1.386774569830E-03  7.331972760483E-03 -1.580951879092E-02 -3.768339029166E-04 -2.895396851038E-06 -1.787900415481E-06  2.331138697129E-06  6.384301363751E-02  2.895396844533E-06  2.803739781096E-03  4.697722625972E-20 -3.704736898673E-21 -1.015735367441E-20 -9.898618648178E-04
  3.588385340760E+02  3.632811120872E+02  1.151243028260E+01 -7.812289588386E-16  1.562001628809E-02  1.331015245009E+02  1.980192634046E-01  2.687504278376E-01 -1.353211234242E-01 -1.443369445612E-03  1.754991276745E-01  1.811076819065E+00 -6.222104028816E-03 -9.934305858254E-05  6.321447087426E-03 -1.584683721728E-02 -1.417434992543E-04  1.786138815060E-06 -1.765046732361E-06  4.752039010793E-06  6.308363736644E-02 -1.786138810406E-06  1.770953343633E-03  4.037144419950E-20 -3.475479727941E-21 -5.290045612664E-21 -9.866577297269E-04
  3.677236900983E+02  3.722995454498E+02  1.154750573899E+01 -9.918376883689E-16  1.648308405290E-02  1.338986701625E+02  1.961126655163E-01  2.662036516537E-01 -1.333989646015E-01 -1.477136674521E-03  1.872825302612E-01  1.821935825344E+00 -6.598877789126E-03  1.218125090649E-03  5.380752698548E-03 -1.574659078163E-02  4.286563993414E-05  3.612677882468E-06 -1.755450387764E-06  6.703698655316E-06  6.247046931861E-02 -3.612677882881E-06  1.609032785445E-03  3.616170524942E-20 -1.190691327499E-20 -9.983288805395E-21 -9.885547266265E-04
  3.768754008012E+02  3.815885318133E+02  1.158388894841E+01 -1.254886241216E-15  1.747762483843E-02  1.347293151083E+02  1.940906663078E-01  2.640549878921E-01 -1.314293516440E-01 -1.430102224759E-03  2.003115356824E-01  1.834461794160E+00 -7.011874972399E-03  2.448554562803E-03  4.563320409571E-03 -1.585143855434E-02 -4.803804202337E-05  2.731729375883E-06 -1.800031784688E-06  7.322549490727E-06  6.194382871476E-02 -2.731729371792E-06  8.943316780173E-04  2.469763541227E-20 -1.701754540138E-20 -1.154208762916E-20 -9.851027083177E-04
  3.863016628253E+02  3.911561877677E+02  1.162048863649E+01 -1.687792989859E-15  1.754919237794E-02  1.355675678381E+02  1.919034064010E-01  2.617386140034E-01 -1.293458408244E-01 -1.474145949164E-03  2.033167160848E-01  1.848382467065E+00 -7.351941845381E-03  3.582256524383E-03  3.769685321141E-03 -1.568616748156E-02  2.409110554847E-04  1.439516681563E-06 -1.527558821071E-06  4.856673341266E-06  6.148695122880E-02 -1.439516681905E-06 -1.844288216931E-04  3.796061351781E-20 -1.442027688424E-20 -1.326649613570E-20 -9.832281143635E-04
  3.960107127100E+02  4.010108734007E+02  1.165849872930E+01 -2.022571201956E-15  1.725155078088E-02  1.364422880911E+02  1.895416242545E-01  2.600143433087E-01 -1.271824755170E-01 -1.473899913381E-03  2.012260975079E-01  1.863361263155E+00 -7.657142778851E-03  4.691534536603E-03  2.965608242261E-03 -1.583458214320E-02  3.602681680681E-04  1.402343387554E-06 -1.234678323763E-06  2.105737996049E-06  6.096454299640E-02 -1.402343384048E-06 -7.299158969644E-04  2.872055139790E-20 -6.361326639692E-21 -4.949854785305E-21 -9.879910722928E-04
  4.060110340913E+02  4.111611996027E+02  1.169668006967E+01 -2.328599408204E-15  1.663466772265E-02  1.373238091715E+02  1.870319318312E-01  2.579370192385E-01 -1.250221840465E-01 -1.511523358179E-03  1.958993629470E-01  1.878514147757E+00 -7.908479092230E-03  5.915409508834E-03  1.993069583481E-03 -1.576980621736E-02  5.152796793555E-04  1.208729168183E-06 -8.001314418889E-07 -1.781620448351E-07  5.984788728191E-02 -1.208729173038E-06 -9.900666229450E-04  3.913279645466E-20 -1.115828099520E-20 -1.811301664103E-20 -9.878603100849E-04
  4.163113651141E+02  4.216160355908E+02  1.173554382774E+01 -2.705979248544E-15  1.598549852916E-02  1.382237371416E+02  1.843257200668E-01  2.558900285569E-01 -1.226783978475E-01 -1.470500371868E-03  1.894710807308E-01  1.899087914015E+00 -8.144627567539E-03  7.126325198350E-03  1.018302369252E-03 -1.583136619552E-02  4.534584666825E-04 -8.987188558711E-07  2.537969752501E-08  7.857613411027E-07  5.934532747576E-02  8.987188500599E-07 -9.927769620351E-04  3.289516061573E-20 -4.837018173644E-21 -1.397851311206E-20 -9.933194919491E-04
  4.269207060675E+02  4.323845166585E+02  1.177537742985E+01 -2.804904890528E-15  1.531848637087E-02  1.391489250761E+02  1.813251079590E-01  2.534251573873E-01 -1.203649665797E-01 -1.536596838483E-03  1.832664428873E-01  1.922867458229E+00 -8.415865527990E-03  8.248714300310E-03  1.671512276024E-04 -1.601243588879E-02  3.747664452377E-04  3.262835802588E-07  9.680165400910E-07  7.944042373068E-07  5.915194871891E-02 -3.262835788621E-07  4.394086180598E-04  2.405825140989E-20 -4.519675686811E-21 -2.289832307058E-20 -1.003799899432E-03
  4.378483272495E+02  4.434760521583E+02  1.181633798324E+01 -2.624013997985E-15  1.656985505310E-02  1.401018689349E+02  1.781643557937E-01  2.503798818259E-01 -1.178994926195E-01 -1.488566741088E-03  1.988184952381E-01  1.946944531365E+00 -8.604822828383E-03  9.328433362031E-03 -7.236105338076E-04 -1.615326434610E-02 -9.437207671828E-05 -1.668052352491E-06  1.214281647627E-06 -5.755505698264E-07  5.934207043664E-02  1.668052355390E-06  1.357026672162E-03  2.611755683473E-20 -7.486701546332E-21 -8.155020112601E-21 -1.021187511046E-03
  4.491037770670E+02  4.549003337230E+02  1.185885149582E+01 -2.682043823143E-15  1.720699714010E-02  1.410947565188E+02  1.751037958154E-01  2.468132322602E-01 -1.154840174304E-01 -1.568716058377E-03  2.084172063507E-01  1.978455968274E+00 -8.687137140450E-03  1.039915425077E-02 -1.712017110247E-03 -1.660520174663E-02  7.566105821872E-05 -3.883493905134E-06  1.161590391287E-06 -8.568705111867E-07  6.101188595943E-02  3.883493905573E-06  6.982668524538E-04  2.606228651240E-20 -8.296976205383E-21 -1.862143150551E-20 -1.064881148982E-03
  4.606968903790E+02  4.666673437347E+02  1.190474264323E+01 -2.881497341081E-15  1.757092879501E-02  1.421704148905E+02  1.721638988166E-01  2.420624541795E-01 -1.128844044368E-01 -1.508641883366E-03  2.137452305505E-01  2.012868894192E+00 -8.967474247447E-03  1.148188612262E-02 -2.514411875229E-03 -1.744588123494E-02  1.489286106504E-04 -2.940667845391E-06  1.758335150944E-06  1.518403758478E-06  6.167368458224E-02  2.940667848866E-06  1.194364837441E-04  3.074292113893E-20 -1.472160173335E-20 -2.132695527734E-20 -1.089434047452E-03
  4.726377970904E+02  4.787873640468E+02  1.195090988101E+01 -3.266167718230E-15  1.740487763539E-02  1.432555905667E+02  1.693814979583E-01  2.387062311900E-01 -1.102884675474E-01 -1.579065939784E-03  2.133713161526E-01  2.046419820722E+00 -9.066001153291E-03  1.232066737301E-02 -3.254666219730E-03 -1.746354360331E-02  3.405708928912E-04 -2.420551713330E-07  2.432378006091E-06 -1.095673884956E-07  6.275697607583E-02  2.420551644957E-07 -2.328068701627E-04  3.615728293447E-20 -1.462486875386E-20 -2.491590686085E-20 -1.120757346515E-03
  4.849369310031E+02  4.912709849682E+02  1.200122000571E+01 -3.442533837566E-15  1.724082137445E-02  1.444431580167E+02  1.665608368866E-01  2.335198036594E-01 -1.075206024681E-01 -1.454445419103E-03  2.134873931149E-01  2.082103502743E+00 -9.119949955844E-03  1.318053553994E-02 -4.060585583913E-03 -1.849883032375E-02  4.479687053843E-04  5.749833049139E-07  2.141424651373E-06 -2.841735542203E-06  6.468568815936E-02 -5.749832890183E-07 -4.893641895654E-04  1.369303363787E-20 -1.136063534319E-20 -2.169342543186E-20 -1.171875259111E-03
  4.976050389332E+02  5.041291145172E+02  1.205332576631E+01 -3.196998546971E-15  1.662661906058E-02  1.456796883059E+02  1.635509774715E-01  2.290437112832E-01 -1.047806569607E-01 -1.533831020834E-03  2.090161678685E-01  2.120049589778E+00 -9.052231324515E-03  1.396757483453E-02 -4.915343510187E-03 -1.890770449602E-02  4.934889014761E-04  3.590065747770E-07  1.267411506376E-06 -4.945981853028E-06  6.482996730690E-02 -3.590065868408E-07 -1.066905780409E-03  3.584009337231E-20 -1.011399672622E-20 -1.547201359341E-20 -1.192988661581E-03
  5.106531901012E+02  5.173729879527E+02  1.210696470873E+01 -3.102769743338E-15  1.546890555696E-02  1.469582614703E+02  1.603881791647E-01  2.241911985346E-01 -1.018437567400E-01 -1.400662477128E-03  1.966333697550E-01  2.150310383262E+00 -9.158653673711E-03  1.478301650064E-02 -5.624362826942E-03 -1.923196407615E-02  5.980419061274E-04 -1.171433247768E-06  5.711805815085E-07 -4.245587566147E-06  6.415070088569E-02  1.171433254399E-06 -2.036795483242E-03  3.419672872320E-20 -1.022278080151E-20 -1.422425533527E-20 -1.202068885335E-03
  5.240927858042E+02  5.310141775913E+02  1.216111826589E+01 -2.726647430699E-15  1.317233542400E-02  1.482548582927E+02  1.571989882555E-01  2.192204173922E-01 -9.889848092241E-02 -1.425000664943E-03  1.713530885381E-01  2.177977600022E+00 -9.251321468942E-03  1.539059662820E-02 -6.139275159183E-03 -1.918416613328E-02  8.307187273658E-04 -2.108278953673E-06  2.165780485871E-07 -2.642830978381E-06  6.226895361458E-02  2.108278960606E-06 -2.883109640832E-03  2.466516793857E-20 -2.748945623920E-21 -1.842018197183E-20 -1.185726067315E-03
  5.379355693784E+02  5.450646029190E+02  1.221472231273E+01 -1.986137166191E-15  1.046724868466E-02  1.495445719971E+02  1.537511523871E-01  2.143773942284E-01 -9.575695675615E-02 -1.309377586159E-03  1.402761148315E-01  2.211357278243E+00 -9.357543786346E-03  1.593445674933E-02 -6.576912962879E-03 -1.871729534303E-02  9.336108650370E-04 -3.125714820774E-06  3.642908531730E-07 -3.370060533202E-07  5.969671381597E-02  3.125714828413E-06 -2.833493804757E-03  2.375253901072E-20 -1.096888947936E-20 -1.776554569883E-20 -1.152842102281E-03
  5.521936364597E+02  5.595365410066E+02  1.226752228342E+01 -1.634227114166E-15  8.132677875491E-03  1.508229657340E+02  1.500692743926E-01  2.107533801780E-01 -9.250818934363E-02 -1.432578287769E-03  1.130763590656E-01  2.253873733504E+00 -9.498386620587E-03  1.653064704573E-02 -7.032260425271E-03 -1.825686884232E-02  7.944641001033E-04 -1.710217111680E-06  1.012811912462E-06  6.799233952228E-07  5.843513469333E-02  1.710217110410E-06 -3.269195537014E-03  2.846817590544E-20 -1.380409412071E-20 -2.009075919789E-20 -1.145337614424E-03
  5.668794455535E+02  5.743794455535E+02  1.232201211815E+01 -1.627052623130E-15  4.487237709963E-03  1.521487806510E+02  1.464501569716E-01  2.070749163773E-01 -8.910746969570E-02 -1.272708732414E-03  6.980057239426E-02  2.269849826023E+00 -9.479501770737E-03  1.681876274942E-02 -7.339260978643E-03 -1.831556501984E-02  1.119848191268E-03 -7.214915374844E-07  9.189951402848E-07  1.369187400099E-06  5.676833307388E-02  7.214915456673E-07 -3.951837631142E-03  2.162665143922E-20 -5.054486048224E-21 -1.989979586226E-20 -1.133591572026E-03
  5.818794455535E+02  5.893794455535E+02  1.237396925189E+01 -1.645251281856E-15  7.396368855769E-04  1.534180054258E+02  1.429397730751E-01  2.020244852800E-01 -8.579401578896E-02 -1.455056727589E-03  2.383714923886E-02  2.235923370542E+00 -9.307345570662E-03  1.646876298602E-02 -7.161417415515E-03 -1.759736622185E-02  1.308735497565E-03  5.738895588737E-07 -7.797631126534E-08  1.284175662120E-06  5.455019429233E-02 -5.738895586619E-07 -3.820031895295E-03  1.696665732200E-20 -5.326569228418E-21 -1.477053656084E-20 -1.075058362379E-03
  5.968794455535E+02  6.043794455535E+02  1.242428679760E+01 -1.989611202932E-15 -2.678880049885E-03  1.546507573757E+02  1.394575771969E-01  1.953023629263E-01 -8.241123183002E-02 -1.264273397600E-03 -2.001534877508E-02  2.205020705285E+00 -8.927334490941E-03  1.599745242378E-02 -7.070117932877E-03 -1.685519826015E-02  9.843749936461E-04  1.134724354237E-06 -1.238654133067E-06  2.563650880876E-06  5.377097473963E-02 -1.134724349671E-06 -3.302305995479E-03  3.476480660490E-20 -6.715961425492E-21 -2.032401286806E-20 -1.044825561986E-03
  6.118794455535E+02  6.193794455535E+02  1.247478759422E+01 -2.282725802364E-15 -5.469047324215E-03  1.558942433149E+02  1.359260848967E-01  1.881718755356E-01 -7.910884610869E-02 -1.361503592620E-03 -5.572564683381E-02  2.166292474572E+00 -8.658889037488E-03  1.561287440001E-02 -6.953985362496E-03 -1.657221655505E-02  1.023648647730E-03  2.241476456109E-06 -2.495560548309E-06  2.222164319308E-06  5.279204259904E-02 -2.241476459276E-06 -4.008171412518E-03  1.801220984675E-20 -5.327410244841E-21 -1.503977484607E-20 -1.016913934315E-03
  6.268794455535E+02  6.343794455535E+02  1.252326954073E+01 -2.267877689752E-15 -1.019345911616E-02  1.570938827837E+02  1.322579523117E-01  1.813053965479E-01 -7.582674832345E-02 -1.197127037945E-03 -1.168126830964E-01  2.123474977571E+00 -8.527208093192E-03  1.509786052132E-02 -6.570652428043E-03 -1.587059634498E-02  1.118364427229E-03  2.691617954576E-06 -3.281561339572E-06  1.208706974073E-06  5.100968600068E-02 -2.691617959205E-06 -4.635958363320E-03  1.553725752460E-20 -5.948088523262E-21 -1.185311248530E-20 -9.645557434506E-04
  6.418794455535E+02  6.493794455535E+02  1.257043413184E+01 -2.098385484470E-15 -1.415122764250E-02  1.582666173833E+02  1.286257294590E-01  1.739075806882E-01 -7.250696314324E-02 -1.167056000238E-03 -1.678396940499E-01  2.081130516557E+00 -8.380763680851E-03  1.462230403564E-02 -6.241540354743E-03 -1.495453479252E-02  1.174596059189E-03 -2.753895435473E-07 -3.229321547146E-06  3.819412313423E-07  4.789793955418E-02  2.753895463810E-07 -4.768201208219E-03  2.651325931869E-20 -8.726153335795E-21 -1.898361290439E-20 -8.967209893044E-04
  6.568794455535E+02  6.643794455535E+02  1.261308183190E+01 -1.855426908758E-15 -1.913992271702E-02  1.593298981684E+02  1.246312770930E-01  1.664644975613E-01 -6.926232497285E-02 -9.729969427875E-04 -2.318460145100E-01  2.038585826909E+00 -8.059427669122E-03  1.416910830935E-02 -6.109680640227E-03 -1.374075668186E-02  1.192614355211E-03 -1.892531606780E-06 -2.668328947066E-06  4.556680930954E-07  4.521002135288E-02  1.892531608034E-06 -4.397310273153E-03  2.904880998121E-20 -3.501874336633E-21 -1.351279760057E-20 -8.411770229670E-04
  6.718794455535E+02  6.793794455535E+02  1.265519958227E+01 -1.718582669114E-15 -2.240435626539E-02  1.603840628350E+02  1.202207798109E-01  1.597780682608E-01 -6.607678941649E-02 -9.365100992755E-04 -2.736808838787E-01  2.005515812702E+00 -7.932273303065E-03  1.379915246921E-02 -5.866879166137E-03 -1.327617329248E-02  8.773567111450E-04  6.997158999737E-07 -2.399061819751E-06  1.362906181914E-06  4.359519551189E-02 -6.997158939085E-07 -3.736682436300E-03  2.897041277631E-20 -1.041128116999E-20 -1.464445598346E-20 -8.070022175377E-04
  6.868794455535E+02  6.943794455535E+02  1.269482094467E+01 -1.732316836274E-15 -2.614607199357E-02  1.613793520986E+02  1.155482371497E-01  1.543133786889E-01 -6.280988820000E-02 -6.905742486189E-04 -3.217389948742E-01  1.956445367767E+00 -7.723940513016E-03  1.332202496091E-02 -5.598084447923E-03 -1.244691767676E-02  8.102932142456E-04  2.562328070907E-09 -2.701850491021E-06  1.715399056123E-06  4.212893833927E-02 -2.562328183522E-09 -2.984630863956E-03  1.542299708565E-20 -1.292332015562E-20 -1.624257942526E-20 -7.630708365975E-04
  7.018794455535E+02  7.093794455535E+02  1.273418725987E+01 -2.085553084397E-15 -2.799909556621E-02  1.623705405923E+02  1.106643498949E-01  1.473923014779E-01 -5.961058996691E-02 -6.162799188102E-04 -3.478142845711E-01  1.911358267788E+00 -7.527939503911E-03  1.280066411902E-02 -5.272724615050E-03 -1.192354102449E-02  4.477466874183E-04  1.437330597421E-06 -2.525160844500E-06  1.271251260365E-06  4.079034905956E-02 -1.437330604707E-06 -1.720610777648E-03  1.576601678729E-20 -6.590297324058E-21 -1.676385359044E-20 -7.210003702390E-04
  7.168794455535E+02  7.243794455535E+02  1.277130804788E+01 -2.713941557019E-15 -2.935894872247E-02  1.633075381669E+02  1.057513222493E-01  1.400485527690E-01 -5.646274570934E-02 -5.047636437706E-04 -3.675900767737E-01  1.874354553455E+00 -7.191994296006E-03  1.232742197462E-02 -5.135427678581E-03 -1.119208485397E-02  3.128156252268E-04  1.141675207289E-06 -2.375309529575E-06  8.786824390000E-08  3.881243264728E-02 -1.141675209812E-06 -1.175233162907E-03  1.777952189843E-20 -1.013552247825E-20 -1.319205841353E-20 -6.828864218618E-04
  7.318794455535E+02  7.393794455535E+02  1.280697185759E+01 -3.104741651850E-15 -3.018330513911E-02  1.642104705667E+02  1.010893760079E-01  1.331537373119E-01 -5.317998837327E-02 -4.459700853934E-04 -3.805176567514E-01  1.827803164576E+00 -6.932952027115E-03  1.183576004852E-02 -4.902808021358E-03 -1.064383756079E-02  2.362667839411E-04  4.482633212216E-07 -2.542908140149E-06 -1.456392665396E-06  3.751408367810E-02 -4.482633183883E-07 -5.120974763583E-04  1.968146139923E-20 -7.402131062534E-21 -2.840097158111E-20 -6.497959251765E-04
  7.468794455535E+02  7.543794455535E+02  1.284163916259E+01 -3.140309988321E-15 -3.031368676097E-02  1.650913051938E+02  9.661589023267E-02  1.258040401990E-01 -5.006035324278E-02 -3.886161089202E-04 -3.849408335955E-01  1.785834641336E+00 -6.706762978912E-03  1.131268233758E-02 -4.605919358591E-03 -1.013365362022E-02  1.134111742199E-04  1.711158580021E-06 -2.175492018130E-06  2.184360226326E-07  3.629643170055E-02 -1.711158579640E-06  7.834782352469E-04  1.196577513774E-20 -8.545345476892E-21 -2.627311481210E-20 -6.096694405968E-04
  7.618794455535E+02  7.693794455535E+02  1.287502106622E+01 -2.846410245815E-15 -2.872029290811E-02  1.659413906350E+02  9.213720572964E-02  1.185663144542E-01 -4.681779857650E-02 -3.201235601973E-04 -3.663830660462E-01  1.741250738072E+00 -6.484426134247E-03  1.080723497441E-02 -4.322808840221E-03 -9.383857926303E-03 -3.139225096530E-04  1.252145554476E-06 -1.278148367946E-06  5.202832744069E-07  3.455130853667E-02 -1.252145557085E-06  6.540344613462E-04  1.586445706774E-20 -1.176698315457E-20 -2.877568241578E-20 -5.683161245444E-04
  7.768794455535E+02  7.843794455535E+02  1.290643481985E+01 -2.191918015727E-15 -2.909913780798E-02  1.667426061455E+02  8.769094879599E-02  1.128841513553E-01 -4.371263317393E-02 -3.598912147827E-04 -3.725105359704E-01  1.695203329925E+00 -6.377394748479E-03  1.041791701020E-02 -4.040522261727E-03 -8.772690314738E-03 -4.858301439887E-05 -1.521891213710E-07 -4.300647482606E-07  1.430370109608E-07  3.246847284714E-02  1.521891241633E-07  1.525126372120E-04  1.577489954886E-20 -8.532119444078E-21 -3.087123427498E-20 -5.277589801215E-04
  7.918794455535E+02  7.993794455535E+02  1.293590465987E+01 -1.272696791704E-15 -2.843917205379E-02  1.674955486410E+02  8.342608440413E-02  1.077135257666E-01 -4.050225822887E-02 -3.106590057058E-04 -3.647565655115E-01  1.650437351256E+00 -6.070129670514E-03  1.006752239393E-02 -3.997392723427E-03 -8.130182232322E-03 -1.627224305389E-04 -3.164647103208E-07  3.472784739426E-07 -1.202689620511E-06  3.062400920781E-02  3.164647190514E-07  2.694484748832E-04  1.205067712239E-20 -1.196201074230E-20 -2.514552028088E-20 -4.901476965856E-04
  8.068794455535E+02  8.143794455535E+02  1.296384965249E+01 -4.460343408276E-16 -2.858998107438E-02  1.682102867314E+02  7.939621799083E-02  1.030781006455E-01 -3.735062011269E-02 -3.070935632995E-04 -3.674078046664E-01  1.614576316365E+00 -5.885889889155E-03  9.658194212185E-03 -3.772304323116E-03 -7.595527951072E-03 -7.481632604636E-05  3.930806079522E-07  1.614779431795E-06 -8.630910158316E-07  2.941885622996E-02 -3.930806004920E-07  3.241267588303E-04  1.843420312554E-20 -5.006786478274E-21 -2.126172218810E-20 -4.643880561494E-04
  8.218794455535E+02  8.293794455535E+02  1.299107209442E+01  7.143302153493E-17 -2.783037809570E-02  1.689084961920E+02  7.526673938299E-02  9.807006619902E-02 -3.413485885175E-02 -2.684259962208E-04 -3.578796300604E-01  1.574106175870E+00 -5.590663764770E-03  9.291894217047E-03 -3.701230452277E-03 -7.251922037565E-03 -1.052681805748E-04  1.926151391288E-06  2.290521104100E-06  1.229345263951E-07  2.834502836024E-02 -1.926151388524E-06  1.072725701318E-03  1.330502963478E-20 -8.891700583413E-21 -2.250017190512E-20 -4.392298887587E-04
  8.368794455535E+02  8.443794455535E+02  1.301701280869E+01  5.515618343999E-16 -2.658095499741E-02  1.695752847357E+02  7.083394462619E-02  9.362972681817E-02 -3.102866591280E-02 -2.234205182841E-04 -3.416966926242E-01  1.537413348087E+00 -5.437575257018E-03  8.914303326444E-03 -3.476728069381E-03 -6.787633007713E-03 -2.055352440276E-04 -8.925322788495E-10  1.976025580348E-06  1.382871073900E-06  2.715731170545E-02  8.925367132679E-10  9.004529995220E-04  1.701330064929E-20 -3.892111925722E-21 -2.685317095513E-20 -4.135529154122E-04
  8.518794455535E+02  8.593794455535E+02  1.304199459104E+01  1.083672792705E-15 -2.614747108131E-02  1.702179204454E+02  6.609875040492E-02  8.935539007404E-02 -2.788332433616E-02 -2.175929457629E-04 -3.362884829106E-01  1.506623729614E+00 -5.201867490669E-03  8.700238178459E-03 -3.498370687767E-03 -6.481594337557E-03 -1.022309770387E-04 -7.234536393038E-07  1.456385729159E-06  2.133058867936E-06  2.701034773569E-02  7.234536414496E-07  2.603813440353E-05  1.396298519270E-20 -1.251840988379E-20 -2.569371906197E-20 -3.994616268833E-04
  8.668794455535E+02  8.743794455535E+02  1.306764805600E+01  1.263694227385E-15 -2.652732485860E-02  1.708802903095E+02  6.125531044121E-02  8.570953890774E-02 -2.481747588626E-02 -2.266553098022E-04 -3.420584758377E-01  1.465113784042E+00 -4.950994145428E-03  8.302933362111E-03 -3.351939216641E-03 -6.222515525534E-03 -1.798106450222E-05  5.251815260320E-08  9.481318432846E-07  2.905652065825E-06  2.537902966952E-02 -5.251815986717E-08  3.521884905427E-05  1.011663431329E-20 -7.734984671789E-21 -2.450826630403E-20 -3.667008671461E-04
  8.818794455535E+02  8.893794455535E+02  1.308957686911E+01  1.110067152493E-15 -2.606979115292E-02  1.714469896153E+02  5.628107703116E-02  8.260286017542E-02 -2.176586832324E-02 -1.735982884375E-04 -3.364407070074E-01  1.431059906975E+00 -4.769795603101E-03  7.930268629617E-03 -3.160473026534E-03 -5.552979084584E-03 -2.078177417667E-04  1.136365159535E-07  7.163386067766E-07  2.006767767120E-06  2.363829428057E-02 -1.136365145685E-07  2.150106490115E-04  8.966561666997E-21 -4.466709224760E-21 -1.973367614287E-20 -3.424190773281E-04
  8.968794455535E+02  9.043794455535E+02  1.311197213943E+01  6.685121568007E-16 -2.612142658074E-02  1.720280210750E+02  5.114182313724E-02  7.951819822193E-02 -1.876187202609E-02 -2.012413132760E-04 -3.372004929211E-01  1.399512024866E+00 -4.579287254396E-03  7.628136378976E-03 -3.048849124591E-03 -5.339694840094E-03 -8.763460536119E-05  1.051688326224E-07  5.208843838252E-07  1.027445708414E-06  2.259650873371E-02 -1.051688358872E-07  2.331890711494E-04  1.122117517428E-20 -6.097763244623E-21 -2.442497219270E-20 -3.167243747933E-04
  9.118794455535E+02  9.193794455535E+02  1.313194500041E+01  9.689966566408E-17 -2.563466362961E-02  1.725475307912E+02  4.571442021072E-02  7.806716202326E-02 -1.578266210450E-02 -1.298488244496E-04 -3.310591967011E-01  1.369304800595E+00 -4.457066480126E-03  7.336514130769E-03 -2.879447650635E-03 -4.759143397321E-03 -7.718283727500E-05 -4.649125030735E-08  2.798591160541E-07 -4.307149704585E-07  2.141379754924E-02  4.649124701105E-08  2.512517100922E-04  4.827943823565E-21 -5.153443566803E-21 -2.378756057614E-20 -2.838100550415E-04
  9.268794455535E+02  9.343794455535E+02  1.315212497914E+01 -2.257417343332E-17 -2.564947216408E-02  1.730738675719E+02  3.969460346861E-02  7.631979021506E-02 -1.279981680109E-02 -8.414312526762E-05 -3.318674900179E-01  1.342480926923E+00 -4.297025976202E-03  7.043311859484E-03 -2.746285883237E-03 -4.340710419996E-03 -4.120660603443E-05 -3.606866786929E-07  6.894484067707E-08 -2.168785958303E-07  2.011393987526E-02  3.606866858524E-07 -5.751731565230E-04  8.935321892578E-21 -6.719400384616E-21 -1.996181766485E-20 -2.554404131744E-04
  9.418794455535E+02  9.493794455535E+02  1.316966062620E+01 -8.699114200974E-18 -2.670969097885E-02  1.735327100227E+02  3.288084634909E-02  7.627822972108E-02 -9.884388643632E-03 -7.166010511939E-06 -3.468187088566E-01  1.319096693169E+00 -4.133873202232E-03  6.794073415300E-03 -2.660200213089E-03 -3.813124938412E-03 -8.644158545838E-05 -1.813087618069E-07  2.144370003230E-07 -9.703497406026E-07  1.907038978838E-02  1.813087627944E-07 -2.739577838066E-04  8.071046370142E-21 -1.476391425003E-21 -2.267524977521E-20 -2.292712072393E-04
  9.568794455535E+02  9.643794455535E+02  1.318788125363E+01 -2.987833233863E-16 -2.616336277092E-02  1.740117869487E+02  2.498537482124E-02  7.695010000889E-02 -6.918463131411E-03 -2.817940937670E-06 -3.395135658930E-01  1.321593406776E+00 -3.971738352194E-03  6.620239808879E-03 -2.648501456665E-03 -3.613433225236E-03 -1.535530615076E-04 -6.572973815663E-07  4.182155193546E-07 -1.244600748433E-06  2.068837844643E-02  6.572973837416E-07 -7.371344734305E-04  1.037063118701E-21  8.958550471027E-23 -1.989060050326E-20 -2.323587823554E-04
  9.718794455535E+02  9.793794455535E+02  1.320844965523E+01 -4.767705655277E-16 -2.809615270405E-02  1.745568460664E+02  1.524760923106E-02  8.241110861815E-02 -3.950364718456E-03 -1.523976428998E-05 -3.648371626919E-01  1.409171361448E+00 -4.129523368512E-03  7.345983921315E-03 -3.216460552817E-03 -4.008958639735E-03  1.706924136566E-04 -8.435757262801E-07  4.843610118352E-07  7.133814073929E-07  2.598141156073E-02  8.435757268019E-07 -3.082887303283E-03  6.043292016382E-21 -1.756302030424E-22 -1.146435842799E-20 -3.036720866982E-04
  9.868794455535E+02  9.943794455535E+02  1.323659391252E+01 -2.201517099046E-16 -3.194504379239E-02  1.753114116424E+02  3.071792439052E-03  9.586837179179E-02 -1.129337729483E-03 -2.774481087890E-05 -4.172342513583E-01  1.437357908473E+00 -4.964995155352E-03  8.426295589894E-03 -3.461300434465E-03 -5.145323871521E-03  5.479405809716E-04  1.013667600502E-07  3.070266929078E-07 -8.469948217834E-07  1.501057414561E-02 -1.013667562872E-07 -2.053528059341E-03 -3.779778758045E-21  1.118452487526E-21 -1.124205617724E-20 -1.526536865724E-04
