                   y                  ym                   U                   V                   W                 U^2                 V^2                 W^2                  UV                  VW                  UW                VISC               SFSxx               SFSyy               SFSzz               SFSxy               SFSyz                dUdX                dVdX                dWdX                dUdY                dVdY                dWdY                dUdZ                dVdZ                dWdZ              SFSxym
 -4.000000000000E+00 -2.000000000000E+00  0.000000000000E+00  0.000000000000E+00  0.000000000000E+00  0.000000000000E+00  0.000000000000E+00  0.000000000000E+00  0.000000000000E+00  0.000000000000E+00  0.000000000000E+00  0.000000000000E+00  0.000000000000E+00  0.000000000000E+00  0.000000000000E+00  0.000000000000E+00  0.000000000000E+00  0.000000000000E+00  0.000000000000E+00  0.000000000000E+00  0.000000000000E+00  0.000000000000E+00  0.000000000000E+00  0.000000000000E+00  0.000000000000E+00  0.000000000000E+00  0.000000000000E+00
  2.220446049250E-16  2.000000000000E+00  5.011932449749E+00  2.139017858237E-16 -5.132293838308E-02  2.650877656083E+01  3.095254071152E-02  3.910490703756E-01 -9.468241142873E-02 -1.122779685035E-03 -2.488749061192E-01  1.443233130814E+00 -7.455917035939E-04  8.157393279870E-03 -7.411801576723E-03 -3.786157850423E+00  2.962378219580E-02 -4.761870761449E-04 -2.697347266999E-05 -8.323362489516E-06  2.325042495732E+01  4.761870761555E-04 -1.942256546814E-01 -3.443240268792E-21 -4.144579165856E-21 -5.562673624935E-21 -1.765105167500E-02
  4.000000000000E+00  6.000000000000E+00  6.613292767384E+00  5.753725133058E-16 -4.585072140169E-02  4.550506043739E+01  1.252201517754E-01  4.780265224590E-01 -2.148888766531E-01 -1.607530432739E-03 -2.977722515923E-01  4.577229679534E+00  2.244676247263E-01 -1.700475061753E-01 -5.442011855001E-02 -1.155915811716E+00 -3.121815048847E-02  1.735560349208E-04 -4.590255867800E-05 -3.665259897819E-05  4.178068342214E+00 -1.735560349148E-04  2.299907793191E-02  2.660007844975E-20  5.942764192173E-21 -1.596694216842E-20 -7.210992651064E-02
  8.000000000000E+00  1.000000000000E+01  7.100889068102E+00  9.864678518490E-16 -3.977573061032E-02  5.195357618983E+01  1.631298111829E-01  4.621995086636E-01 -2.089817481220E-01 -1.731731787048E-03 -2.771802073488E-01  4.979058516110E+00  1.047901322971E-01 -2.273324117922E-01  1.225422794969E-01 -5.453774898353E-01 -2.593208923145E-02  5.420854785535E-05 -2.995832078290E-05  1.210319631313E-05  1.861501788371E+00 -5.420854785242E-05  2.162435337055E-02  1.199283803190E-20 -1.988645336159E-21  2.650517893061E-20 -3.248390613401E-02
  1.200000000000E+01  1.400000000000E+01  7.544029217189E+00  1.478597427511E-15 -3.499084848766E-02  5.844362901039E+01  1.847938694447E-01  4.569731445561E-01 -2.276551118365E-01 -1.720774870210E-03 -2.593743268193E-01  4.918306883481E+00  9.903470375976E-02 -2.115192991923E-01  1.124845954308E-01 -5.053938197650E-01 -6.931411539665E-03  3.281516059760E-05 -2.125553251605E-05  3.418317633266E-05  1.509460775538E+00 -3.281516057688E-05  1.677820028255E-02  1.227820691134E-20 -5.503517905858E-21  4.341688883674E-20 -2.721453707148E-02
  1.600000000000E+01  1.800000000000E+01  7.855567080152E+00  1.575376265619E-15 -3.144434105497E-02  6.318674144638E+01  2.007636196318E-01  4.518718844190E-01 -2.282622978350E-01 -1.778198203028E-03 -2.434485384647E-01  4.649444465663E+00  8.193744304441E-02 -1.925512354583E-01  1.106137924154E-01 -3.586932734318E-01 -4.516099908563E-03  4.466778259201E-05 -1.570995235985E-05 -8.258804649919E-06  1.154918757782E+00 -4.466778259219E-05  1.222935411779E-02  1.002290151089E-20 -6.833554186990E-21  5.666081739071E-20 -2.044254768505E-02
  2.000000000000E+01  2.200000000000E+01  8.121514852840E+00  1.158609205755E-15 -2.886582212691E-02  6.741535143327E+01  2.136669263371E-01  4.486965942720E-01 -2.336486226492E-01 -1.805021429654E-03 -2.319091144175E-01  4.458248233322E+00  7.275434166847E-02 -1.764459062578E-01  1.036915645873E-01 -3.010253583148E-01 -3.857487823522E-03  6.748813976342E-05 -9.513885955930E-06 -2.006892122308E-05  9.599645396478E-01 -6.748813976008E-05  9.215231003616E-03  1.486141713324E-20  3.074740450682E-21  7.238923066380E-20 -1.693499899232E-02
  2.400000000000E+01  2.600000000000E+01  8.335704262298E+00  6.003911538036E-16 -2.682184529100E-02  7.091516369806E+01  2.242404316901E-01  4.449102882266E-01 -2.343917255088E-01 -1.826781807094E-03 -2.221733990741E-01  4.247065270688E+00  6.315709412716E-02 -1.610438890095E-01  9.788679488362E-02 -2.415671917787E-01 -2.793369645019E-03  1.888442069912E-05 -9.625076632905E-06  1.767203290005E-06  8.020791562838E-01 -1.888442070697E-05  8.196913053245E-03  1.586826486885E-20 -6.726605840730E-21  8.173351875299E-20 -1.396264736970E-02
  2.800000000000E+01  3.000000000000E+01  8.522534091509E+00  3.927989932016E-17 -2.477261015356E-02  7.405030041065E+01  2.327848950970E-01  4.417720380995E-01 -2.362310436705E-01 -1.814261636316E-03 -2.101869571918E-01  4.072443316265E+00  5.633467516183E-02 -1.485500925031E-01  9.221541734104E-02 -2.073879746999E-01 -2.760110986916E-03  1.015329971965E-05 -1.010179669005E-05  1.960449968302E-05  6.951613661253E-01 -1.015329969469E-05  8.236145927196E-03  2.138619677181E-20 -7.660748881675E-21  8.447390927099E-20 -1.199122736698E-02
  3.200000000000E+01  3.400000000000E+01  8.683158794858E+00 -6.388288155123E-16 -2.270756322158E-02  7.679964502637E+01  2.396382819447E-01  4.382919465306E-01 -2.363820758922E-01 -1.824975115155E-03 -1.964325594487E-01  3.909828475801E+00  5.021905908404E-02 -1.375588897931E-01  8.733983070994E-02 -1.772205032608E-01 -2.723601398834E-03  2.247527440214E-07 -5.261692666505E-06  2.546371774241E-06  6.084502806115E-01 -2.247527765840E-07  7.126665357610E-03  1.461566740653E-20 -4.966099021265E-22  8.421886614739E-20 -1.039913301660E-02
  3.600000000000E+01  3.800000000000E+01  8.826797505094E+00 -1.626105012361E-15 -2.121551402272E-02  7.930366855391E+01  2.451170406344E-01  4.351064573221E-01 -2.368826153055E-01 -1.808704090842E-03 -1.868710909398E-01  3.767028612415E+00  4.538257014454E-02 -1.278899221131E-01  8.250735196885E-02 -1.565561204935E-01 -2.124134913944E-03  1.338637492421E-05 -9.995291007822E-07 -1.542026832643E-05  5.439462064971E-01 -1.338637492084E-05  5.795595240611E-03  8.517761952093E-21 -6.301516039100E-21  8.781936919034E-20 -9.231507247873E-03
  4.000000000000E+01  4.200000000000E+01  8.955210203558E+00 -2.331868060914E-15 -1.981737674952E-02  8.157598407664E+01  2.494921485072E-01  4.321154821143E-01 -2.366411741150E-01 -1.824589970985E-03 -1.770964046208E-01  3.634164780598E+00  4.101796491884E-02 -1.193508006831E-01  7.833283576340E-02 -1.391294261976E-01 -1.825420684896E-03  1.874305666504E-05  2.678846103772E-07 -1.557598026266E-05  4.919841208380E-01 -1.874305670339E-05  5.925582116972E-03 -1.425681546983E-20 -4.811786010353E-21  9.949674598409E-20 -8.272596984155E-03
  4.400000000000E+01  4.600000000000E+01  9.072778437339E+00 -2.314531379055E-15 -1.827723492539E-02  8.368665799921E+01  2.529789878711E-01  4.291072299173E-01 -2.364848783066E-01 -1.797083231462E-03 -1.653451714625E-01  3.522086822725E+00  3.768832873232E-02 -1.123960278671E-01  7.470769913449E-02 -1.260365633372E-01 -1.894991562470E-03  2.792666713761E-05  1.281841700724E-06  2.986952627465E-06  4.503983580246E-01 -2.792666714078E-05  5.978941803654E-03  8.996357112858E-21  3.483122355707E-22  7.875236958148E-20 -7.518335577917E-03
  4.800000000000E+01  5.000000000000E+01  9.180472921003E+00 -2.118261873777E-15 -1.684515811872E-02  8.564379933108E+01  2.557701115835E-01  4.261857046351E-01 -2.360588596215E-01 -1.797177464604E-03 -1.538150341629E-01  3.419933961666E+00  3.485714537199E-02 -1.061931256227E-01  7.133598025118E-02 -1.145988317638E-01 -1.750777948634E-03  3.423135627619E-06 -1.143102979902E-06  1.650681091819E-05  4.151374760360E-01 -3.423135620330E-06  5.774371498493E-03  1.072361531662E-20 -1.085066397378E-20  9.075052789281E-20 -6.870066890401E-03
  5.200000000000E+01  5.400000000000E+01  9.280326536355E+00 -1.964790309616E-15 -1.536509089762E-02  8.747934568547E+01  2.579854624823E-01  4.229492377720E-01 -2.356262214624E-01 -1.802420996403E-03 -1.414181299526E-01  3.323575762145E+00  3.228447742322E-02 -1.006578477240E-01  6.837337030156E-02 -1.054352910193E-01 -1.600015264097E-03  2.167033973222E-05 -4.063652273334E-06  1.249379763269E-05  3.853888040779E-01 -2.167033977798E-05  5.600136694867E-03  7.212358357171E-21 -2.171845232435E-21  8.245626336699E-20 -6.321163435102E-03
  5.600000000000E+01  5.800000000000E+01  9.373082249617E+00 -1.622130742808E-15 -1.398682628491E-02  8.920207345928E+01  2.596948222987E-01  4.194113862988E-01 -2.350474610198E-01 -1.807456261557E-03 -1.292051378631E-01  3.234394348002E+00  2.982426784392E-02 -9.557093387271E-02  6.574666602795E-02 -9.717794078796E-02 -1.515878651805E-03  2.430836894405E-05 -3.225460451033E-06 -3.722004034329E-06  3.591521987097E-01 -2.430836892388E-05  5.066635116967E-03  1.387836043138E-22 -1.056205355270E-21  9.165606914113E-20 -5.846214276918E-03
  6.000000000000E+01  6.200000000000E+01  9.459942758116E+00 -7.847656624653E-16 -1.280718505836E-02  9.083029672908E+01  2.609706368979E-01  4.153593327222E-01 -2.344587674350E-01 -1.821560779197E-03 -1.183363470143E-01  3.154203503207E+00  2.760958268130E-02 -9.102531634521E-02  6.341573366290E-02 -9.001314820917E-02 -1.451558276118E-03 -9.094377466041E-06 -3.262041065967E-06  3.277765475232E-06  3.363920520702E-01  9.094377535671E-06  4.318781290426E-03  2.164212275104E-20 -5.325940115608E-21  8.637113004677E-20 -5.427796348554E-03
  6.400000000000E+01  6.600000000000E+01  9.541306346331E+00  4.422850251549E-16 -1.184477499369E-02  9.236850183018E+01  2.618743748428E-01  4.113319962963E-01 -2.337582188674E-01 -1.838583059790E-03 -1.090675673612E-01  3.080304240489E+00  2.575162164167E-02 -8.688693190507E-02  6.113531026332E-02 -8.370380179887E-02 -1.164364470613E-03 -7.097212538764E-06 -4.633003938665E-06  1.656113989382E-05  3.171459957261E-01  7.097212554992E-06  3.984697429636E-03  3.585668088348E-21 -1.395425620758E-21  7.645160832533E-20 -5.069987650909E-03
  6.800000000000E+01  7.000000000000E+01  9.618464106572E+00  1.522888983610E-15 -1.082607020700E-02  9.383994505035E+01  2.624742216358E-01  4.071881368612E-01 -2.330693911110E-01 -1.852702937128E-03 -9.898893603552E-02  3.011787160487E+00  2.409198660603E-02 -8.319997494747E-02  5.910798834130E-02 -7.858826408716E-02 -1.034586541828E-03  1.163230627464E-05 -3.817194278262E-06  8.453405302825E-06  3.000780374471E-01 -1.163230625367E-05  4.394377111670E-03  1.731392189076E-20  4.837428268508E-21  8.035033305977E-20 -4.751996137860E-03
  7.200000000000E+01  7.400000000000E+01  9.691329230029E+00  1.446724467655E-15 -9.647147362005E-03  9.523956461727E+01  2.628605668109E-01  4.034180476900E-01 -2.322813681430E-01 -1.861032884114E-03 -8.751027193823E-02  2.946800194159E+00  2.267006657488E-02 -7.980109087406E-02  5.713102429932E-02 -7.353458433914E-02 -1.176403142067E-03  2.199690020192E-05 -2.145077564370E-06  1.101499865507E-06  2.840367151417E-01 -2.199690020597E-05  4.508069920124E-03  1.514169884769E-20  8.341780510040E-22  8.265743371855E-20 -4.460692598698E-03
  7.600000000000E+01  7.800000000000E+01  9.760552877442E+00  3.328960371252E-16 -8.542551357542E-03  9.657959689623E+01  2.630848552698E-01  4.003049948439E-01 -2.315177413770E-01 -1.874651255500E-03 -7.700401068299E-02  2.889692651576E+00  2.138047268309E-02 -7.688158400225E-02  5.550111131966E-02 -6.919974035730E-02 -1.193514769723E-03 -5.617130038659E-06 -2.748948509768E-06 -6.182957311986E-06  2.691473887228E-01  5.617130008400E-06  4.810260206904E-03 -2.553298824293E-21 -2.354249979321E-22  7.642057226142E-20 -4.191496774546E-03
  8.000000000000E+01  8.200000000000E+01  9.825961191638E+00 -2.757375491130E-16 -7.215034146973E-03  9.785396066419E+01  2.632362255047E-01  3.975341350551E-01 -2.306886997768E-01 -1.904280333844E-03 -6.408850614046E-02  2.834085145308E+00  2.022331239548E-02 -7.410785866008E-02  5.388454626479E-02 -6.497188516550E-02 -1.153981709568E-03 -1.434241187730E-05 -5.696788736682E-06 -8.071855078738E-06  2.557958083040E-01  1.434241190991E-05  5.132404033735E-03  1.579600780041E-21 -1.085448564679E-20  7.641241518627E-20 -3.951022157366E-03
  8.400000000000E+01  8.600000000000E+01  9.888420439721E+00 -1.048434631936E-15 -5.995786375947E-03  9.907822287861E+01  2.633880859955E-01  3.950519119531E-01 -2.298812879979E-01 -1.928322619429E-03 -5.219541028515E-02  2.780955571040E+00  1.914375013626E-02 -7.145516649265E-02  5.231141635574E-02 -6.150127458081E-02 -1.030675934237E-03 -4.640477165568E-06 -7.235884504975E-06  4.538318476807E-06  2.441221386143E-01  4.640477143573E-06  4.759172820829E-03  2.631677217098E-21 -2.672140063412E-21  7.278658778804E-20 -3.735970483640E-03
  8.800000000000E+01  9.000000000000E+01  9.947975763929E+00 -2.616885206071E-15 -4.869347630176E-03  1.002529480764E+02  2.635252684043E-01  3.927187392958E-01 -2.290095906272E-01 -1.948408616821E-03 -4.138836034829E-02  2.730229335472E+00  1.817510459943E-02 -6.907278536659E-02  5.089768076698E-02 -5.815771304397E-02 -1.059699215077E-03  1.232436089701E-06 -6.578277033666E-06  2.129400087279E-06  2.328141802286E-01 -1.232436087198E-06  4.391220585352E-03 -3.203261169482E-21 -7.406883066931E-21  7.966739561398E-20 -3.537146287091E-03
  9.200000000000E+01  9.400000000000E+01  1.000483849694E+01 -3.359703541057E-15 -3.805458767075E-03  1.013806337599E+02  2.635823240888E-01  3.903262948333E-01 -2.281454188950E-01 -1.994822672952E-03 -3.140098692524E-02  2.684387956147E+00  1.728530752336E-02 -6.689289692816E-02  4.960758940512E-02 -5.514438193898E-02 -9.493663115813E-04 -1.757253757272E-05 -6.613944084224E-06  1.251913271386E-06  2.231188553800E-01  1.757253755834E-05  3.583313731106E-03 -1.027679154189E-20 -5.729135404166E-21  6.866876254370E-20 -3.365816417987E-03
  9.600000000000E+01  9.800000000000E+01  1.005956640176E+01 -3.577660635465E-15 -3.049078674667E-03  1.024725132466E+02  2.635856897458E-01  3.877676670430E-01 -2.272328973831E-01 -2.012142389321E-03 -2.437894158802E-02  2.641243342864E+00  1.636062249292E-02 -6.479807617148E-02  4.843745367847E-02 -5.259060114701E-02 -7.642500589024E-04 -4.203619987938E-06 -7.545128756014E-06  3.751305569656E-06  2.148302064610E-01  4.203620004561E-06  3.370056610325E-03  1.022747296503E-20 -7.310669841948E-21  7.530085810883E-20 -3.215349310026E-03
  1.000000000000E+02  1.020000000000E+02  1.011225952498E+01 -4.444832387351E-15 -2.111305995649E-03  1.035294431818E+02  2.635977621946E-01  3.852858633278E-01 -2.263341592434E-01 -2.038680824897E-03 -1.539104021000E-02  2.601195712873E+00  1.557707331316E-02 -6.297448788548E-02  4.739741457271E-02 -5.022662130089E-02 -8.192160507084E-04 -1.818208053545E-06 -8.699435016006E-06 -1.818178478882E-07  2.068916231981E-01  1.818208038202E-06  3.639961115164E-03 -1.050922334881E-20 -6.644637337809E-21  7.358631347297E-20 -3.071631121591E-03
  1.040000000000E+02  1.060000000000E+02  1.016299552699E+01 -4.671085711514E-15 -1.271790397694E-03  1.045520590015E+02  2.636257854303E-01  3.828427846215E-01 -2.253784145981E-01 -2.082280790106E-03 -7.295685337325E-03  2.563213450544E+00  1.492986448406E-02 -6.122274438573E-02  4.629287990178E-02 -4.808206755234E-02 -7.484328398057E-04 -7.954174176809E-06 -9.574752844214E-06 -1.178169345167E-05  1.996213021838E-01  7.954174205254E-06  3.028077543454E-03  3.433083323035E-21 -7.377482953324E-22  8.031537971651E-20 -2.941513837327E-03
  1.080000000000E+02  1.100000000000E+02  1.021205425749E+01 -4.264532086837E-15 -6.525969971310E-04  1.055448338112E+02  2.636557314918E-01  3.802155714111E-01 -2.244478775319E-01 -2.117338373870E-03 -1.251441895926E-03  2.526427246536E+00  1.428374615306E-02 -5.953788677204E-02  4.525414061923E-02 -4.610708347098E-02 -6.263582098204E-04 -6.193726057030E-06 -1.029685265393E-05 -5.143080116885E-06  1.927734541726E-01  6.193726047819E-06  2.435584058576E-03  9.541108463872E-21 -4.842304682417E-21  8.035935980394E-20 -2.816412172866E-03
  1.120000000000E+02  1.140000000000E+02  1.025935750804E+01 -4.549817481681E-15 -7.853061515312E-05  1.065064133743E+02  2.636976396384E-01  3.776028671064E-01 -2.234900872192E-01 -2.148691885851E-03  4.166273709936E-03  2.490324115083E+00  1.357629089174E-02 -5.791433154295E-02  4.433804065133E-02 -4.410127227296E-02 -5.633880335629E-04 -3.448917920171E-06 -1.100983405108E-05  9.187929580211E-06  1.860924816938E-01  3.448917943181E-06  2.228631866901E-03  9.775687710308E-21 -4.576721836188E-23  6.584755421679E-20 -2.695341133061E-03
  1.160000000000E+02  1.180000000000E+02  1.030506428322E+01 -4.820028165660E-15  4.644998931249E-04  1.074396970057E+02  2.637274910866E-01  3.750725942339E-01 -2.225142264841E-01 -2.175285275348E-03  9.385101658605E-03  2.456341393160E+00  1.292632341622E-02 -5.641875771755E-02  4.349243430119E-02 -4.217064507702E-02 -5.751969749957E-04  2.822857785015E-07 -1.072003518447E-05  5.173194715276E-06  1.793681194458E-01 -2.822857996875E-07  2.169926126202E-03  4.560135899446E-21 -5.474122859193E-21  6.816293668411E-20 -2.579052808298E-03
  1.200000000000E+02  1.220000000000E+02  1.034902723402E+01 -4.841850932778E-15  1.020707646312E-03  1.083411774254E+02  2.637262035968E-01  3.724366997657E-01 -2.215458310885E-01 -2.211151048638E-03  1.490050836324E-02  2.423394442208E+00  1.236302662610E-02 -5.500329324794E-02  4.264026662181E-02 -4.035654748261E-02 -5.277463187440E-04 -1.226066123132E-05 -9.812753457467E-06 -2.084569811269E-06  1.727445277219E-01  1.226066123047E-05  2.147771550304E-03  7.579854912512E-21 -1.134672521181E-20  7.708128205764E-20 -2.471084857297E-03
  1.240000000000E+02  1.260000000000E+02  1.039142298406E+01 -5.265160034669E-15  1.535331801808E-03  1.092142987420E+02  2.637289278399E-01  3.698481636836E-01 -2.205368469529E-01 -2.242142066573E-03  2.003672136939E-02  2.391161131678E+00  1.180852427552E-02 -5.354432578152E-02  4.173580150586E-02 -3.871523864051E-02 -4.940906130474E-04 -3.477101801911E-06 -8.607002492429E-06 -5.418309716272E-07  1.667759097768E-01  3.477101777947E-06  1.783014532047E-03 -1.432902576238E-21 -1.127825507005E-20  8.626183599314E-20 -2.371843383862E-03
  1.280000000000E+02  1.300000000000E+02  1.043241305628E+01 -5.739496289622E-15  1.891732779869E-03  1.100616239731E+02  2.637343966332E-01  3.673743684642E-01 -2.195612776240E-01 -2.280252505571E-03  2.373777362733E-02  2.359856775694E+00  1.141341373834E-02 -5.214237893724E-02  4.072896519864E-02 -3.718750124560E-02 -3.446567182383E-04  7.343858403071E-06 -7.589409972461E-06  3.390793366259E-06  1.611354071180E-01 -7.343858368126E-06  1.169103097453E-03  1.942636814764E-20 -2.204725420472E-21  6.800057461463E-20 -2.276170921794E-03
  1.320000000000E+02  1.340000000000E+02  1.047199878413E+01 -6.053371851810E-15  2.119432755706E-03  1.108829945783E+02  2.637112155607E-01  3.649575702655E-01 -2.185523102832E-01 -2.311776119019E-03  2.599935596765E-02  2.329978016874E+00  1.099848908145E-02 -5.089023126404E-02  3.989174218264E-02 -3.568766804331E-02 -3.010227941229E-04 -6.744145903196E-06 -6.508273631019E-06  4.603384279722E-06  1.555069998065E-01  6.744145866219E-06  3.734984323843E-04  1.408090643833E-20  1.168107782775E-21  6.652954647439E-20 -2.182974966341E-03
  1.360000000000E+02  1.380000000000E+02  1.051014828045E+01 -7.327053333997E-15  2.090204944694E-03  1.116774365988E+02  2.636645014629E-01  3.627287128530E-01 -2.175592602569E-01 -2.345417696137E-03  2.566062390611E-02  2.300725405230E+00  1.048394673126E-02 -4.966803643030E-02  3.918408969858E-02 -3.421732278595E-02 -1.185306478538E-04 -4.339962904531E-06 -4.137769179060E-06 -1.026600696480E-07  1.497512419483E-01  4.339962935711E-06  4.315674932833E-05  1.949396264725E-20 -7.586812389937E-21  5.760142430179E-20 -2.092331078293E-03
  1.400000000000E+02  1.420000000000E+02  1.054686896762E+01 -9.037487844315E-15  2.134651039165E-03  1.124450349432E+02  2.635817365995E-01  3.606926348640E-01 -2.165342232577E-01 -2.363907920639E-03  2.622174000358E-02  2.273139960327E+00  9.979581550115E-03 -4.850501948634E-02  3.852543793608E-02 -3.270527963069E-02 -1.084755008086E-04  5.085930787345E-06 -1.629609281786E-06 -6.608433922170E-06  1.443967121536E-01 -5.085930849545E-06 -9.857696804012E-05  1.394433640659E-20 -1.777422162832E-21  6.410911954900E-20 -2.004098682150E-03
  1.440000000000E+02  1.460000000000E+02  1.058235925914E+01 -9.693476092700E-15  2.037941160070E-03  1.131890204445E+02  2.634550901173E-01  3.584312345893E-01 -2.155240123972E-01 -2.386610302366E-03  2.523831624683E-02  2.245736118956E+00  9.592165476631E-03 -4.746468102961E-02  3.787251555269E-02 -3.138745005037E-02  3.864682953687E-05  5.495182082682E-06  3.504606977835E-09 -2.903892926480E-06  1.397690333202E-01 -5.495182084611E-06 -7.488906882784E-04  1.986941899571E-20 -1.077039853900E-20  7.926837981190E-20 -1.923145716197E-03
  1.480000000000E+02  1.500000000000E+02  1.061674995489E+01 -9.946826312555E-15  1.774276434550E-03  1.139118318247E+02  2.632733446826E-01  3.560935347315E-01 -2.144954917430E-01 -2.398232418230E-03  2.221943876328E-02  2.218310412879E+00  9.218105803284E-03 -4.629015588392E-02  3.707205008030E-02 -3.021647921514E-02  1.841085811538E-04 -2.907988006650E-06  1.573972025912E-06  1.138553447418E-06  1.356649502085E-01  2.907987978655E-06 -1.055028885489E-03  1.765097129994E-20 -3.909103731952E-21  6.404937888923E-20 -1.853002201493E-03
  1.520000000000E+02  1.540000000000E+02  1.065018825170E+01 -1.031060263210E-14  1.531656936605E-03  1.146164787712E+02  2.630263328899E-01  3.539420242603E-01 -2.134715531448E-01 -2.414110760389E-03  1.939814672386E-02  2.192295726693E+00  8.902353228368E-03 -4.526549613475E-02  3.636314290640E-02 -2.911090236993E-02  1.497278876302E-04 -7.440497946176E-06  2.920833740978E-06 -7.488612274531E-07  1.318726161325E-01  7.440497944527E-06 -1.182596824962E-03  1.181360182885E-20 -9.649340876583E-21  6.819329062527E-20 -1.788141793539E-03
  1.560000000000E+02  1.580000000000E+02  1.068268692789E+01 -1.037670015018E-14  1.195900869717E-03  1.153034788192E+02  2.627371539782E-01  3.519335748516E-01 -2.124420487459E-01 -2.426992962137E-03  1.574169648787E-02  2.166660474901E+00  8.635507610253E-03 -4.430220691976E-02  3.566669930953E-02 -2.804397765334E-02  2.082502317879E-04  7.781118006086E-07  3.892984186943E-06 -2.527422809672E-06  1.275226889794E-01 -7.781118240461E-07 -1.104992430169E-03  9.478590218570E-21  2.297031244620E-21  7.225620523684E-20 -1.718468905771E-03
  1.600000000000E+02  1.620000000000E+02  1.071395396468E+01 -1.010662126905E-14  9.714988753399E-04  1.159662616794E+02  2.623890084620E-01  3.500694103155E-01 -2.114023289302E-01 -2.433968874012E-03  1.324438394244E-02  2.143215068913E+00  8.390495864624E-03 -4.348120491902E-02  3.509070905423E-02 -2.694484927863E-02  2.074920303572E-04  7.448323918020E-06  4.805312315936E-06  4.168508844787E-06  1.231257774555E-01 -7.448323904873E-06 -1.114469074718E-03  1.045090581276E-20 -8.588860329994E-21  5.006342578643E-20 -1.653096289823E-03
  1.640000000000E+02  1.660000000000E+02  1.074426240860E+01 -9.652839364054E-15  6.502373494667E-04  1.166106080631E+02  2.619789991500E-01  3.481696322728E-01 -2.103781970032E-01 -2.459961248782E-03  9.839011916135E-03  2.120280630425E+00  8.078334339063E-03 -4.262454771284E-02  3.454621337394E-02 -2.593689642998E-02  2.663739110916E-04  5.382330296928E-06  5.368689921833E-06  2.800162550940E-06  1.193509079145E-01 -5.382330297391E-06 -1.477061440834E-03  2.981344803244E-22 -4.708745312495E-22  6.126259451942E-20 -1.592490392802E-03
  1.680000000000E+02  1.700000000000E+02  1.077364907202E+01 -9.157796338385E-15  2.747531773907E-04  1.172367592413E+02  2.615316330303E-01  3.460750532471E-01 -2.093408957516E-01 -2.470598929976E-03  6.068597945387E-03  2.096687504851E+00  7.744493342889E-03 -4.171172292589E-02  3.396722958264E-02 -2.500281466160E-02  3.970822271402E-04  1.560779280030E-06  5.178183049904E-06 -9.491174830411E-06  1.155669184928E-01 -1.560779272608E-06 -1.796465466699E-03  2.610756163013E-20 -7.926603764222E-21  6.103087667174E-20 -1.529156204923E-03
  1.720000000000E+02  1.740000000000E+02  1.080205558558E+01 -8.986537787063E-15 -2.448262234182E-04  1.178431020630E+02  2.610711420714E-01  3.441650823460E-01 -2.083246973982E-01 -2.488171114789E-03  8.917125507201E-04  2.074575335077E+00  7.428141375821E-03 -4.088048391000E-02  3.345234253415E-02 -2.399806165779E-02  3.947010347184E-04 -1.271651268061E-08  4.631317125471E-06 -1.459400179660E-05  1.119047799119E-01  1.271650289138E-08 -2.268763683090E-03  1.301882018483E-20 -9.372658093185E-21  5.585207611280E-20 -1.470163036442E-03
  1.760000000000E+02  1.780000000000E+02  1.082959113919E+01 -8.934921306875E-15 -8.878536248466E-04  1.184317588904E+02  2.606221196703E-01  3.424670903257E-01 -2.072660280126E-01 -2.492068611763E-03 -5.777508496100E-03  2.052359352776E+00  7.155431178926E-03 -4.010571327336E-02  3.295028209455E-02 -2.307104068615E-02  4.131279493493E-04 -4.094735958676E-06  4.616909524193E-06 -6.492983575289E-06  1.082255314886E-01  4.094735960331E-06 -2.595309484779E-03  4.682198132753E-21 -6.894605546431E-21  7.009106334972E-20 -1.413887175151E-03
  1.800000000000E+02  1.820000000000E+02  1.085618392606E+01 -8.626158092227E-15 -1.542356878124E-03  1.190019507502E+02  2.602102775708E-01  3.408172394972E-01 -2.062625534737E-01 -2.492814833285E-03 -1.275299838480E-02  2.032739267933E+00  6.905960238625E-03 -3.938342304863E-02  3.247746281006E-02 -2.218477226323E-02  4.011244251320E-04 -2.643803243104E-06  4.439247426557E-06 -4.109500636630E-06  1.045483364901E-01  2.643803227723E-06 -2.635064890244E-03 -1.529652946713E-21 -1.534308361932E-22  5.517340272034E-20 -1.363314949283E-03
  1.840000000000E+02  1.860000000000E+02  1.088190497006E+01 -8.324279199973E-15 -2.196649535635E-03  1.195549949602E+02  2.598352749198E-01  3.391755412765E-01 -2.051919052350E-01 -2.501724215740E-03 -1.971692243522E-02  2.012088854926E+00  6.651331587668E-03 -3.863071925641E-02  3.197938766880E-02 -2.139607334903E-02  4.578087876322E-04  7.852551191796E-06  3.279818393301E-06 -8.856995541063E-07  1.007634903168E-01 -7.852551194096E-06 -3.199764251207E-03  6.392736371504E-21  1.214137252062E-21  7.497868720033E-20 -1.310474522313E-03
  1.880000000000E+02  1.900000000000E+02  1.090657121054E+01 -8.201073789978E-15 -3.140433929276E-03  1.200859629497E+02  2.594683891839E-01  3.378632074023E-01 -2.041976457297E-01 -2.499396742045E-03 -2.989491698295E-02  1.991872190019E+00  6.458080831518E-03 -3.788058749779E-02  3.142250666667E-02 -2.057280179341E-02  5.600695257859E-04  3.633026319265E-06  2.200413961688E-06  3.097428204223E-06  9.790120454892E-02 -3.633026330241E-06 -4.158875196622E-03  1.112644440221E-20 -9.790563033063E-21  6.198713996540E-20 -1.268340965478E-03
  1.920000000000E+02  1.940000000000E+02  1.093084622150E+01 -7.971245553097E-15 -4.269929607096E-03  1.206087433246E+02  2.590864511619E-01  3.363596076226E-01 -2.031004861116E-01 -2.491134471379E-03 -4.229324688130E-02  1.971148026674E+00  6.224407185057E-03 -3.711548820361E-02  3.089108101867E-02 -2.001081347014E-02  6.547225857039E-04 -8.242596482458E-07  1.822854993127E-06 -3.182495861218E-06  9.525717963338E-02  8.242596542564E-07 -4.588222075627E-03  2.143118962466E-20 -4.224840934727E-21  7.373409290437E-20 -1.226153503879E-03
  1.960000000000E+02  1.980000000000E+02  1.095420497459E+01 -7.399517486008E-15 -5.444865234608E-03  1.211131823771E+02  2.587180486730E-01  3.352311926220E-01 -2.021323325752E-01 -2.479855681824E-03 -5.528561748969E-02  1.954023410505E+00  6.110155760574E-03 -3.648956719542E-02  3.037941143513E-02 -1.923021811521E-02  5.956993746768E-04  8.352220040287E-07  1.260138793051E-06 -9.072299124954E-06  9.283644862815E-02 -8.352219955959E-07 -4.412660420158E-03  4.944831970007E-21 -1.630783173002E-20  6.468115247080E-20 -1.183418728916E-03
  2.000000000000E+02  2.020600000000E+02  1.097726399292E+01 -6.759370479425E-15 -6.506857975780E-03  1.216113461446E+02  2.582894839774E-01  3.342213910167E-01 -2.010071036566E-01 -2.460646423948E-03 -6.710483252176E-02  1.938296956715E+00  5.703059092810E-03 -3.536829908527E-02  2.966523999261E-02 -1.879629994698E-02  7.021891973179E-04  2.054485676496E-06  6.395291016079E-07 -7.904739349043E-06  8.994553932606E-02 -2.054485663192E-06 -4.060270511100E-03 -1.569425028915E-21 -3.484192795410E-21  5.934878810128E-20 -1.162935738526E-03
  2.041200000000E+02  2.062418000000E+02  1.100052533608E+01 -6.506118994248E-15 -7.564045191916E-03  1.221144617828E+02  2.578443570555E-01  3.337060324324E-01 -1.999518937388E-01 -2.441117786050E-03 -7.893102052796E-02  1.925839725493E+00  5.198103079319E-03 -3.420195969228E-02  2.900385661276E-02 -1.845065137327E-02  6.250274759708E-04 -5.943465632784E-07  4.315914901074E-07 -9.187011690766E-06  8.770127957406E-02  5.943465272204E-07 -3.698212414084E-03  4.163058386278E-21 -5.293670935566E-21  5.035739205024E-20 -1.139787536821E-03
  2.083636000000E+02  2.105490540000E+02  1.102378518666E+01 -6.562857173218E-15 -8.489417431766E-03  1.226176493900E+02  2.573559681348E-01  3.332622515376E-01 -1.987844974780E-01 -2.416550658104E-03 -8.940927214692E-02  1.912120842812E+00  4.691484053108E-03 -3.293091989579E-02  2.823943584288E-02 -1.804049914301E-02  5.618891715266E-04 -2.958896561020E-06  4.169604487292E-07 -2.264154915277E-07  8.575069851033E-02  2.958896634247E-06 -3.567710023141E-03  9.153582781619E-22 -1.043575427671E-20  5.882030944671E-20 -1.118934934216E-03
  2.127345080000E+02  2.149855256200E+02  1.104736797420E+01 -6.639907663049E-15 -9.517587777958E-03  1.231286817819E+02  2.568482339105E-01  3.329929367194E-01 -1.976576759250E-01 -2.399980648972E-03 -1.011090126854E-01  1.899519695496E+00  4.242944476099E-03 -3.172237453001E-02  2.747943005375E-02 -1.779191838559E-02  5.648150767720E-04 -3.664333410112E-06  6.734956303935E-07 -8.539445215129E-07  8.354861048575E-02  3.664333359159E-06 -4.126665979051E-03  1.369614385218E-20 -1.437342847799E-20  5.347036197979E-20 -1.098608344646E-03
  2.172365432400E+02  2.195550913886E+02  1.107078138090E+01 -6.399580337590E-15 -1.081463148003E-02  1.236361742253E+02  2.563524968946E-01  3.323390366762E-01 -1.964443361410E-01 -2.386854074900E-03 -1.158548836092E-01  1.886045974666E+00  3.715239479159E-03 -3.044618078155E-02  2.673094130269E-02 -1.739269297874E-02  6.312781799673E-04  3.237569943416E-06  1.946714933025E-06 -7.057449197496E-06  8.142156835646E-02 -3.237569923833E-06 -4.917094381753E-03 -5.826497222209E-21 -5.793319728301E-21  4.295882471773E-20 -1.079358293762E-03
  2.218736395372E+02  2.242617441303E+02  1.109456666647E+01 -6.278256126785E-15 -1.237920038039E-02  1.241524927696E+02  2.558887298641E-01  3.317363351354E-01 -1.952203492730E-01 -2.371631734964E-03 -1.335537978594E-01  1.875357422477E+00  3.192579077488E-03 -2.921913194213E-02  2.602655286448E-02 -1.716932960303E-02  7.171809124046E-04  8.923963730577E-06  3.343509028626E-06 -6.486178493356E-07  8.041569173858E-02 -8.923963755445E-06 -5.387720237165E-03  1.884508654940E-20 -8.048038075160E-21  5.535293478751E-20 -1.067487554950E-03
  2.266498487233E+02  2.291095964542E+02  1.111881753793E+01 -6.750056387681E-15 -1.402553491453E-02  1.246792250185E+02  2.554254867361E-01  3.313184522491E-01 -1.939355349714E-01 -2.363755418354E-03 -1.517754728145E-01  1.867234218234E+00  2.767781905059E-03 -2.811780282742E-02  2.535002092239E-02 -1.702873735118E-02  7.256027355527E-04 -5.224870013558E-06  3.200165460491E-06  2.640432775224E-06  7.940443264775E-02  5.224870031331E-06 -5.350805576212E-03  1.149435469661E-20 -1.010128414109E-20  4.788792975074E-20 -1.058199192043E-03
  2.315693441850E+02  2.341028843478E+02  1.114338239405E+01 -7.318297696723E-15 -1.566384660092E-02  1.252135326105E+02  2.549968177741E-01  3.307946771858E-01 -1.926398642747E-01 -2.339769703430E-03 -1.695436689490E-01  1.858376009309E+00  2.284007772987E-03 -2.688105711659E-02  2.459704934371E-02 -1.687228959387E-02  7.587014643315E-04 -1.319599477183E-05  3.024762265362E-06 -2.931329810128E-06  7.812722525380E-02  1.319599476150E-05 -5.048203466690E-03 -6.539106664169E-22 -1.056709982996E-20  5.689745416856E-20 -1.044010356950E-03
  2.366364245106E+02  2.392459708782E+02  1.116828107274E+01 -7.583116534877E-15 -1.722816965361E-02  1.257560455868E+02  2.546075677641E-01  3.301228061961E-01 -1.913014420795E-01 -2.323636892449E-03 -1.860637635756E-01  1.849222882839E+00  1.736874476174E-03 -2.561986998722E-02  2.388299551100E-02 -1.654716635784E-02  7.218377150796E-04  9.489083279409E-07  3.667118463552E-06  2.509549569883E-06  7.666929975792E-02 -9.489083449614E-07 -4.337454047691E-03 -5.017022602408E-21 -1.036586926021E-20  3.909541386025E-20 -1.030069116072E-03
  2.418555172459E+02  2.445433500046E+02  1.119340749822E+01 -7.453905982030E-15 -1.848423704475E-02  1.263046605224E+02  2.542357388023E-01  3.291281519330E-01 -1.899304909171E-01 -2.315384433651E-03 -1.989169820081E-01  1.839076324668E+00  1.216139966058E-03 -2.428606079846E-02  2.306992083235E-02 -1.639847512067E-02  5.957677596484E-04 -1.607816488780E-06  3.603866361890E-06  6.310461988006E-06  7.509885833338E-02  1.607816484159E-06 -3.800054183152E-03  1.524795061391E-20 -1.702461699747E-20  4.281754539972E-20 -1.014707863208E-03
  2.472311827633E+02  2.499996505047E+02  1.121873686791E+01 -7.316102946265E-15 -1.976183655439E-02  1.268583844125E+02  2.538475757854E-01  3.280208574930E-01 -1.885226147903E-01 -2.305808811504E-03 -2.119630655192E-01  1.830139044324E+00  7.032200038624E-04 -2.292085105994E-02  2.221763105595E-02 -1.609374988137E-02  5.989482150447E-04 -4.791171554725E-06  3.316228184455E-06  5.044744073623E-06  7.357592497422E-02  4.791171564109E-06 -3.150684661365E-03  3.363588378038E-21 -1.171377129162E-20  3.362982694090E-20 -1.000195202857E-03
  2.527681182462E+02  2.556196400198E+02  1.124432068587E+01 -7.606652467918E-15 -2.064621942707E-02  1.274190382329E+02  2.534123210174E-01  3.266879146822E-01 -1.870645629087E-01 -2.278540760455E-03 -2.208604009630E-01  1.822252947855E+00  2.937620355509E-04 -2.152966222484E-02  2.123590018923E-02 -1.597147992992E-02  5.324135198268E-04  2.022271924876E-06  3.066147215499E-06  2.287421275012E-06  7.201538277721E-02 -2.022271941013E-06 -2.821983962218E-03 -2.981427083629E-22 -1.080867506392E-20  3.009048351621E-20 -9.943586561579E-04
  2.584711617935E+02  2.614082292204E+02  1.127008409237E+01 -8.045610943967E-15 -2.177178872631E-02  1.279845555104E+02  2.529366580634E-01  3.250713061601E-01 -1.855936783214E-01 -2.262014934932E-03 -2.323234819693E-01  1.813988544720E+00 -1.997418714667E-04 -2.004849753586E-02  2.024823940744E-02 -1.585739457524E-02  6.602610845824E-04  1.247718867829E-06  2.046243841712E-06  2.238653199470E-06  7.018152813508E-02 -1.247718862897E-06 -2.697019329353E-03 -7.275718544326E-21 -1.555729659298E-20  3.727941945174E-20 -9.845488906441E-04
  2.643452966473E+02  2.673704760971E+02  1.129585561062E+01 -8.123176610531E-15 -2.263282029726E-02  1.285511169590E+02  2.523519934621E-01  3.237350716455E-01 -1.840403328998E-01 -2.216752186409E-03 -2.411509450907E-01  1.807978954032E+00 -6.153225589631E-04 -1.869613578339E-02  1.931145834234E-02 -1.562980016489E-02  5.639046367281E-04  6.007621399856E-07  1.096606119423E-06  6.462366470766E-06  6.891504309038E-02 -6.007621410026E-07 -2.246564893848E-03 -5.232772599800E-21 -8.683540812644E-21  3.578945819783E-20 -9.765340499119E-04
  2.703956555468E+02  2.735115903800E+02  1.132220869754E+01 -7.498281509588E-15 -2.346273446015E-02  1.291316318609E+02  2.516499568704E-01  3.224291869398E-01 -1.825154326188E-01 -2.196342235380E-03 -2.500851475023E-01  1.804575655136E+00 -1.080351636009E-03 -1.733334300854E-02  1.841369464453E-02 -1.563422889153E-02  5.254464748164E-04  1.165996762917E-06  4.574334761743E-07  6.696978916850E-06  6.783128944460E-02 -1.165996748076E-06 -1.561729708158E-03  1.411390713336E-20  1.491219276338E-21  3.467516778896E-20 -9.718124222640E-04
  2.766275252132E+02  2.798369380914E+02  1.134870477526E+01 -6.614135093207E-15 -2.384428816863E-02  1.297166133745E+02  2.508779478163E-01  3.214718890763E-01 -1.808910429388E-01 -2.156698330744E-03 -2.540324745520E-01  1.801527382184E+00 -1.616130386014E-03 -1.593233959357E-02  1.754846997955E-02 -1.546837283605E-02  3.842219952811E-04  4.965122566575E-07 -8.161413616803E-08  3.587517476879E-06  6.650495224411E-02 -4.965122412042E-07 -1.083637149438E-03  1.759783377879E-21 -8.010679233407E-21  3.077102380759E-20 -9.637805797574E-04
  2.830463509696E+02  2.863520462341E+02  1.137557562007E+01 -6.266165899239E-15 -2.434485482994E-02  1.303115144048E+02  2.500543031711E-01  3.198943159831E-01 -1.792761980655E-01 -2.128274291261E-03 -2.597683530267E-01  1.799636880164E+00 -2.080556496043E-03 -1.454560383573E-02  1.662616033171E-02 -1.539861810811E-02  3.619731913059E-04  1.347283307021E-06 -2.212098789226E-08  2.797714012134E-06  6.519662566819E-02 -1.347283311754E-06 -1.338417661366E-03  2.582688270768E-20 -2.442829689974E-21  2.869993838085E-20 -9.571847727844E-04
  2.896577414987E+02  2.930626076211E+02  1.140258965644E+01 -6.261637837286E-15 -2.496103070659E-02  1.309107985798E+02  2.491180504332E-01  3.177855617121E-01 -1.776090860691E-01 -2.124159555849E-03 -2.673532859970E-01  1.799258210892E+00 -2.605691515865E-03 -1.315358279444E-02  1.575927431009E-02 -1.522860360739E-02  3.535036376326E-04  4.154190294631E-06  5.590514814166E-07  4.314253773748E-06  6.403492101371E-02 -4.154190287384E-06 -1.205793188636E-03  1.166153364356E-20 -1.116984067463E-20  1.308049377246E-20 -9.537069683385E-04
  2.964674737436E+02  2.999744858498E+02  1.143008401519E+01 -6.157001196499E-15 -2.537113881056E-02  1.315223065872E+02  2.480441506037E-01  3.154807739660E-01 -1.758774770814E-01 -2.131272407452E-03 -2.727152503002E-01  1.800629221624E+00 -3.097618416050E-03 -1.171248676434E-02  1.481010518038E-02 -1.527285055010E-02  3.379823464192E-04  5.266455618509E-06  1.314651717954E-06  4.741581278589E-06  6.310235658846E-02 -5.266455615387E-06 -2.309894440856E-04  3.910284810293E-21 -9.927562774969E-21  1.289732160088E-20 -9.496876000041E-04
  3.034814979559E+02  3.070937204253E+02  1.145790920207E+01 -5.868932510117E-15 -2.516973737772E-02  1.321428752952E+02  2.469027659384E-01  3.130063642461E-01 -1.741602650310E-01 -2.150242011214E-03 -2.711191780328E-01  1.802503093929E+00 -3.570570085299E-03 -1.018746581147E-02  1.375803589672E-02 -1.517023481298E-02  1.886301095268E-04  1.957461548396E-06  1.993578894269E-06  2.285525493032E-06  6.276472117781E-02 -1.957461541419E-06  8.174957296660E-05 -2.157257210010E-22 -9.612341476312E-21  2.058862336713E-20 -9.545405765670E-04
  3.107059428946E+02  3.144265320380E+02  1.148676154411E+01 -5.356209255060E-15 -2.530417809015E-02  1.327879756062E+02  2.457290048750E-01  3.101456720514E-01 -1.723307487414E-01 -2.167360027295E-03 -2.736604147422E-01  1.806053914725E+00 -4.017131485444E-03 -8.775202841152E-03  1.279233432661E-02 -1.535645516478E-02  2.284369060166E-04  3.223636294771E-06  2.112222942294E-06 -1.822662312070E-06  6.260949823827E-02 -3.223636287193E-06  1.958701859126E-04 -1.506971315428E-21 -4.899964706214E-21  8.618398500359E-21 -9.604946264205E-04
  3.181471211814E+02  3.219793279992E+02  1.151615891655E+01 -4.329944461428E-15 -2.498726962033E-02  1.334473574230E+02  2.445639880176E-01  3.067592948889E-01 -1.705310282329E-01 -2.160264949098E-03 -2.709794304061E-01  1.809107638457E+00 -4.455850443584E-03 -7.327694793116E-03  1.178354523655E-02 -1.537485550225E-02  4.028887051840E-05  7.447418264187E-07  1.504272596066E-06 -2.586131371247E-06  6.230808379269E-02 -7.447418013923E-07  1.195493160031E-03 -1.291427724273E-20 -6.679095177628E-21  9.281975305534E-21 -9.619050990288E-04
  3.258115348169E+02  3.297587078391E+02  1.154647418167E+01 -3.025310674177E-15 -2.415828361619E-02  1.341286607936E+02  2.433523272843E-01  3.032416920391E-01 -1.686463759371E-01 -2.193129342082E-03 -2.622328605986E-01  1.814129060818E+00 -4.815920510869E-03 -5.968851394319E-03  1.078477190503E-02 -1.542474219224E-02 -1.598934519499E-04 -2.308062215123E-06  1.164126882735E-06 -1.054941193576E-06  6.234515066294E-02  2.308062208259E-06  1.782135333599E-03 -1.034697113892E-20 -3.030894476613E-21 -4.950452284401E-21 -9.662402541247E-04
  3.337058808614E+02  3.377714690743E+02  1.157769030143E+01 -1.870013276896E-15 -2.322966053294E-02  1.348337422122E+02  2.420520380082E-01  2.998299853699E-01 -1.667831118612E-01 -2.220032208876E-03 -2.523582566888E-01  1.823355655369E+00 -5.159116459141E-03 -4.599230474057E-03  9.758346932971E-03 -1.556591162931E-02 -2.092692805098E-04 -2.417860761567E-06  9.257860493515E-07 -5.520384327683E-07  6.252344448187E-02  2.417860774195E-06  2.271728647887E-03  1.329725729984E-20 -1.496031129878E-20 -9.640899960669E-21 -9.826487875109E-04
  3.418370572872E+02  3.460246131465E+02  1.161002744576E+01 -1.187189271947E-15 -2.184617632355E-02  1.355671751831E+02  2.406595736262E-01  2.966716283324E-01 -1.648226906585E-01 -2.211816002099E-03 -2.376295151403E-01  1.829327176852E+00 -5.550601491168E-03 -3.181133585468E-03  8.731735076592E-03 -1.582500749558E-02 -2.449514919264E-04 -1.544071332222E-06  2.767700966148E-07  3.956561845134E-07  6.153636094464E-02  1.544071333089E-06  2.502354585322E-03 -5.838636219803E-21 -9.130915662572E-21 -7.798287453375E-21 -9.805132347172E-04
  3.502121690058E+02  3.545253515409E+02  1.164211363669E+01 -1.005496033657E-15 -2.060314471774E-02  1.362984177995E+02  2.389919355884E-01  2.933942149189E-01 -1.628597021201E-01 -2.260497004968E-03 -2.241414967696E-01  1.839052584063E+00 -5.979762678863E-03 -1.813576082017E-03  7.793338760623E-03 -1.555622967425E-02 -1.969196923309E-04 -1.887964536287E-07 -8.455817852174E-07 -9.599866351000E-07  5.995838566748E-02  1.887964581676E-07  2.577904616658E-03  1.172596284660E-20 -1.058332303797E-20 -1.844847495958E-20 -9.697762648839E-04
  3.588385340760E+02  3.632811120872E+02  1.167467676027E+01 -9.623924920876E-16 -1.906399629454E-02  1.370424194967E+02  2.369109742349E-01  2.899225769332E-01 -1.608879616219E-01 -2.258277173011E-03 -2.074696922636E-01  1.848581404190E+00 -6.317356735595E-03 -4.470732483526E-04  6.764429984032E-03 -1.548384884242E-02 -1.905358027603E-04  1.176254939904E-06 -1.874872510078E-06  1.806864950638E-06  5.948323447952E-02 -1.176254935964E-06  2.303473035217E-03  1.005430029945E-20 -8.406787599262E-21 -3.320814240063E-21 -9.684198717138E-04
  3.677236900983E+02  3.722995454498E+02  1.170815713029E+01 -1.071250871574E-15 -1.804608307614E-02  1.378099275779E+02  2.343983464752E-01  2.864821738738E-01 -1.588029655730E-01 -2.281182095269E-03 -1.965558690682E-01  1.858983468339E+00 -6.734273262421E-03  1.007024790741E-03  5.727248471696E-03 -1.548805480304E-02 -1.127979082793E-04  8.281679087250E-07 -2.044956719429E-06  1.350104036501E-06  5.785547737297E-02 -8.281679113638E-07  1.708142784977E-03 -9.186031301348E-21 -1.873447639134E-20 -1.061168837812E-20 -9.545317856496E-04
  3.768754008012E+02  3.815885318133E+02  1.174083020268E+01 -1.030109735937E-15 -1.710762444892E-02  1.385624166428E+02  2.315562313550E-01  2.830541970206E-01 -1.567819708733E-01 -2.277154887360E-03 -1.866458340643E-01  1.872296383073E+00 -7.145361913426E-03  2.350088518379E-03  4.795273394931E-03 -1.508587070500E-02 -1.187389032974E-04  9.098093977454E-07 -1.936718011958E-06 -3.629386508040E-07  5.640267723308E-02 -9.098094002300E-07  1.397239001952E-03 -2.910502300806E-21 -1.263340281171E-20 -1.815473452405E-20 -9.430775632245E-04
  3.863016628253E+02  3.911561877677E+02  1.177458989686E+01 -2.677711206702E-16 -1.638655801840E-02  1.393424927708E+02  2.285111196619E-01  2.803538273027E-01 -1.545910695706E-01 -2.262172515380E-03 -1.799401416647E-01  1.884783020749E+00 -7.574279101982E-03  3.709884587063E-03  3.864394515047E-03 -1.508804458717E-02 -1.098543532312E-04 -3.349657760080E-07 -1.360152230692E-06  7.172012803070E-07  5.555997544412E-02  3.349657832217E-07  1.602855247682E-03 -7.689408395665E-22 -1.279791882103E-20 -3.079464513738E-20 -9.401266124302E-04
  3.960107127100E+02  4.010108734007E+02  1.180824740759E+01  4.504491759339E-16 -1.514171260122E-02  1.401232640748E+02  2.253637320719E-01  2.776527180520E-01 -1.524398931661E-01 -2.240175361794E-03 -1.676492257051E-01  1.895633035778E+00 -7.909606886578E-03  4.921867932470E-03  2.987738954040E-03 -1.496991484011E-02 -1.677464080709E-04 -1.069279843968E-06 -3.595995036715E-07 -1.932300832007E-06  5.448001363750E-02  1.069279851278E-06  1.916941906360E-03 -1.302799203656E-22 -1.181268839453E-20 -1.624017654781E-20 -9.320739787959E-04
  4.060110340913E+02  4.111611996027E+02  1.184269775900E+01  1.238140810942E-18 -1.397949210553E-02  1.409235914389E+02  2.221140264068E-01  2.753906102838E-01 -1.501270840791E-01 -2.253793172742E-03 -1.561906520995E-01  1.903919527202E+00 -8.160616232546E-03  6.170645356298E-03  1.989970876172E-03 -1.482797453551E-02 -1.095344709621E-04  5.057312630457E-07 -4.673251336175E-08 -1.778671233240E-06  5.296667171252E-02 -5.057312726319E-07  2.537481932395E-03  1.628816949166E-21 -1.204662916765E-20 -2.879807477509E-20 -9.115153639364E-04
  4.163113651141E+02  4.216160355908E+02  1.187646501866E+01 -9.250068996506E-16 -1.186910874220E-02  1.417099173261E+02  2.188495095355E-01  2.733467671777E-01 -1.478432090503E-01 -2.255626110161E-03 -1.339796777926E-01  1.917666280447E+00 -8.370209209368E-03  7.243234260413E-03  1.126974949089E-03 -1.439310085203E-02 -4.096267234673E-04 -1.646787086888E-06 -1.070981649295E-06 -2.709437448155E-06  5.117596369453E-02  1.646787087860E-06  2.824343433086E-03 -1.063029473051E-20 -8.438732486610E-21 -3.957695585138E-20 -8.970820134095E-04
  4.269207060675E+02  4.323845166585E+02  1.191058333745E+01 -1.740506809135E-15 -1.023111085825E-02  1.425068163956E+02  2.157380962475E-01  2.705528281863E-01 -1.453239529320E-01 -2.287322626472E-03 -1.169756519693E-01  1.927908977227E+00 -8.639267413217E-03  8.283580750710E-03  3.556866624129E-04 -1.429153999448E-02 -1.879371966666E-04 -2.110512804291E-06 -1.787788414574E-06 -3.629096233209E-06  4.945743077913E-02  2.110512789850E-06  1.938585358679E-03 -1.307656892166E-20 -1.115884432180E-20 -3.401079934577E-20 -8.851652294262E-04
  4.378483272495E+02  4.434760521583E+02  1.194402503514E+01 -2.858170939146E-15 -9.219952650332E-03  1.432907872385E+02  2.127349806326E-01  2.683959914963E-01 -1.428574467168E-01 -2.367805590531E-03 -1.066345441775E-01  1.939998917973E+00 -8.850674762201E-03  9.248797707508E-03 -3.981229453592E-04 -1.403256860448E-02 -3.623637141546E-05 -1.019830496771E-06 -1.918870458397E-06 -5.129699362126E-06  4.807376459818E-02  1.019830499967E-06  1.016814161605E-03 -1.039461050171E-20 -1.116725337936E-20 -3.397409992311E-20 -8.705358990297E-04
  4.491037770670E+02  4.549003337230E+02  1.197821657305E+01 -4.034224376226E-15 -8.796505760365E-03  1.440943266941E+02  2.097106729556E-01  2.667819210725E-01 -1.402237995405E-01 -2.423443722149E-03 -1.029643367609E-01  1.954491546333E+00 -9.009340037515E-03  1.010942346456E-02 -1.100083427021E-03 -1.377408114066E-02  6.442285188538E-05 -1.181012137465E-07 -2.051892969746E-06 -4.530311560275E-06  4.718102302225E-02  1.181011956877E-07 -7.687813542407E-04 -1.527713894359E-20 -2.373444110713E-21 -4.158112665648E-20 -8.473697646296E-04
  4.606968903790E+02  4.666673437347E+02  1.201240559346E+01 -4.455633896055E-15 -1.033891887347E-02  1.449011823796E+02  2.066013148271E-01  2.642324908567E-01 -1.375791044217E-01 -2.551617663952E-03 -1.218283250592E-01  1.976207399536E+00 -9.313564410560E-03  1.110619117077E-02 -1.792626760151E-03 -1.330776742824E-02  5.055642262903E-04  3.293893073556E-06 -1.868140803253E-06 -4.561005259619E-06  4.528346955220E-02 -3.293893079515E-06 -1.002870213351E-03  3.303163068202E-21 -1.304265861995E-20 -2.335829300334E-20 -8.241473810516E-04
  4.726377970904E+02  4.787873640468E+02  1.204584228159E+01 -3.538467522011E-15 -1.029792795494E-02  1.456927601579E+02  2.033085785567E-01  2.621271189010E-01 -1.347787603844E-01 -2.601040022145E-03 -1.213269890760E-01  1.993776051959E+00 -9.593916445143E-03  1.199083842953E-02 -2.396921984487E-03 -1.300782077162E-02  1.935579458164E-04  4.363171906733E-06 -1.206318661095E-06 -2.024815451225E-06  4.344922485822E-02 -4.363171898520E-06 -4.424041877228E-04  1.065846058751E-20 -1.216014333314E-20 -3.761654431479E-20 -8.021311951638E-04
  4.849369310031E+02  4.912709849682E+02  1.207922333768E+01 -1.741141320387E-15 -1.101480456010E-02  1.464852749164E+02  1.997706932369E-01  2.597428832396E-01 -1.319217588429E-01 -2.686634172802E-03 -1.317139526509E-01  2.009861465861E+00 -9.786748073179E-03  1.281319998862E-02 -3.026451915662E-03 -1.268599809844E-02  2.799668229756E-04  2.053405371215E-06 -9.364084304028E-08 -7.889908319609E-08  4.187243613807E-02 -2.053405371907E-06 -6.887829408856E-04 -2.893369268041E-22 -6.814445031781E-21 -3.444736430425E-20 -7.849195487449E-04
  4.976050389332E+02  5.041291145172E+02  1.211213379540E+01  8.444700378788E-16 -1.139120270128E-02  1.472671421827E+02  1.960042810915E-01  2.575674865409E-01 -1.290152539920E-01 -2.787226459592E-03 -1.371908139158E-01  2.037274719030E+00 -9.982171148991E-03  1.368808828525E-02 -3.705917136181E-03 -1.248974660705E-02  1.179674874065E-04 -1.442821196479E-06  1.442802553496E-07  1.749239091724E-06  4.033311701682E-02  1.442821212480E-06 -2.253918746727E-04  9.505040880010E-21 -1.279627028986E-20 -3.818524675539E-20 -7.731272150055E-04
  5.106531901012E+02  5.173729879527E+02  1.214499767612E+01  2.903812426335E-15 -1.139403443309E-02  1.480497144660E+02  1.922504331239E-01  2.541290292359E-01 -1.258547072525E-01 -2.916148179304E-03 -1.383118148470E-01  2.064694098886E+00 -1.002604613795E-02  1.450516240203E-02 -4.479116264157E-03 -1.226203936217E-02 -4.654695114565E-06 -9.661375887167E-07 -5.399896135816E-07  1.306482276767E-06  3.901703896972E-02  9.661375947108E-07 -9.929250124382E-04 -1.227300363018E-20 -4.975797965944E-21 -2.850714010182E-20 -7.669930486746E-04
  5.240927858042E+02  5.310141775913E+02  1.217767460947E+01  3.163421347790E-15 -1.306525007934E-02  1.488273434993E+02  1.886426616626E-01  2.506053174341E-01 -1.227801029099E-01 -3.037194340756E-03 -1.578058972234E-01  2.091102945163E+00 -1.011499377732E-02  1.515389514239E-02 -5.038901365238E-03 -1.228048353160E-02  3.830157932294E-04 -1.378630353652E-06 -3.206328300862E-07  1.922979914741E-06  3.863521606625E-02  1.378630351713E-06 -2.833205704648E-03 -2.608752894789E-21 -9.495287924047E-21 -3.513361422432E-20 -7.725835709270E-04
  5.379355693784E+02  5.450646029190E+02  1.221182169036E+01  2.986289311900E-15 -1.628607968420E-02  1.496412615276E+02  1.852395792700E-01  2.456546389598E-01 -1.194398833494E-01 -3.154755335398E-03 -1.963831117379E-01  2.118341112409E+00 -1.017268528591E-02  1.571624581730E-02 -5.543560531418E-03 -1.253844223213E-02  1.073505798023E-03 -2.028595777966E-06  7.900911510294E-07  2.099527699061E-06  3.825594756930E-02  2.028595776349E-06 -5.058204484804E-03 -1.716356136587E-20 -9.349889296577E-21 -3.088063848381E-20 -7.866472300935E-04
  5.521936364597E+02  5.595365410066E+02  1.224582154709E+01  3.762663213410E-15 -2.205763682398E-02  1.504525938503E+02  1.820872211644E-01  2.422269659960E-01 -1.161911674055E-01 -3.263891188564E-03 -2.675112862325E-01  2.155278844305E+00 -1.020135635649E-02  1.628819416788E-02 -6.086837811470E-03 -1.263282825133E-02  1.759359590918E-03 -2.156101220616E-06  1.940292355366E-06  1.515289251205E-06  3.671793501544E-02  2.156101222492E-06 -5.955323485908E-03 -1.044721346398E-20 -1.115815273761E-20 -2.247178080416E-20 -7.815679073436E-04
  5.668794455535E+02  5.743794455535E+02  1.227921545634E+01  4.940951095171E-15 -2.719820480825E-02  1.512515932407E+02  1.790690109794E-01  2.367748950218E-01 -1.125915644060E-01 -3.265540799192E-03 -3.308590463156E-01  2.167611650441E+00 -1.009414404482E-02  1.645406676672E-02 -6.359922721952E-03 -1.221992044069E-02  1.527628516756E-03 -1.297138545977E-06  2.714046906789E-06  7.650028406802E-07  3.525611216821E-02  1.297138548626E-06 -4.965177076440E-03 -3.549519155904E-22 -9.134065235401E-21 -3.729366154623E-20 -7.537481077171E-04
  5.818794455535E+02  5.893794455535E+02  1.231193683135E+01  5.563158501562E-15 -3.137132301706E-02  1.520373752448E+02  1.758990168267E-01  2.326725293062E-01 -1.092136096917E-01 -3.292526593684E-03 -3.834810292461E-01  2.135027596681E+00 -1.001168194172E-02  1.597005921126E-02 -5.958377269559E-03 -1.175403228717E-02  1.074106866784E-03  1.222998124816E-06  2.129327924772E-06  2.289016621252E-06  3.404943214463E-02 -1.222998123599E-06 -4.866834959187E-03 -2.708393163163E-21 -9.624836031862E-22 -3.036115405695E-20 -7.168219685397E-04
  5.968794455535E+02  6.043794455535E+02  1.234307032319E+01  5.940850404933E-15 -3.633156823096E-02  1.527861479998E+02  1.724485632451E-01  2.278948766335E-01 -1.054868714770E-01 -3.114652566471E-03 -4.457184081461E-01  2.101108082662E+00 -9.698552216324E-03  1.551982745804E-02 -5.821275241571E-03 -1.122480784624E-02  1.167457092637E-03  1.968672850791E-06  4.867023883313E-07  3.340251485293E-06  3.323468151242E-02 -1.968672849367E-06 -4.821164018438E-03  6.418962224670E-21 -4.929418601339E-21 -2.922074763794E-20 -6.928047055484E-04
  6.118794455535E+02  6.193794455535E+02  1.237425374973E+01  6.608006676567E-15 -4.038850825922E-02  1.535408062509E+02  1.686860108003E-01  2.251496119482E-01 -1.019631525819E-01 -3.141836117221E-03 -4.977643902193E-01  2.067570067324E+00 -9.535266014465E-03  1.530536519087E-02 -5.770099176445E-03 -1.081661272968E-02  1.069636897967E-03  2.874544212011E-06 -7.060884194923E-07  3.597941382352E-06  3.082669030203E-02 -2.874544213472E-06 -4.760110789526E-03  1.168598004937E-21 -5.924259295106E-21 -2.844346569086E-20 -6.423598102244E-04
  6.268794455535E+02  6.343794455535E+02  1.240086858429E+01  6.894041435813E-15 -4.525577799880E-02  1.541844454850E+02  1.648810398334E-01  2.204678479013E-01 -9.817844815843E-02 -2.903013816667E-03 -5.591220437495E-01  2.043977183281E+00 -9.281089795809E-03  1.501181244830E-02 -5.730722652553E-03 -9.846922409622E-03  1.275029198117E-03 -9.083341786437E-07 -1.043516053221E-06 -8.874168655196E-07  2.978397049835E-02  9.083341812805E-07 -4.814309851192E-03  8.776086651437E-21 -8.071986882886E-21 -2.560517928985E-20 -6.244039886748E-04
  6.418794455535E+02  6.493794455535E+02  1.243009791674E+01  6.349793737689E-15 -4.945068225358E-02  1.548932960993E+02  1.611274578686E-01  2.160673111405E-01 -9.447102451631E-02 -2.895818201725E-03 -6.128328610592E-01  2.019187410275E+00 -8.980990815648E-03  1.462839521267E-02 -5.647404396935E-03 -1.022376645728E-02  1.175081260054E-03 -6.769262548554E-07 -9.050461966411E-07 -8.607684240945E-07  3.006070960950E-02  6.769262463415E-07 -5.240788648354E-03 -6.131576167322E-21 -3.229798443673E-21 -3.039049532594E-20 -6.303069705444E-04
  6.568794455535E+02  6.643794455535E+02  1.245723258254E+01  5.985567076705E-15 -5.510125990649E-02  1.555545381619E+02  1.573222144944E-01  2.108505527485E-01 -9.057182408515E-02 -2.689651131537E-03 -6.835345822142E-01  1.991315031482E+00 -8.697663225974E-03  1.419802524637E-02 -5.500362020284E-03 -9.820885880574E-03  1.394392933591E-03  8.616319595737E-07 -1.712424280418E-08 -2.339918148347E-06  2.996850356606E-02 -8.616319562915E-07 -6.443375308556E-03  9.698311199535E-21 -4.771304945655E-21 -2.471080925248E-20 -6.159433534588E-04
  6.718794455535E+02  6.793794455535E+02  1.248629697374E+01  6.331108886569E-15 -6.152663666696E-02  1.562658066027E+02  1.533031015027E-01  2.068611068205E-01 -8.669055684594E-02 -2.589854659744E-03 -7.646247488240E-01  1.955745988366E+00 -8.424429084415E-03  1.387462342692E-02 -5.450194342452E-03 -9.820728316407E-03  1.596258983275E-03  3.976147774073E-07  6.426990434076E-07 -3.607536908616E-06  2.858332677635E-02 -3.976147833880E-07 -7.878824337915E-03  1.042171683815E-20 -1.126540654409E-20 -2.125589293067E-20 -5.838672808995E-04
  6.868794455535E+02  6.943794455535E+02  1.251084037408E+01  6.418834864672E-15 -6.986143419612E-02  1.568662762350E+02  1.493072704512E-01  2.037089348815E-01 -8.268409856544E-02 -2.302408925291E-03 -8.691622683953E-01  1.925812044687E+00 -8.341569608307E-03  1.357206983792E-02 -5.230500229645E-03 -8.755357746150E-03  1.863338517564E-03  1.832711194186E-07  8.910014937940E-07 -5.095596124120E-06  2.538644096427E-02 -1.832711197543E-07 -7.922764251842E-03  1.726551751064E-20 -7.746936871465E-21 -1.097634121967E-20 -5.248517065015E-04
  7.018794455535E+02  7.093794455535E+02  1.253389744356E+01  5.918934324149E-15 -7.636993784809E-02  1.574322055589E+02  1.453327727414E-01  2.012069336434E-01 -7.876230731566E-02 -2.144159917772E-03 -9.520737868029E-01  1.900430297806E+00 -8.182037416803E-03  1.320247039503E-02 -5.020432978239E-03 -8.147099162438E-03  1.551171816540E-03  2.696539345740E-06  7.539330984820E-07 -4.844185489875E-06  2.417157731704E-02 -2.696539351641E-06 -7.176066592996E-03  1.713143844531E-20 -1.158129802584E-20 -2.311973212998E-20 -4.916735114128E-04
  7.168794455535E+02  7.243794455535E+02  1.255614536263E+01  6.016406882241E-15 -8.330611630563E-02  1.579812464821E+02  1.412022939834E-01  1.985566261932E-01 -7.465323512775E-02 -1.900931133643E-03 -1.040637048482E+00  1.864723039241E+00 -8.045231481482E-03  1.295476193544E-02 -4.909530453991E-03 -7.613191619314E-03  1.460342602526E-03 -8.733397231304E-10  1.683507457571E-07 -3.454357206024E-06  2.356443462832E-02  8.733437930013E-10 -6.463278733779E-03  5.198646018526E-21 -1.013347513230E-20 -2.338934461124E-20 -4.638168426992E-04
  7.318794455535E+02  7.393794455535E+02  1.257806816281E+01  6.218598335925E-15 -8.848906531938E-02  1.585244327476E+02  1.368406585034E-01  1.950349188832E-01 -7.071934782661E-02 -1.682528623443E-03 -1.107574741649E+00  1.826675770502E+00 -7.930683105393E-03  1.250718093866E-02 -4.576497833293E-03 -7.233500444365E-03  9.523028936217E-04 -1.169872381463E-06  3.271080048475E-08 -1.342919440447E-06  2.244465136355E-02  1.169872377876E-06 -5.068560359090E-03  1.075683733145E-20 -1.050072639825E-20 -1.457463874447E-20 -4.368936651852E-04
  7.468794455535E+02  7.543794455535E+02  1.259822697881E+01  6.023427958669E-15 -9.282580866796E-02  1.590237428305E+02  1.321056534515E-01  1.910783939199E-01 -6.655360326735E-02 -1.443775196304E-03 -1.164606552080E+00  1.791769649260E+00 -7.783785536608E-03  1.217713068755E-02 -4.393345150983E-03 -6.729956225075E-03  8.737470589739E-04 -1.768350267486E-06 -1.466713469377E-07 -1.452753330476E-06  2.164609527779E-02  1.768350269934E-06 -4.077061441066E-03  7.190042117489E-21 -1.173961990067E-20 -1.214510942336E-20 -4.098295859986E-04
  7.618794455535E+02  7.693794455535E+02  1.261865971236E+01  5.796388253635E-15 -9.614115863003E-02  1.595322662941E+02  1.270176459219E-01  1.868110020206E-01 -6.262738367415E-02 -1.241708210133E-03 -1.208430965172E+00  1.760926240960E+00 -7.707441355053E-03  1.196822889518E-02 -4.260787540213E-03 -6.382792988217E-03  7.087722051117E-04 -2.094622585433E-06 -3.698090423580E-07 -2.035292269659E-06  1.966850920612E-02  2.094622583688E-06 -3.773795098753E-03  9.377018538476E-21 -1.690580105361E-20 -9.817873459822E-21 -3.784467746116E-04
  7.768794455535E+02  7.843794455535E+02  1.263510921218E+01  5.161223119894E-15 -9.989079061711E-02  1.599397605672E+02  1.216995821831E-01  1.838636041019E-01 -5.847854208467E-02 -9.883974766791E-04 -1.256974009061E+00  1.734242321462E+00 -7.495367477468E-03  1.167044469429E-02 -4.175077216803E-03 -5.704526629923E-03  7.520139892141E-04 -3.196406496358E-06  9.380722610430E-08 -1.014213693542E-06  1.697137333248E-02  3.196406492073E-06 -2.477253514174E-03  9.722303074492E-21 -1.336571818441E-20 -9.676992180348E-21 -3.399945345919E-04
  7.918794455535E+02  7.993794455535E+02  1.265047696814E+01  4.496235523656E-15 -1.007870786097E-01  1.603225269682E+02  1.160817985049E-01  1.807172658932E-01 -5.452102335806E-02 -8.723520522662E-04 -1.268564825000E+00  1.703143966341E+00 -7.324711063313E-03  1.140963842798E-02 -4.084927364773E-03 -5.202018955075E-03  3.392499646143E-04 -1.768584847968E-06  9.234504612673E-07  1.131796533115E-06  1.554377318064E-02  1.768584850706E-06 -1.006046166306E-03  8.679136068800E-21 -7.840307973542E-21 -1.888649725472E-20 -3.112940662208E-04
  8.068794455535E+02  8.143794455535E+02  1.266425271475E+01  4.003990281692E-15 -1.017953486296E-01  1.606637500258E+02  1.102541264854E-01  1.777256655859E-01 -5.033217821972E-02 -6.338863106734E-04 -1.281933594235E+00  1.678915340055E+00 -7.133133096071E-03  1.112319194378E-02 -3.990058847768E-03 -4.762917150210E-03  2.102635355828E-04 -5.916623260433E-08  9.311012214718E-07  4.235135833748E-06  1.370073365762E-02  5.916622421452E-08 -4.478525380923E-04  5.533781037395E-21 -1.104176446786E-20 -1.514703355265E-20 -2.800819991336E-04
  8.218794455535E+02  8.293794455535E+02  1.267616879867E+01  3.199965068675E-15 -1.016313669102E-01  1.609587075573E+02  1.041478122186E-01  1.733589696540E-01 -4.632175005470E-02 -4.213653327873E-04 -1.280618069408E+00  1.657280773672E+00 -6.997592227322E-03  1.093957444807E-02 -3.941982220636E-03 -4.219723890671E-03 -5.741851482448E-05  1.544239073326E-07 -4.933094780302E-08  2.559650483374E-06  1.333234168717E-02 -1.544239093898E-07  5.443727391349E-04  5.045462904853E-21 -9.677150632784E-21 -9.429251818444E-21 -2.646970374604E-04
  8.368794455535E+02  8.443794455535E+02  1.268923640519E+01  2.780520605428E-15 -1.007594124487E-01  1.612811039801E+02  9.779724215685E-02  1.694677121847E-01 -4.214914963326E-02 -2.822433919473E-04 -1.270445059686E+00  1.629098624386E+00 -6.733950476906E-03  1.062973153589E-02 -3.895781058985E-03 -4.349516429385E-03 -1.606570127817E-04 -5.578170480771E-07 -1.143585245456E-06 -4.116605156450E-08  1.447323701275E-02  5.578170421019E-07  1.687884772961E-03  5.739575085851E-21 -4.313385205530E-21 -1.856955500975E-20 -2.739553973780E-04
  8.518794455535E+02  8.593794455535E+02  1.270328910137E+01  3.091362994583E-15 -9.845560853405E-02  1.616312213989E+02  9.124459453148E-02  1.647797322364E-01 -3.812415271631E-02 -1.288522507231E-04 -1.242547796913E+00  1.608741760801E+00 -6.645330544467E-03  1.041348912055E-02 -3.768158576022E-03 -4.397500456193E-03 -2.626154307070E-04  8.210812890028E-07 -1.412956618256E-06  1.683086176276E-07  1.535458048707E-02 -8.210812883772E-07  2.633210827888E-03  5.059185912979E-21 -7.857961366153E-21 -1.057549737100E-20 -2.781734749119E-04
  8.668794455535E+02  8.743794455535E+02  1.271804035185E+01  3.454134186430E-15 -9.583078509689E-02  1.619989591981E+02  8.446589644932E-02  1.607184070289E-01 -3.401085733520E-02  5.121776106811E-06 -1.211191724622E+00  1.585148879499E+00 -6.472859639288E-03  1.014853246929E-02 -3.675672829893E-03 -4.456062931297E-03 -5.089770224603E-04  1.827161910101E-06 -1.130190087008E-06 -2.360277254813E-06  1.532026756547E-02 -1.827161915534E-06  3.193296610495E-03  1.767946364364E-20 -1.519206199126E-21 -3.425856275777E-21 -2.746366364109E-04
  8.818794455535E+02  8.893794455535E+02  1.273204086239E+01  3.313331380095E-15 -9.248579896509E-02  1.623490907036E+02  7.736900863279E-02  1.575325054965E-01 -3.004691586922E-02  1.289066343375E-04 -1.170110106043E+00  1.568979469737E+00 -6.240719688990E-03  9.999611691082E-03 -3.758892002165E-03 -4.359565708504E-03 -7.103236844706E-04  1.624204035454E-09 -5.664989656140E-07 -2.591012256354E-06  1.684720038032E-02 -1.624204215001E-09  3.049641985086E-03  1.085947934031E-20 -1.935255458879E-21 -5.173572147322E-21 -2.828503688466E-04
  8.968794455535E+02  9.043794455535E+02  1.274963463421E+01  3.036237385644E-15 -9.012601780036E-02  1.627908582825E+02  7.002860234738E-02  1.539684563830E-01 -2.593365011441E-02  2.329781050756E-04 -1.143647983633E+00  1.554550644073E+00 -6.075565655404E-03  9.616894381408E-03 -3.541328726044E-03 -4.704449506025E-03 -6.628970622145E-04 -5.970060152260E-07  3.239414321326E-07 -1.316963177662E-06  1.839585254958E-02  5.970060075873E-07  5.371892161129E-03  4.476050590758E-21 -1.650523383211E-21 -6.628476243944E-21 -2.964629242852E-04
  9.118794455535E+02  9.193794455535E+02  1.276652822966E+01  3.074970110715E-15 -8.241228955505E-02  1.632151860687E+02  6.215891380718E-02  1.516305499818E-01 -2.196929913918E-02  2.349222465537E-04 -1.048006713336E+00  1.543006736685E+00 -5.891284094699E-03  9.436359748178E-03 -3.545075653450E-03 -4.712748955652E-03 -1.360028926932E-03  7.442323427748E-07  6.948708065430E-07 -3.874332018600E-07  1.931276805273E-02 -7.442323398781E-07  8.379645761311E-03  5.884212704809E-21 -3.679264665734E-21 -5.424988922528E-21 -3.021222107878E-04
  9.268794455535E+02  9.343794455535E+02  1.278584505741E+01  3.191971788159E-15 -7.440738594715E-02  1.637016316160E+02  5.354016289135E-02  1.504139197985E-01 -1.791098928397E-02  2.804791733438E-04 -9.493265888901E-01  1.534195208012E+00 -5.671286426432E-03  9.186865185260E-03 -3.515578758851E-03 -5.028103511887E-03 -1.515668482594E-03  3.638221711452E-07  8.496137733601E-07 -1.550625840426E-06  2.154305949071E-02 -3.638221766783E-07  1.003276567762E-02 -3.069650767455E-21  1.041452436046E-21 -4.051483905221E-21 -3.242110575141E-04
  9.418794455535E+02  9.493794455535E+02  1.280692004900E+01  2.993314508296E-15 -6.360691204484E-02  1.642355460652E+02  4.389118283925E-02  1.501009603585E-01 -1.377749132850E-02  2.266306393671E-04 -8.147088696547E-01  1.527674369410E+00 -5.555776252863E-03  9.025773441537E-03 -3.469997188614E-03 -5.296081559989E-03 -1.921610740091E-03  1.524098862654E-06  1.045816582179E-06 -1.041021329692E-06  2.420397284418E-02 -1.524098859759E-06  1.098643025487E-02  3.719800840520E-21  2.325271531065E-22 -1.166336576584E-20 -3.444702119559E-04
  9.568794455535E+02  9.643794455535E+02  1.283123484582E+01  2.409958481329E-15 -5.381278178256E-02  1.648565422964E+02  3.300050955635E-02  1.519425940935E-01 -9.711901618551E-03  2.506213711901E-04 -6.917571287227E-01  1.552622254335E+00 -5.518648947158E-03  9.063868706196E-03 -3.545219758985E-03 -5.792050645014E-03 -1.827607020976E-03  6.504500083984E-07  7.268609980622E-07 -1.270152802351E-06  2.869122468990E-02 -6.504500186766E-07  1.169032063727E-02 -2.735113989645E-21 -6.187784794451E-22 -3.652142805865E-21 -3.976413650744E-04
  9.718794455535E+02  9.793794455535E+02  1.286072473002E+01  1.447724734509E-15 -4.167895458870E-02  1.656130987888E+02  2.021512553550E-02  1.555378915562E-01 -5.573133711860E-03  2.837168634445E-04 -5.399840019224E-01  1.665332805451E+00 -5.809725732016E-03  9.891166068472E-03 -4.081440336458E-03 -7.046721268240E-03 -2.238587017829E-03  9.835177667922E-07  4.130723136246E-07 -1.187747692072E-06  3.487116905299E-02 -9.835177679740E-07  1.354064651380E-02 -3.369373039311E-21  4.639472213161E-22 -2.301005337871E-22 -5.057332468500E-04
  9.868794455535E+02  9.943794455535E+02  1.289661421599E+01  4.081179477121E-16 -2.841946499666E-02  1.665453259891E+02  4.178215841638E-03  1.713398714388E-01 -1.648279467897E-03  1.138478726681E-04 -3.736943165819E-01  1.655546212929E+00 -6.462867909344E-03  1.036794233854E-02 -3.905074429008E-03 -8.099378566143E-03 -2.192408028350E-03  9.358057101061E-07  2.170608609286E-07 -2.043695140448E-06  1.914326855289E-02 -9.358057178861E-07  7.072967225564E-03 -4.114582557686E-21  1.003203516831E-21  3.584275176348E-22 -2.330010942843E-04
