                   y                  ym                   U                   V                   W                 U^2                 V^2                 W^2                  UV                  VW                  UW                VISC               SFSxx               SFSyy               SFSzz               SFSxy               SFSyz                dUdX                dVdX                dWdX                dUdY                dVdY                dWdY                dUdZ                dVdZ                dWdZ              SFSxym
 -4.000000000000E+00 -2.000000000000E+00  0.000000000000E+00  0.000000000000E+00  0.000000000000E+00  0.000000000000E+00  0.000000000000E+00  0.000000000000E+00  0.000000000000E+00  0.000000000000E+00  0.000000000000E+00  0.000000000000E+00  0.000000000000E+00  0.000000000000E+00  0.000000000000E+00  0.000000000000E+00  0.000000000000E+00  0.000000000000E+00  0.000000000000E+00  0.000000000000E+00  0.000000000000E+00  0.000000000000E+00  0.000000000000E+00  0.000000000000E+00  0.000000000000E+00  0.000000000000E+00  0.000000000000E+00
  2.220446049250E-16  2.000000000000E+00  4.552324566779E+00  5.886791343742E-17 -6.482667228363E-02  2.185750981758E+01  2.840524012740E-02  3.575110796490E-01 -8.990176748303E-02 -5.107796080569E-04 -2.940714813631E-01  1.692208329076E+00  1.730641057745E-04  1.514112885995E-02 -1.531419296478E-02 -4.127676095876E+00  5.184846285013E-02 -3.949958654409E-04 -2.358645386619E-05  5.147981783577E-05  2.189854161920E+01  3.949958654415E-04 -2.863598055907E-01  9.863127270361E-21  9.475628339380E-24 -1.245843614161E-21 -2.386218236972E-02
  4.000000000000E+00  6.000000000000E+00  6.396836948825E+00  1.912916801234E-16 -7.838724269277E-02  4.279311682850E+01  1.200153779088E-01  4.802255872502E-01 -2.314362333560E-01  9.117247185601E-05 -5.127824798609E-01  4.599843406411E+00  2.726171929887E-01 -1.800822853330E-01 -9.253490765493E-02 -1.426389037075E+00 -2.011089626762E-03  1.901258851170E-04 -3.392616549172E-05  2.541704223092E-05  4.695471034094E+00 -1.901258851164E-04 -3.071016983306E-02  2.463419339694E-20 -6.438693434012E-22  1.286088685319E-20 -8.388614472537E-02
  8.000000000000E+00  1.000000000000E+01  6.899921964670E+00  3.581611280704E-16 -8.023202043045E-02  4.917543647763E+01  1.688208014097E-01  4.734653189182E-01 -2.210334831138E-01 -3.780751775462E-05 -5.663111028719E-01  5.158338967471E+00  1.155424741996E-01 -2.425774385719E-01  1.270349643748E-01 -5.809040029091E-01 -2.093841807161E-02  9.876402626737E-05 -1.332635542274E-05  1.486054399266E-05  1.945708295233E+00 -9.876402627171E-05 -4.229642803870E-03 -1.653807196647E-20 -5.680161161396E-21  4.581273544114E-20 -3.531636429024E-02
  1.200000000000E+01  1.400000000000E+01  7.369885239182E+00  5.407490499936E-16 -8.047173313663E-02  5.588184979457E+01  1.969115522703E-01  4.700326934323E-01 -2.430836128292E-01  2.131963959421E-04 -6.067465977836E-01  5.137759868911E+00  1.090714662848E-01 -2.274342388423E-01  1.183627725591E-01 -5.598398068951E-01 -1.636774602495E-03  9.383116518823E-07 -7.009342058770E-06 -6.366605607256E-06  1.590126699824E+00 -9.383116482303E-07  2.998682099438E-03 -2.186816648192E-20 -3.296051395548E-21  5.691149928563E-20 -3.000727426646E-02
  1.600000000000E+01  1.800000000000E+01  7.695131969692E+00  7.100553507435E-16 -7.862005586020E-02  6.071367431871E+01  2.161765114529E-01  4.664760386789E-01 -2.428026618749E-01  2.202772312781E-04 -6.191564795027E-01  4.869028014626E+00  9.015750520025E-02 -2.092845493839E-01  1.191270441825E-01 -3.922396631850E-01 -2.717425439394E-03  2.426946784354E-05 -9.546110770589E-06 -8.821630546385E-06  1.210855912983E+00 -2.426946784413E-05  9.211231712754E-03 -3.671591089685E-20  1.670513570242E-21  8.299109782308E-20 -2.244152699147E-02
  2.000000000000E+01  2.200000000000E+01  7.975280395688E+00  8.405555078650E-16 -7.586366035640E-02  6.508006701838E+01  2.310972523603E-01  4.645928062278E-01 -2.488122580517E-01  3.053715892632E-04 -6.197030538951E-01  4.688268597019E+00  8.070857215716E-02 -1.936156129605E-01  1.129070408020E-01 -3.322704661448E-01 -4.250400774149E-03  3.170962329083E-05 -1.103267083207E-05  1.289629139129E-05  1.011241983064E+00 -3.170962328996E-05  1.146553279586E-02 -2.156438647297E-20 -2.223202596125E-21  7.988904607523E-20 -1.872913729162E-02
  2.400000000000E+01  2.600000000000E+01  8.200741968126E+00  8.578000144690E-16 -7.297642014482E-02  6.869815997722E+01  2.431028433083E-01  4.612351915898E-01 -2.491313666235E-01  2.437582105957E-04 -6.126770153288E-01  4.479790471998E+00  7.019233745727E-02 -1.777355047336E-01  1.075431672759E-01 -2.672999320714E-01 -3.949340592599E-03  1.336771335032E-05 -1.242806133103E-05 -1.223022024424E-05  8.460671817671E-01 -1.336771335556E-05  1.066733052740E-02  2.422446612330E-21  1.936102030915E-21  1.115210051141E-19 -1.550376049482E-02
  2.800000000000E+01  3.000000000000E+01  8.398292976040E+00  9.426891414468E-16 -7.048308057030E-02  7.196168310021E+01  2.527409405227E-01  4.591515937621E-01 -2.509216337946E-01  2.284980335785E-04 -6.059475186787E-01  4.310411205360E+00  6.273858040844E-02 -1.642492585108E-01  1.015106781031E-01 -2.312138677852E-01 -3.501053942271E-03 -1.483932041589E-05 -1.470325074814E-05 -3.601061549113E-05  7.372302149313E-01  1.483932042920E-05  9.695641307081E-03 -1.851123970437E-20 -1.748613599201E-21  1.096171197069E-19 -1.342982422233E-02
  3.200000000000E+01  3.400000000000E+01  8.569258001142E+00  1.154234621654E-15 -6.808459260385E-02  7.484974682829E+01  2.603155335177E-01  4.566787650210E-01 -2.507921950303E-01  1.897700673672E-04 -5.972635146684E-01  4.150902132116E+00  5.608393244452E-02 -1.524424487109E-01  9.635851626533E-02 -1.993708496134E-01 -3.563662440532E-03 -1.278892244406E-06 -1.301559177520E-05 -9.264327734342E-06  6.516326723144E-01  1.278892236317E-06  9.384208423039E-03  2.912694470192E-22 -9.999733970385E-21  1.052326604471E-19 -1.176931970694E-02
  3.600000000000E+01  3.800000000000E+01  8.724066266273E+00  1.253392933424E-15 -6.583988789903E-02  7.752006822559E+01  2.661959731390E-01  4.541577942870E-01 -2.510078544909E-01  1.353534438022E-04 -5.879585530152E-01  4.011241354271E+00  5.095045351430E-02 -1.424770564736E-01  9.152660296092E-02 -1.781159221971E-01 -3.054442793414E-03  1.394871917623E-05 -8.378231449236E-06  1.460623744966E-05  5.895152463317E-01 -1.394871917369E-05  7.525361079801E-03 -2.819859252008E-21 -1.482805095626E-21  1.066370341001E-19 -1.055318242892E-02
  4.000000000000E+01  4.200000000000E+01  8.864036324277E+00  1.441869338046E-15 -6.429692164609E-02  7.997677336203E+01  2.706812441391E-01  4.512775890959E-01 -2.505236819533E-01  9.560858060427E-05 -5.832295262417E-01  3.882825585326E+00  4.656462566555E-02 -1.335848899685E-01  8.702026430384E-02 -1.598116806152E-01 -2.342192456275E-03  2.478857316973E-05 -4.839546751689E-06  7.446895224219E-06  5.381856903894E-01 -2.478857318213E-05  5.661873934350E-03  1.509674971248E-20 -5.916486695872E-23  1.414019557896E-19 -9.549086573249E-03
  4.400000000000E+01  4.600000000000E+01  8.993171072472E+00  1.852627715589E-15 -6.298670075788E-02  8.228065607454E+01  2.739981810874E-01  4.487713532705E-01 -2.500477251695E-01  4.559508818225E-05 -5.793025850515E-01  3.766748281692E+00  4.270745110229E-02 -1.258067402573E-01  8.309928915484E-02 -1.460949660670E-01 -2.198119178420E-03 -3.902627156552E-06 -2.146223982393E-06 -4.452108417587E-06  4.971649206535E-01  3.902627149874E-06  4.955989254016E-03  6.664194819571E-21 -1.285421187216E-21  1.182183915387E-19 -8.745271593012E-03
  4.800000000000E+01  5.000000000000E+01  9.112633295513E+00  2.398154013335E-15 -6.189568188196E-02  8.444302462785E+01  2.763529031412E-01  4.464299957616E-01 -2.493346056592E-01  9.633472776609E-06 -5.760712897186E-01  3.662999622553E+00  3.956604284636E-02 -1.190441708717E-01  7.947812802488E-02 -1.340912733703E-01 -1.819396904585E-03 -9.290837495747E-06  9.282008797315E-08 -1.711546534252E-05  4.626655187370E-01  9.290837510064E-06  3.729006675412E-03  6.396792427643E-21  4.420716088963E-21  1.000141603108E-19 -8.074078775577E-03
  5.200000000000E+01  5.400000000000E+01  9.224539791107E+00  3.104560156407E-15 -6.117458779357E-02  8.649646968170E+01  2.779471540134E-01  4.435047199040E-01 -2.485166862072E-01 -4.152652022799E-05 -5.749546676450E-01  3.569374573355E+00  3.700347964742E-02 -1.131704485612E-01  7.616696891435E-02 -1.245252216715E-01 -1.303706273364E-03  2.022838917119E-05  1.197969513818E-06 -6.359967863454E-06  4.345711158458E-01 -2.022838919337E-05  2.368143342866E-03  2.006014089487E-20 -9.703870593167E-23  1.060772262109E-19 -7.521033293752E-03
  5.600000000000E+01  5.800000000000E+01  9.329974200474E+00  3.957467527872E-15 -6.067350270839E-02  8.845460126066E+01  2.789118640510E-01  4.403262253950E-01 -2.476093596512E-01 -7.017655941972E-05 -5.752610143350E-01  3.480098225909E+00  3.453761198229E-02 -1.075954150127E-01  7.305780303092E-02 -1.162400624681E-01 -1.039190510937E-03  2.722164552513E-05  9.586378666618E-07  4.660647114176E-07  4.093650786830E-01 -2.722164549785E-05  1.685497784412E-03  1.868587177968E-20 -8.721419050287E-21  9.871078108066E-20 -7.021462083497E-03
  6.000000000000E+01  6.200000000000E+01  9.429244116957E+00  4.801075769584E-15 -6.030534020603E-02  9.032000656073E+01  2.792896891216E-01  4.368476306765E-01 -2.466442165036E-01 -1.083739291319E-04 -5.762329967331E-01  3.397852445519E+00  3.248933245789E-02 -1.027687619071E-01  7.027942944908E-02 -1.086425230142E-01 -9.668583882703E-04 -2.308385361404E-05 -6.345025004199E-07  3.813463863252E-06  3.867529327722E-01  2.308385362542E-05  1.605508756439E-03  2.130079449554E-20 -1.668142031197E-21  1.050820027211E-19 -6.567565459895E-03
  6.400000000000E+01  6.600000000000E+01  9.523337132954E+00  5.527719269006E-15 -5.991600314116E-02  9.210608432290E+01  2.791615156807E-01  4.329858308599E-01 -2.456061159046E-01 -1.234675638974E-04 -5.767764004794E-01  3.317404934334E+00  3.041692654377E-02 -9.815652554757E-02  6.773959900399E-02 -1.016120931639E-01 -9.730961152244E-04 -1.197675622101E-05 -1.810803244410E-06  9.125722389300E-06  3.668623025660E-01  1.197675624111E-05  1.355205949241E-03  1.309775405719E-20 -9.188925153050E-21  1.124382465107E-19 -6.156709451962E-03
  6.800000000000E+01  7.000000000000E+01  9.612666864181E+00  6.259098202117E-15 -5.965167223496E-02  9.381829590844E+01  2.786075479027E-01  4.292623891597E-01 -2.445233517593E-01 -1.520403226896E-04 -5.782259357726E-01  3.239268848724E+00  2.847009985064E-02 -9.384496501512E-02  6.537486516426E-02 -9.542467285579E-02 -8.399117862442E-04 -3.695372585121E-06 -2.382277741461E-06  6.306885688833E-06  3.487044630497E-01  3.695372594965E-06  1.438990126087E-03  3.477383523810E-20 -6.999609076996E-21  1.046044193346E-19 -5.786299406246E-03
  7.200000000000E+01  7.400000000000E+01  9.697673344607E+00  6.527862704958E-15 -5.917767666851E-02  9.546207292589E+01  2.776904909447E-01  4.254871831046E-01 -2.433913545956E-01 -1.751569766780E-04 -5.776584355973E-01  3.165204911889E+00  2.679578119321E-02 -8.980752211196E-02  6.301174091910E-02 -8.990728667798E-02 -8.229360839586E-04 -1.621826950375E-05 -1.968993489942E-06  4.381919818459E-06  3.324127792868E-01  1.621826949933E-05  2.113301153140E-03  2.446377869203E-20 -3.557669333867E-21  1.060566217071E-19 -5.458672864988E-03
  7.600000000000E+01  7.800000000000E+01  9.778875914716E+00  6.303030724667E-15 -5.860042051397E-02  9.704560412352E+01  2.765112842224E-01  4.213873037960E-01 -2.421791626000E-01 -1.898737808574E-04 -5.758338955144E-01  3.097398522405E+00  2.533471559561E-02 -8.624591318313E-02  6.091119758755E-02 -8.495470375993E-02 -8.286281182502E-04 -6.483220588754E-06 -4.517531120139E-07  2.542607714910E-06  3.182065000604E-01  6.483220573133E-06  2.402160923327E-03  3.756310035196E-20 -6.661477793225E-21  1.058162746544E-19 -5.163193802760E-03
  8.000000000000E+01  8.200000000000E+01  9.856797615240E+00  6.122126207317E-15 -5.799510911695E-02  9.857711100229E+01  2.751534575408E-01  4.172214750494E-01 -2.409909656032E-01 -2.104434868443E-04 -5.735080899949E-01  3.030373204916E+00  2.396980279657E-02 -8.268014077219E-02  5.871033797575E-02 -8.038480168590E-02 -7.741101187459E-04 -7.901166123353E-06  3.172167719737E-07 -3.473798278790E-07  3.050950575492E-01  7.901166134502E-06  1.936916090564E-03  4.502438212442E-20 -3.320280836371E-21  9.957229959273E-20 -4.891710178031E-03
  8.400000000000E+01  8.600000000000E+01  9.931410014374E+00  5.918792221384E-15 -5.764337090359E-02  1.000547658272E+02  2.736234702063E-01  4.132071142693E-01 -2.397178275037E-01 -2.365487249954E-04 -5.732433882482E-01  2.969187644073E+00  2.274034638894E-02 -7.951174545577E-02  5.677139906649E-02 -7.619926125518E-02 -6.333528904970E-04  2.719329761354E-06  1.116053861352E-06 -8.402437754396E-08  2.925093952584E-01 -2.719329772504E-06  8.379465432677E-04  4.348837576722E-20  5.317336652356E-21  9.486014766862E-20 -4.642597528441E-03
  8.800000000000E+01  9.000000000000E+01  1.000305723499E+01  5.786671489205E-15 -5.757638407140E-02  1.014834668621E+02  2.719672569721E-01  4.091188839476E-01 -2.384717741988E-01 -2.725568536426E-04 -5.753508684104E-01  2.907997084299E+00  2.155257920470E-02 -7.649351464032E-02  5.494093543506E-02 -7.236383249927E-02 -4.199556504798E-04  5.790187921006E-07  1.865302077923E-06 -9.657386841991E-07  2.809802145299E-01 -5.790187880355E-07  1.568579319341E-04  5.324371951672E-20 -2.928092257267E-21  1.060073558751E-19 -4.404821504977E-03
  9.200000000000E+01  9.400000000000E+01  1.007190627002E+01  5.804297165153E-15 -5.754658987339E-02  1.028651216532E+02  2.702337961411E-01  4.049231783894E-01 -2.371792913533E-01 -3.079148232367E-04 -5.773859488391E-01  2.847378182121E+00  2.032065197411E-02 -7.345643070846E-02  5.313577873433E-02 -6.863697312269E-02 -2.057812070834E-04  5.357274023006E-06  2.864421304193E-06  4.250268917932E-06  2.693483404332E-01 -5.357274030474E-06 -7.530424849236E-04  4.775111934510E-20 -5.043273451185E-21  9.495559523862E-20 -4.173485461308E-03
  9.600000000000E+01  9.800000000000E+01  1.013776051643E+01  5.794430058022E-15 -5.791991567927E-02  1.041954497030E+02  2.683917275043E-01  4.007986301033E-01 -2.358911044047E-01 -3.413492658310E-04 -5.834563149877E-01  2.790801919127E+00  1.928438916725E-02 -7.080074957298E-02  5.151636040546E-02 -6.491499189563E-02  8.882125279385E-05 -4.627162089245E-07  2.473409090656E-06  3.235712037151E-06  2.584664788468E-01  4.627162145689E-07 -1.904094424357E-03  3.487889565137E-20  1.279639945888E-22  9.218550483256E-20 -3.947852008202E-03
  1.000000000000E+02  1.020000000000E+02  1.020118544297E+01  5.845851725148E-15 -5.847100859189E-02  1.054838567546E+02  2.664607567368E-01  3.965706401028E-01 -2.345808394814E-01 -3.816889304571E-04 -5.915272437967E-01  2.736517658604E+00  1.816785850563E-02 -6.818548555027E-02  5.001762704463E-02 -6.153189172642E-02  2.278294179684E-04 -1.955065732124E-05 -1.815323062408E-07 -2.416078483649E-06  2.486456980967E-01  1.955065731270E-05 -2.262129316726E-03  5.710052030940E-20  6.063433772136E-21  8.102237718359E-20 -3.744203364375E-03
  1.040000000000E+02  1.060000000000E+02  1.026202774882E+01  6.040433452904E-15 -5.904251031560E-02  1.067261600449E+02  2.644552894945E-01  3.923246817969E-01 -2.332570384533E-01 -4.191222392282E-04 -6.000928701268E-01  2.679362924797E+00  1.708755106708E-02 -6.558130303670E-02  4.849375196989E-02 -5.824151703692E-02  3.808981240216E-04 -5.168179365850E-07 -7.164006475911E-07 -2.618883367196E-06  2.384219064564E-01  5.168179525917E-07 -2.539245847936E-03  3.724433068628E-20 -3.566963660010E-21  9.495221306826E-20 -3.543199786122E-03
  1.080000000000E+02  1.100000000000E+02  1.032031729350E+01  6.165821976253E-15 -5.973410695384E-02  1.079218279337E+02  2.623503548040E-01  3.882031371303E-01 -2.319103217701E-01 -4.519731660085E-04 -6.098880375732E-01  2.627165121240E+00  1.620058343025E-02 -6.329529259404E-02  4.709470916409E-02 -5.516937290711E-02  4.820039895530E-04  1.020832772571E-05  1.217561585839E-06  4.690152109111E-06  2.283868022192E-01 -1.020832772516E-05 -3.217667094050E-03  6.159420141546E-20 -7.258281995684E-22  9.264673255462E-20 -3.353643661877E-03
  1.120000000000E+02  1.140000000000E+02  1.037623954227E+01  6.208791944115E-15 -6.064684297234E-02  1.090747120830E+02  2.601732710688E-01  3.839423635208E-01 -2.305557785702E-01 -4.836434227619E-04 -6.220602857267E-01  2.576277715631E+00  1.543505947117E-02 -6.123367352873E-02  4.579861405813E-02 -5.223039850520E-02  6.364960737300E-04  4.634655446742E-06  1.941376805671E-06  6.786103023964E-06  2.188089664942E-01 -4.634655434037E-06 -3.877956792528E-03  7.212866663412E-20 -5.884359667770E-21  7.519338820736E-20 -3.177763936482E-03
  1.160000000000E+02  1.180000000000E+02  1.042975749857E+01  6.175285832457E-15 -6.167962881754E-02  1.101824024036E+02  2.579729059433E-01  3.795028364709E-01 -2.291926916426E-01 -5.251436691117E-04 -6.356024605411E-01  2.528612349146E+00  1.472949021764E-02 -5.923410704872E-02  4.450461683140E-02 -4.954239994802E-02  7.705458502487E-04 -6.737278072893E-06  1.428353613808E-06  6.292635675078E-06  2.098080027640E-01  6.737278066909E-06 -4.444693835298E-03  6.792561737667E-20 -1.014007833317E-20  8.180059538563E-20 -3.017311291444E-03
  1.200000000000E+02  1.220000000000E+02  1.048109991702E+01  6.015085565053E-15 -6.286834924712E-02  1.112493941583E+02  2.557896082873E-01  3.751577742223E-01 -2.278122958491E-01 -5.456784288846E-04 -6.511339546112E-01  2.482268869844E+00  1.389244167488E-02 -5.724619814633E-02  4.335375647179E-02 -4.701170535143E-02  8.830884010962E-04 -1.007365661290E-05  2.616130114575E-06 -6.428145654617E-06  2.014637082950E-01  1.007365661871E-05 -4.537649206724E-03  5.500117359366E-20 -2.146096813146E-21  1.023375415359E-19 -2.864503810959E-03
  1.240000000000E+02  1.260000000000E+02  1.053045035646E+01  5.812727180375E-15 -6.395673037883E-02  1.122789521959E+02  2.536445152138E-01  3.707632846883E-01 -2.264423172847E-01 -5.615401925261E-04 -6.656482339960E-01  2.436410360214E+00  1.323714806390E-02 -5.541651737958E-02  4.217936931586E-02 -4.463735660007E-02  8.675183588561E-04  1.289375949997E-05  5.152087163444E-06 -1.724117327148E-05  1.927568974693E-01 -1.289375951728E-05 -4.525558315411E-03  4.870107365049E-20 -5.467066958881E-21  7.754693915070E-20 -2.717446552488E-03
  1.280000000000E+02  1.300000000000E+02  1.057755164805E+01  5.406420681512E-15 -6.516089012925E-02  1.132647872032E+02  2.515651771900E-01  3.663388153064E-01 -2.250297657902E-01 -5.811178218765E-04 -6.814065898670E-01  2.392954612692E+00  1.262723290553E-02 -5.376482740150E-02  4.113759449608E-02 -4.225818012806E-02  8.412530506639E-04  8.698534143620E-06  4.649932713532E-06 -5.366798370638E-06  1.840937372430E-01 -8.698534134071E-06 -4.909506602405E-03  6.937548224179E-20 -1.163271376492E-20  7.539248298231E-20 -2.571049745712E-03
  1.320000000000E+02  1.340000000000E+02  1.062253482660E+01  4.854355054503E-15 -6.641688404144E-02  1.142094211230E+02  2.495617140978E-01  3.622248358335E-01 -2.236425603126E-01 -6.114948366711E-04 -6.978980283542E-01  2.350668220650E+00  1.208228854268E-02 -5.211082855103E-02  4.002854000811E-02 -4.005340178088E-02  8.332887362572E-04 -6.618372891951E-06  2.305870930682E-06  6.285797286440E-06  1.761322679961E-01  6.618372872106E-06 -5.082461016399E-03  6.860330297756E-20 -1.062004312656E-21  7.274809120767E-20 -2.436536856820E-03
  1.360000000000E+02  1.380000000000E+02  1.066556704415E+01  4.469424107432E-15 -6.767406505136E-02  1.151159798595E+02  2.476436259630E-01  3.581141972314E-01 -2.222321538031E-01 -6.335047316569E-04 -7.144343427534E-01  2.308550732895E+00  1.157071180926E-02 -5.044459117952E-02  3.887387937030E-02 -3.798120193160E-02  8.031900960440E-04  2.591610587921E-06  1.913038930082E-06  2.246257815085E-06  1.685946296331E-01 -2.591610570491E-06 -4.904495655030E-03  8.528695521864E-20 -8.664896196488E-21  8.508836639604E-20 -2.314327298454E-03
  1.400000000000E+02  1.420000000000E+02  1.070681657358E+01  4.059715237592E-15 -6.885428200668E-02  1.159874970006E+02  2.458427316776E-01  3.543719766378E-01 -2.208034456281E-01 -6.431415383357E-04 -7.300855724486E-01  2.268613042363E+00  1.108894365092E-02 -4.894344046111E-02  3.785449681007E-02 -3.607651703567E-02  6.976626606283E-04 -1.849687636556E-06  2.493056400748E-06 -6.644186721763E-06  1.613482545439E-01  1.849687613013E-06 -4.379660253759E-03  7.239461449713E-20  2.126127070615E-21  8.689555156504E-20 -2.198989225673E-03
  1.440000000000E+02  1.460000000000E+02  1.074623855201E+01  3.759023329876E-15 -6.988634230448E-02  1.168218165944E+02  2.441495235721E-01  3.509295172775E-01 -2.193813333670E-01 -6.525039816043E-04 -7.445616669272E-01  2.230075046483E+00  1.055583813248E-02 -4.755134433178E-02  3.699550619975E-02 -3.427918043181E-02  5.944460724933E-04 -8.406195386394E-06  2.997685224345E-06 -4.923016440554E-06  1.539313692493E-01  8.406195390393E-06 -3.793374632814E-03  6.466667293535E-20 -7.002055551278E-21  6.810823008887E-20 -2.084852436870E-03
  1.480000000000E+02  1.500000000000E+02  1.078377019773E+01  3.790944554799E-15 -7.077310502066E-02  1.176178724167E+02  2.425460020389E-01  3.477067818047E-01 -2.179348348022E-01 -6.568672376523E-04 -7.577039587784E-01  2.192826733579E+00  1.002185554544E-02 -4.617184652079E-02  3.614999097577E-02 -3.249938591937E-02  4.648190695070E-04  3.038974191518E-06  3.437533627097E-06  2.189521854035E-06  1.469511953132E-01 -3.038974197762E-06 -3.202858122602E-03  8.130057984046E-20  1.800519833666E-21  6.604934428776E-20 -1.982828013023E-03
  1.520000000000E+02  1.540000000000E+02  1.081970507588E+01  3.721174410276E-15 -7.148301412929E-02  1.183809701570E+02  2.410103721033E-01  3.446227321197E-01 -2.164869766441E-01 -6.702668596078E-04 -7.690868353286E-01  2.156877585904E+00  9.495805903564E-03 -4.484039755411E-02  3.534459165086E-02 -3.091850138123E-02  3.513614236765E-04  7.797473116677E-06  3.312103630132E-06  4.524216442130E-06  1.400544201190E-01 -7.797473116103E-06 -2.586286460626E-03  6.753834632608E-20 -5.448915609788E-21  7.149022871666E-20 -1.881536287931E-03
  1.560000000000E+02  1.580000000000E+02  1.085378839583E+01  3.580775143989E-15 -7.206609211924E-02  1.191054045999E+02  2.395345559286E-01  3.417865317191E-01 -2.150258271959E-01 -6.847534838946E-04 -7.791809329799E-01  2.123290583286E+00  9.072410202664E-03 -4.371857042306E-02  3.464616022017E-02 -2.931440918447E-02  2.624221302604E-04  4.538237325317E-06  2.530572080067E-06  4.981117084183E-06  1.336481267294E-01 -4.538237332662E-06 -2.375178862870E-03  7.392493935976E-20  1.033696493447E-21  6.324663507875E-20 -1.787003240385E-03
  1.600000000000E+02  1.620000000000E+02  1.088653681339E+01  3.652390166929E-15 -7.266896749964E-02  1.198029120373E+02  2.381427422825E-01  3.392281675352E-01 -2.135741230769E-01 -6.911002217253E-04 -7.895792249015E-01  2.093025068256E+00  8.700566531656E-03 -4.270875108845E-02  3.400818455719E-02 -2.790293159947E-02  1.875307813218E-04 -1.732207408421E-08  7.849741055568E-07  3.360402427763E-06  1.280868727029E-01  1.732207587480E-08 -2.489721496578E-03  8.080925209127E-20 -5.488178877730E-21  6.283766705727E-20 -1.699629051858E-03
  1.640000000000E+02  1.660000000000E+02  1.091781454578E+01  3.609920666790E-15 -7.330154037639E-02  1.204700832884E+02  2.368726304121E-01  3.367415687943E-01 -2.120985699587E-01 -7.074653210065E-04 -8.000468067517E-01  2.062065444401E+00  8.316706722718E-03 -4.161250625245E-02  3.329579952957E-02 -2.656200931292E-02  2.027048579727E-04 -1.279643487211E-05 -9.171211411927E-07 -1.385009166250E-06  1.222106651372E-01  1.279643486795E-05 -2.438541687013E-03  6.282579673301E-20 -1.214816985515E-20  6.432899861511E-20 -1.615136691923E-03
  1.680000000000E+02  1.700000000000E+02  1.094761099151E+01  3.434938242406E-15 -7.386867687348E-02  1.211063680492E+02  2.357117783931E-01  3.341325139937E-01 -2.106306548082E-01 -7.049144723356E-04 -8.096617841919E-01  2.032312793265E+00  7.901249361357E-03 -4.054055787676E-02  3.263930851536E-02 -2.516137551383E-02  1.984384700817E-04  5.462654397844E-06 -1.581208425689E-06  3.885800982254E-06  1.168204224333E-01 -5.462654400413E-06 -2.036077507447E-03  6.546631676444E-20 -1.475515204787E-20  5.328364006694E-20 -1.536558144432E-03
  1.720000000000E+02  1.740000000000E+02  1.097625206367E+01  3.491004071469E-15 -7.428632509796E-02  1.217183750820E+02  2.346231502720E-01  3.314856129309E-01 -2.091577987557E-01 -7.083298281878E-04 -8.176106363268E-01  2.005517125464E+00  7.623188124656E-03 -3.958000801523E-02  3.195681989049E-02 -2.399979465151E-02  1.124047529574E-04  1.301913140427E-05 -2.837611982292E-06  5.186168007648E-06  1.122687311904E-01 -1.301913141113E-05 -1.666009100971E-03  6.589468964889E-20 -1.076188224270E-20  6.117676880813E-20 -1.467377838332E-03
  1.760000000000E+02  1.780000000000E+02  1.100377412472E+01  3.480743977190E-15 -7.468466005709E-02  1.223074724204E+02  2.336164216568E-01  3.287434648517E-01 -2.076712814538E-01 -7.161037816607E-04 -8.251860950194E-01  1.979968535073E+00  7.369998229291E-03 -3.869388402810E-02  3.132388579887E-02 -2.292453941898E-02  1.460264283338E-04  1.000644963307E-06 -4.754976420044E-06  1.341612695286E-06  1.076378956925E-01 -1.000644968063E-06 -1.310711216132E-03  8.911887183423E-20 -1.489061247329E-21  6.422755242804E-20 -1.398784431668E-03
  1.800000000000E+02  1.820000000000E+02  1.103004121817E+01  3.273515645473E-15 -7.494212948013E-02  1.228704946724E+02  2.326897474684E-01  3.261895714089E-01 -2.062018032350E-01 -7.221257192787E-04 -8.310062056108E-01  1.955181937973E+00  7.065243563842E-03 -3.779996204490E-02  3.073471848086E-02 -2.186101386469E-02  1.168485201972E-04 -4.326033015004E-06 -5.361597212925E-06  1.193292718383E-06  1.032357923521E-01  4.326033009503E-06 -8.951928086021E-04  6.384591550372E-20 -1.487865991385E-20  5.590236150809E-20 -1.337149771362E-03
  1.840000000000E+02  1.860000000000E+02  1.105535076031E+01  3.183227227817E-15 -7.513052560508E-02  1.234126929708E+02  2.318445260469E-01  3.238961288294E-01 -2.046939994786E-01 -7.271123383766E-04 -8.360126589463E-01  1.931217804889E+00  6.787582233939E-03 -3.696763915158E-02  3.018005691776E-02 -2.096245365767E-02  8.582018720026E-05  2.462960313399E-06 -4.333359171047E-06  3.587440049905E-06  9.871606078893E-02 -2.462960318991E-06 -4.373062116933E-04  8.773487040237E-20 -8.017925419738E-21  4.997112878916E-20 -1.277934743054E-03
  1.880000000000E+02  1.900000000000E+02  1.107941137277E+01  3.114715336055E-15 -7.515769032222E-02  1.239282524078E+02  2.310729567033E-01  3.217136491296E-01 -2.032441319462E-01 -7.273241508128E-04 -8.390729945333E-01  1.909060032375E+00  6.539806519057E-03 -3.622398426690E-02  2.968417774807E-02 -1.992193001041E-02 -1.201298537446E-05  1.059118531264E-05 -3.626154190281E-06  4.771241576923E-06  9.456879450366E-02 -1.059118531572E-05  2.839835054577E-04  7.168540390224E-20 -7.239473021613E-21  5.737368373347E-20 -1.224361733667E-03
  1.920000000000E+02  1.940000000000E+02  1.110267646276E+01  2.906782381346E-15 -7.499685348651E-02  1.244264274484E+02  2.303553281319E-01  3.192826485740E-01 -2.017153323875E-01 -7.310654645726E-04 -8.399577176138E-01  1.887009942356E+00  6.331930695280E-03 -3.552777736667E-02  2.919584667107E-02 -1.920907850554E-02 -1.090492271089E-04  3.942382973215E-06 -4.214260526599E-06  9.975381545446E-06  9.088981314191E-02 -3.942382969213E-06  8.200465559870E-04  6.396350520995E-20 -1.100225076743E-20  5.762315582550E-20 -1.173795668803E-03
  1.960000000000E+02  1.980000000000E+02  1.112484692705E+01  2.785464675754E-15 -7.474408167446E-02  1.249018405402E+02  2.297371348074E-01  3.170156277875E-01 -2.002924006548E-01 -7.511987413759E-04 -8.395874255949E-01  1.868566046037E+00  6.122169080754E-03 -3.488626200320E-02  2.876409292243E-02 -1.835123650210E-02 -2.214679744437E-04 -1.984409148805E-06 -3.960712185157E-06  8.361145830146E-06  8.764188915975E-02  1.984409146346E-06  1.210309399650E-03  7.959219441310E-20 -1.880454245669E-21  5.008276183054E-20 -1.122447688837E-03
  2.000000000000E+02  2.020600000000E+02  1.114649909560E+01  2.668191093958E-15 -7.437423115327E-02  1.253656720054E+02  2.291572618258E-01  3.145924774856E-01 -1.987476196457E-01 -7.638737286660E-04 -8.378409585997E-01  1.849516635042E+00  5.657548032403E-03 -3.365170567020E-02  2.799415763763E-02 -1.769801181015E-02 -6.903690759565E-05  8.176998173731E-06 -2.958777688577E-06 -2.573369463958E-06  8.306139870002E-02 -8.176998170356E-06  1.589879208136E-03  6.666528789553E-20 -5.883840828016E-21  5.263769917747E-20 -1.088310037220E-03
  2.041200000000E+02  2.062418000000E+02  1.116767155427E+01  2.327967128602E-15 -7.394416754446E-02  1.258193567978E+02  2.286684508175E-01  3.123044788637E-01 -1.972054416949E-01 -7.884057547624E-04 -8.352871573334E-01  1.832026339655E+00  5.157486899265E-03 -3.244427468539E-02  2.728678778603E-02 -1.705616554473E-02 -1.066610291157E-04  4.494900340637E-07 -3.250545444532E-06 -3.495385906044E-06  7.899495448125E-02 -4.494900493546E-07  1.715552893741E-03  8.153526683641E-20 -1.178132421497E-20  6.342701441439E-20 -1.046536053528E-03
  2.083636000000E+02  2.105490540000E+02  1.118841147614E+01  1.851481587403E-15 -7.349323668024E-02  1.262634246089E+02  2.282373854538E-01  3.101256058094E-01 -1.955685733308E-01 -8.130825620727E-04 -8.324711394477E-01  1.816531433249E+00  4.643990160176E-03 -3.123543179799E-02  2.659144163787E-02 -1.646699722826E-02 -8.144290827111E-05 -5.367503748682E-06 -3.793211252524E-06  2.326139463307E-06  7.550764948811E-02  5.367503763783E-06  1.800839049000E-03  8.471968652974E-20 -5.113226897650E-21  5.111860211045E-20 -1.010276211247E-03
  2.127345080000E+02  2.149855256200E+02  1.120890899270E+01  1.212176662576E-15 -7.296439764255E-02  1.267024067374E+02  2.278456919351E-01  3.082114230373E-01 -1.939190166803E-01 -8.326825453466E-04 -8.286210113060E-01  1.802588622558E+00  4.154132115318E-03 -3.007226980246E-02  2.591813768704E-02 -1.590266917620E-02 -1.968971170295E-04  1.326468939868E-06 -3.410321065589E-06 -3.067232727603E-06  7.204640586913E-02 -1.326468959540E-06  2.434196623060E-03  8.125300501601E-20 -5.523578501328E-21  4.158730097208E-20 -9.760470530986E-04
  2.172365432400E+02  2.195550913886E+02  1.122895534643E+01  7.142561643409E-16 -7.213623113249E-02  1.271319574402E+02  2.275191138059E-01  3.062276156296E-01 -1.922111227848E-01 -8.534573647991E-04 -8.213276187622E-01  1.786893124064E+00  3.695991744271E-03 -2.886671742762E-02  2.517072568307E-02 -1.535537357844E-02 -2.765705869327E-04  5.728541976981E-06 -3.020229148113E-06  2.306970534398E-07  6.850362829602E-02 -5.728541974321E-06  2.485394681881E-03  9.149470325972E-20 -8.794847014404E-21  3.171801904208E-20 -9.419927663739E-04
  2.218736395372E+02  2.242617441303E+02  1.124863886642E+01  4.610988601934E-16 -7.153012835671E-02  1.275533784826E+02  2.272776385500E-01  3.041459868616E-01 -1.904588275388E-01 -8.976195254994E-04 -8.165397005379E-01  1.773015808865E+00  3.274602349557E-03 -2.766815956941E-02  2.439355721988E-02 -1.483162461102E-02 -1.634964507550E-04  7.718156761166E-06 -3.328628590252E-06  4.565334299379E-06  6.559535761224E-02 -7.718156767559E-06  1.734837642271E-03  7.775804108417E-20 -6.655975134725E-21  3.910810861341E-20 -9.141247667743E-04
  2.266498487233E+02  2.291095964542E+02  1.126814046431E+01  1.404686913661E-16 -7.108701503071E-02  1.279708526775E+02  2.270916484726E-01  3.021992931154E-01 -1.886525622390E-01 -9.117295026290E-04 -8.136074088838E-01  1.760174825683E+00  2.837473125697E-03 -2.641673253933E-02  2.357925941370E-02 -1.443107339249E-02 -1.209307081358E-04 -2.940133784784E-06 -3.865887787165E-06 -1.112365958702E-06  6.306182305909E-02  2.940133786654E-06  1.604040042150E-03  8.618735438975E-20 -6.205452211604E-21  4.310676127393E-20 -8.892230315896E-04
  2.315693441850E+02  2.341028843478E+02  1.128739954376E+01 -1.818239478973E-16 -7.054576920277E-02  1.283833282165E+02  2.269354131297E-01  3.001939126149E-01 -1.867985242439E-01 -9.518674019436E-04 -8.094658015558E-01  1.746920062272E+00  2.371583407973E-03 -2.514179326628E-02  2.277020985833E-02 -1.404706627039E-02 -1.167534350726E-04 -3.002788584770E-08 -3.344194008777E-06 -1.627116495118E-06  6.026351223725E-02  3.002788242421E-08  1.536512017875E-03  9.747711728485E-20 -7.198463845332E-21  4.102492517783E-20 -8.637028923440E-04
  2.366364245106E+02  2.392459708782E+02  1.130628719089E+01 -2.818973195245E-16 -7.012745585310E-02  1.287881766188E+02  2.267713068591E-01  2.982223231144E-01 -1.849042911218E-01 -9.725652201963E-04 -8.063471834964E-01  1.734113804773E+00  1.869619587206E-03 -2.379322530340E-02  2.192360571609E-02 -1.360414764814E-02 -3.161125390500E-05  4.760289512809E-06 -2.075724767617E-06  3.134152870003E-06  5.801539768420E-02 -4.760289519159E-06  1.049483812435E-03  9.388626709523E-20 -9.725378256627E-21  4.068161113347E-20 -8.414601740066E-04
  2.418555172459E+02  2.445433500046E+02  1.132525316023E+01 -1.471057433852E-16 -6.987020306177E-02  1.291954347030E+02  2.265428152472E-01  2.965524463905E-01 -1.829500224126E-01 -1.018210006749E-03 -8.049746374893E-01  1.724320325733E+00  1.437244350293E-03 -2.253707092476E-02  2.109982657461E-02 -1.336323126609E-02  1.974543059244E-05  3.001087943488E-06 -1.465058962294E-06  1.411453923473E-06  5.670371208935E-02 -3.001087942285E-06  8.183322694809E-04  7.613700591053E-20 -1.833675713547E-20  3.716645664597E-20 -8.267067371305E-04
  2.472311827633E+02  2.499996505047E+02  1.134439130167E+01 -5.049536093080E-18 -6.958759096096E-02  1.296075105650E+02  2.262514850428E-01  2.953077188075E-01 -1.809650813732E-01 -1.041053156867E-03 -8.034339690792E-01  1.716348769020E+00  9.811187119274E-04 -2.134705415028E-02  2.036593543837E-02 -1.313285999915E-02 -3.343349284327E-06 -2.093628761506E-06 -1.065885580157E-06  1.917612757847E-06  5.505837013499E-02  2.093628765054E-06  6.930714069174E-04  7.799920749764E-20 -1.530885782765E-20  3.664070244366E-20 -8.115547853703E-04
  2.527681182462E+02  2.556196400198E+02  1.136335015375E+01 -5.835638685244E-17 -6.939740298244E-02  1.300161190270E+02  2.259123112167E-01  2.944577012443E-01 -1.789121003678E-01 -1.071104525945E-03 -8.026799007012E-01  1.708452326867E+00  6.104737542488E-04 -2.008893778284E-02  1.947846402857E-02 -1.284614442516E-02  1.087872402658E-04 -2.656700070571E-06  3.402748652036E-09  7.294851779082E-06  5.312765763550E-02  2.656700070791E-06  8.935652830822E-04  8.842939402268E-20 -6.692749907969E-21  3.924365187666E-20 -7.963928880905E-04
  2.584711617935E+02  2.614082292204E+02  1.138226283434E+01 -2.580470469104E-16 -6.893923763815E-02  1.304241260101E+02  2.255326302417E-01  2.939270921826E-01 -1.768341802725E-01 -1.079547041467E-03 -7.986087933439E-01  1.702928116016E+00  1.731209923253E-04 -1.883923747823E-02  1.866611648592E-02 -1.263014652734E-02 -1.353933510909E-05 -1.473609726760E-06  1.108393928109E-06  9.001608681689E-06  5.140359803105E-02  1.473609727882E-06  1.406418479870E-03  8.407405931006E-20 -5.733368997286E-21  3.241845215314E-20 -7.792105936170E-04
  2.643452966473E+02  2.673704760971E+02  1.140110094052E+01 -4.126196477412E-16 -6.834126279695E-02  1.308308289238E+02  2.251078193417E-01  2.934584774669E-01 -1.746868452745E-01 -1.112508606945E-03 -7.928333630918E-01  1.698482102160E+00 -3.740232855436E-04 -1.752079049733E-02  1.789481378291E-02 -1.232359161689E-02 -2.290655726925E-05 -6.895272141508E-06  1.941084126815E-06  5.902389586369E-06  4.975662130591E-02  6.895272142246E-06  1.808905026342E-03  1.123417121199E-19 -8.714041475393E-21  3.462380435710E-20 -7.619959022382E-04
  2.703956555468E+02  2.735115903800E+02  1.141989941333E+01 -3.328934982851E-16 -6.754921531232E-02  1.312379780196E+02  2.246088565382E-01  2.927259878357E-01 -1.725077198508E-01 -1.121271146882E-03 -7.846625857863E-01  1.694518064785E+00 -8.114233125992E-04 -1.619617325440E-02  1.700759656722E-02 -1.209401354226E-02 -4.214959993202E-05 -8.516590513587E-06  2.610224735198E-06  3.915126330067E-06  4.840176588048E-02  8.516590518522E-06  1.897453078191E-03  9.252953790785E-20 -3.007522353300E-21  2.929730156699E-20 -7.508132944163E-04
  2.766275252132E+02  2.798369380914E+02  1.143881862671E+01 -1.383570992150E-16 -6.684406210048E-02  1.316487928737E+02  2.240763653863E-01  2.920905199229E-01 -1.702333729923E-01 -1.120490481458E-03 -7.770302804483E-01  1.689564785879E+00 -1.227494873699E-03 -1.487470260923E-02  1.610219748284E-02 -1.193424386767E-02 -3.371314123297E-05 -6.438710899217E-06  2.936321765191E-06  3.032727163002E-06  4.624170939046E-02  6.438710903997E-06  1.923411114065E-03  1.001254156371E-19 -9.236953650753E-21  2.945414108295E-20 -7.319338856368E-04
  2.830463509696E+02  2.863520462341E+02  1.145702359436E+01 -1.654865119359E-16 -6.599306240553E-02  1.320446781668E+02  2.235380316618E-01  2.916238768394E-01 -1.679652851789E-01 -1.123276594330E-03 -7.675391078847E-01  1.685180532520E+00 -1.692293883279E-03 -1.353922125485E-02  1.523151513794E-02 -1.148098663570E-02 -1.354296238449E-04  9.913066626023E-09  3.120918816804E-06  2.098427578403E-06  4.424747093005E-02 -9.913069196503E-09  2.216360273623E-03  8.247279061462E-20 -1.200152429656E-20  2.144579984570E-20 -7.104366625330E-04
  2.896577414987E+02  2.930626076211E+02  1.147540550966E+01 -3.980435591954E-16 -6.499565988848E-02  1.324457654223E+02  2.229842284083E-01  2.913056906823E-01 -1.655950497640E-01 -1.098733479105E-03 -7.562057726256E-01  1.682986386492E+00 -2.187674662955E-03 -1.216249744902E-02  1.435017211203E-02 -1.124605822578E-02 -7.545249567211E-05 -1.790540146864E-06  2.962147118953E-06 -1.678591474679E-07  4.302535535245E-02  1.790540145297E-06  2.838424325697E-03  9.296382002124E-20 -1.152450235724E-20  1.277262714077E-20 -6.940227523659E-04
  2.964674737436E+02  2.999744858498E+02  1.149365300923E+01 -5.793010656677E-16 -6.356166568329E-02  1.328440409202E+02  2.223651683153E-01  2.914664775864E-01 -1.632413782845E-01 -1.048189800963E-03 -7.396893456372E-01  1.684949966356E+00 -2.689087063806E-03 -1.082746756149E-02  1.351655462525E-02 -1.101923718390E-02 -2.398230867804E-04 -1.735003198189E-07  3.225974287471E-06  7.752420577871E-07  4.200475959916E-02  1.735003166579E-07  3.620513331228E-03  9.086097632357E-20 -4.940500129249E-21  2.393870897164E-20 -6.860492012787E-04
  3.034814979559E+02  3.070937204253E+02  1.151222743596E+01 -5.946509244577E-16 -6.181726154653E-02  1.332517936115E+02  2.216933916397E-01  2.916894622025E-01 -1.607643862768E-01 -1.035633414013E-03 -7.191901264486E-01  1.687051126217E+00 -3.130584263148E-03 -9.530023270964E-03  1.266060753420E-02 -1.093025243922E-02 -3.061487176823E-04 -3.439296883637E-07  4.354395052449E-06  4.121760297400E-06  4.112455645895E-02  3.439296893790E-07  4.226219289442E-03  7.190196052405E-20 -1.262364910573E-20  2.891049052086E-20 -6.800076943429E-04
  3.107059428946E+02  3.144265320380E+02  1.153078410922E+01 -4.703249034265E-16 -5.975323684499E-02  1.336594840996E+02  2.209826541906E-01  2.921229141528E-01 -1.583051637714E-01 -9.488538662664E-04 -6.949671927048E-01  1.689688351769E+00 -3.547020799219E-03 -8.208207766586E-03  1.175522856584E-02 -1.084436289106E-02 -3.722975502323E-04  2.888236960112E-06  4.858611619268E-06  1.254435596390E-06  4.043458928674E-02 -2.888236959688E-06  5.021998367746E-03  8.349394879679E-20 -6.348930512380E-21  2.343281563359E-20 -6.748108217612E-04
  3.181471211814E+02  3.219793279992E+02  1.154983764069E+01 -1.819365422929E-16 -5.716261339862E-02  1.340805630908E+02  2.201694438046E-01  2.922584749750E-01 -1.557771613229E-01 -9.294781234014E-04 -6.643340822285E-01  1.693017066888E+00 -3.858592404193E-03 -6.895532872679E-03  1.075412527679E-02 -1.078205730392E-02 -4.549478364346E-04  6.142754056499E-06  4.203091984991E-06 -4.561652842764E-07  4.033355731574E-02 -6.142754048351E-06  5.984623275272E-03  7.796591167518E-20 -1.017603604436E-20  1.199029255787E-20 -6.747409891960E-04
  3.258115348169E+02  3.297587078391E+02  1.156942684408E+01  1.082325057124E-16 -5.402548835502E-02  1.345153042156E+02  2.192267166261E-01  2.927322070857E-01 -1.531837622713E-01 -8.547680416330E-04 -6.271174198854E-01  1.697318976473E+00 -4.328416255831E-03 -5.552871022455E-03  9.881287278259E-03 -1.079396255066E-02 -7.010304137744E-04  4.520393846841E-06  3.363333283987E-06 -1.991918211511E-06  3.914189881012E-02 -4.520393851372E-06  7.111645731643E-03  8.034517614801E-20 -3.303968982075E-21  7.024243520356E-21 -6.641703030915E-04
  3.337058808614E+02  3.377714690743E+02  1.158845181667E+01  3.804413742948E-16 -5.015354625327E-02  1.349385720327E+02  2.181473297158E-01  2.929518423931E-01 -1.505892962489E-01 -8.033617380244E-04 -5.815600280254E-01  1.701733274506E+00 -4.821327520213E-03 -4.215236753080E-03  9.036564273210E-03 -1.046130153013E-02 -8.641588186400E-04  2.045837196066E-06  3.099950334500E-06 -5.528586341594E-06  3.739992692252E-02 -2.045837192844E-06  8.083638151073E-03  8.333767340061E-20 -1.179543890946E-20  9.568948731534E-21 -6.494788658201E-04
  3.418370572872E+02  3.460246131465E+02  1.160742214963E+01  7.354608458701E-16 -4.583486281125E-02  1.353613441746E+02  2.169614507847E-01  2.932968964839E-01 -1.478999559558E-01 -7.359343661773E-04 -5.301532310108E-01  1.711492525325E+00 -5.254082338994E-03 -2.975817961356E-03  8.229900300418E-03 -1.033400752169E-02 -9.994333890306E-04  2.485068589117E-06  3.010669276949E-06 -4.241725906914E-06  3.651122624068E-02 -2.485068589724E-06  8.127309407968E-03  6.906236796340E-20 -1.111926803028E-20  1.124878593416E-20 -6.422352949702E-04
  3.502121690058E+02  3.545253515409E+02  1.162666120021E+01  1.032318725583E-15 -4.167195463331E-02  1.357922088424E+02  2.157154850846E-01  2.936393952606E-01 -1.452192047544E-01 -6.861973071182E-04 -4.808989895551E-01  1.722495657766E+00 -5.653909369341E-03 -1.698378358432E-03  7.352287727840E-03 -1.025012444279E-02 -9.490775068793E-04  9.561769630325E-07  2.365314041629E-06 -5.520805209382E-07  3.653810720787E-02 -9.561769601542E-07  7.514922563436E-03  6.914071985243E-20 -1.974754641399E-21  2.710244163201E-21 -6.475354066636E-04
  3.588385340760E+02  3.632811120872E+02  1.164681535716E+01  1.191308408981E-15 -3.775589251719E-02  1.362444644582E+02  2.145277078086E-01  2.926311309888E-01 -1.424415086698E-01 -6.415821285255E-04 -4.349143466423E-01  1.736613924199E+00 -6.060951423479E-03 -2.658222696559E-04  6.326773693205E-03 -1.053582764818E-02 -7.584974844748E-04  1.958843434972E-07  1.595696139352E-06 -2.775017640984E-06  3.677926823723E-02 -1.958843446140E-07  6.368951693984E-03  6.123022918412E-20 -6.471780436232E-21  9.383073930968E-21 -6.610133045438E-04
  3.677236900983E+02  3.722995454498E+02  1.166750326981E+01  1.191264607213E-15 -3.460665752284E-02  1.367107107200E+02  2.133793036547E-01  2.913635085156E-01 -1.396848136646E-01 -5.323169740855E-04 -3.981198338287E-01  1.751383532875E+00 -6.533129544815E-03  1.106135972500E-03  5.426993572286E-03 -1.058027223738E-02 -5.277639749884E-04 -8.466540236645E-07  1.214093093974E-06 -3.369857768916E-06  3.572987187621E-02  8.466540226566E-07  5.809673603780E-03  6.626251605814E-20 -8.288669270740E-21 -3.498297396372E-21 -6.548551254216E-04
  3.768754008012E+02  3.815885318133E+02  1.168767981271E+01  1.203382228934E-15 -3.108454672112E-02  1.371659034444E+02  2.121932883244E-01  2.895327813357E-01 -1.368311994779E-01 -4.799171613063E-04 -3.562498514623E-01  1.763941047499E+00 -6.829966358999E-03  2.211426493594E-03  4.618539865695E-03 -1.034258105344E-02 -6.397827662587E-04 -3.896457503129E-06  1.541203733238E-06 -5.267381626767E-06  3.488298202200E-02  3.896457501241E-06  6.302052009332E-03  5.624815657448E-20 -6.638869726177E-21 -1.902486460776E-21 -6.455161784662E-04
  3.863016628253E+02  3.911561877677E+02  1.170859836298E+01  1.394961114213E-15 -2.714254580247E-02  1.376397694209E+02  2.108992084647E-01  2.867607949678E-01 -1.339732390391E-01 -3.668716987720E-04 -3.094483697055E-01  1.778354835637E+00 -7.144134618423E-03  3.399990228732E-03  3.744144389621E-03 -1.037339940530E-02 -7.700040002279E-04  2.520547696516E-07  2.312852103219E-06 -6.488382029503E-06  3.487201323476E-02 -2.520547681027E-07  6.608975683062E-03  5.468926227489E-20 -8.564528643640E-21  1.082665879726E-20 -6.491072279369E-04
  3.960107127100E+02  4.010108734007E+02  1.173000226962E+01  1.576066461946E-15 -2.303214371639E-02  1.381277680992E+02  2.095170515900E-01  2.840446526155E-01 -1.310627844144E-01 -3.568954761874E-04 -2.604105804341E-01  1.797627030876E+00 -7.585810132741E-03  4.707715156825E-03  2.878094975852E-03 -1.040868058796E-02 -9.111081145144E-04  3.740600957188E-06  2.463028891550E-06 -7.215444060513E-06  3.464754689446E-02 -3.740600957095E-06  6.803780481808E-03  5.649260266256E-20 -1.305665629745E-22  5.645031142218E-22 -6.504013640210E-04
  4.060110340913E+02  4.111611996027E+02  1.175192140405E+01  1.582359821876E-15 -1.861271556774E-02  1.386286332463E+02  2.081813550401E-01  2.796800782471E-01 -1.280836310253E-01 -2.976106423283E-04 -2.077499598524E-01  1.818348148730E+00 -7.963895176620E-03  5.908272604543E-03  2.055622571996E-03 -1.035231702422E-02 -9.409269752355E-04  3.083697843737E-06  1.445899863983E-06 -6.521218326900E-06  3.400010830051E-02 -3.083697843109E-06  6.439646841934E-03  4.691044143032E-20  1.534593200797E-21 -5.554436864455E-21 -6.471505885390E-04
  4.163113651141E+02  4.216160355908E+02  1.177378814701E+01  1.591813920260E-15 -1.472305556758E-02  1.391291308224E+02  2.067975037360E-01  2.761641306774E-01 -1.250737835126E-01 -3.026551137117E-04 -1.603851735127E-01  1.840224761999E+00 -8.221890814111E-03  7.049264715864E-03  1.172626098143E-03 -1.039054439172E-02 -9.057722008441E-04  1.557779895568E-06 -9.240479167313E-09 -5.923994521903E-06  3.353388213703E-02 -1.557779893586E-06  6.390507132859E-03  3.502689689940E-20 -2.022008216013E-21 -7.645581772803E-21 -6.478324022523E-04
  4.269207060675E+02  4.323845166585E+02  1.179639710234E+01  1.546262756146E-15 -1.014218916145E-02  1.396484784002E+02  2.051800309761E-01  2.726592424919E-01 -1.220061254118E-01 -3.235357167188E-04 -1.046166163506E-01  1.865091293641E+00 -8.553157682420E-03  8.218717919005E-03  3.344397632744E-04 -1.039494028362E-02 -1.026089660963E-03  1.659995980628E-06 -6.626435526393E-07 -4.252515567131E-06  3.430055415016E-02 -1.659995982176E-06  6.662531990180E-03  3.933038288105E-20 -1.149188030012E-21 -3.020285319613E-21 -6.622550506548E-04
  4.378483272495E+02  4.434760521583E+02  1.182062773185E+01  1.328588642458E-15 -5.644061391262E-03  1.402085219900E+02  2.032940571989E-01  2.704938304608E-01 -1.187614839496E-01 -3.995252057294E-04 -4.924260275812E-02  1.889850396937E+00 -8.875161184022E-03  9.327601701760E-03 -4.524405176056E-04 -1.082893135869E-02 -1.152435618581E-03 -5.020246444712E-07 -1.177468948557E-06 -4.181480613470E-06  3.556369050674E-02  5.020246452822E-07  6.264014057091E-03  2.798020004519E-20 -7.918213552246E-22 -1.396465964732E-21 -6.862024560256E-04
  4.491037770670E+02  4.549003337230E+02  1.184640280339E+01  1.119005857304E-15 -1.343461856818E-03  1.408071982567E+02  2.012322735927E-01  2.675108687533E-01 -1.155277756727E-01 -4.879508817430E-04  3.664762714688E-03  1.917283137707E+00 -9.167994153032E-03  1.038070371825E-02 -1.212709565229E-03 -1.108724387724E-02 -1.066566057768E-03  9.122546925064E-07 -1.538382024968E-06 -4.837546305428E-06  3.638245679307E-02 -9.122546965369E-07  4.842996804166E-03  3.894187477507E-20 -3.427105421765E-21 -5.167819709137E-21 -6.975814346337E-04
  4.606968903790E+02  4.666673437347E+02  1.187334473766E+01  1.073875815384E-15  1.359680930546E-03  1.414356675533E+02  1.989665541432E-01  2.647088039221E-01 -1.122033430731E-01 -5.803082987737E-04  3.846033467246E-02  1.947933258838E+00 -9.434247552200E-03  1.147113075874E-02 -2.036883206453E-03 -1.134431675109E-02 -6.632622629711E-04 -1.470800998584E-06 -1.560018616748E-06 -4.262471378995E-06  3.664240866739E-02  1.470800996470E-06  4.853005525606E-03  3.984568595408E-20  5.257667730424E-21 -4.233471744145E-21 -7.179194632083E-04
  4.726377970904E+02  4.787873640468E+02  1.190111913546E+01  1.299825621667E-15  5.885860628891E-03  1.420844142614E+02  1.965759951902E-01  2.611315495580E-01 -1.089164150821E-01 -6.950170390820E-04  9.375736721980E-02  1.972859402817E+00 -9.599079883157E-03  1.227200189012E-02 -2.672922006818E-03 -1.154813555487E-02 -1.058875155392E-03 -1.814944425655E-07 -2.229508062109E-06 -4.172442608537E-06  3.704708907602E-02  1.814944457260E-07  5.782769936272E-03  2.998493211316E-20  2.412730964516E-21 -5.470908422043E-21 -7.277176763284E-04
  4.849369310031E+02  4.912709849682E+02  1.193032497809E+01  1.576889665597E-15  1.025022262938E-02  1.427695532044E+02  1.938717481200E-01  2.574114028976E-01 -1.053951145889E-01 -8.108414833607E-04  1.469607968072E-01  2.002989944132E+00 -9.763438320750E-03  1.311901740363E-02 -3.355579082921E-03 -1.172020441397E-02 -1.102011322826E-03 -2.968943800710E-07 -3.439579124236E-06 -2.750852175735E-06  3.819461418374E-02  2.968943748733E-07  5.650788420676E-03  1.734399888919E-20  1.202737258372E-20 -1.380838014656E-20 -7.423346214123E-04
  4.976050389332E+02  5.041291145172E+02  1.196160823824E+01  1.875459630984E-15  1.485414275100E-02  1.435047990613E+02  1.906468634999E-01  2.546215549579E-01 -1.020105003371E-01 -9.274217631296E-04  2.034768659507E-01  2.041357484145E+00 -9.886931324924E-03  1.401475019498E-02 -4.127818869971E-03 -1.210348670047E-02 -1.170972190330E-03 -5.123107960920E-07 -3.893211425329E-06 -4.177450581946E-06  3.927116949717E-02  5.123108030474E-07  5.628292735564E-03  2.839284778098E-20  5.522103687858E-21 -1.348264488722E-20 -7.707414650472E-04
  5.106531901012E+02  5.173729879527E+02  1.199437419728E+01  2.132065845487E-15  1.944290253057E-02  1.442786224744E+02  1.872140885431E-01  2.496454421956E-01 -9.845388685803E-02 -1.101554069077E-03  2.594183450258E-01  2.080264111600E+00 -9.978744839298E-03  1.487423959278E-02 -4.895494753470E-03 -1.255698682933E-02 -1.249718112338E-03  1.421547005500E-06 -2.098036655952E-06 -2.406866828865E-06  4.015790822450E-02 -1.421547006380E-06  6.609601868796E-03  7.604041795377E-21  1.101421634060E-20 -3.244539062482E-21 -7.983565253920E-04
  5.240927858042E+02  5.310141775913E+02  1.202906986371E+01  1.967922461273E-15  2.594031214897E-02  1.451008775751E+02  1.837726321387E-01  2.453530993011E-01 -9.497856971158E-02 -1.205574854261E-03  3.377166981218E-01  2.117668798374E+00 -1.020815331378E-02  1.565036849990E-02 -5.442215185965E-03 -1.302485778233E-02 -1.692055505413E-03  3.218118382933E-06 -6.266258731079E-07 -1.173095046754E-06  4.055675196578E-02 -3.218118385852E-06  6.947186265279E-03  2.400592670789E-21  4.415362593392E-21 -1.182709697228E-20 -8.180327836997E-04
  5.379355693784E+02  5.450646029190E+02  1.206454817995E+01  1.605637064278E-15  3.143272484433E-02  1.459456321370E+02  1.801756878389E-01  2.405759548915E-01 -9.135029742244E-02 -1.391276257043E-03  4.036502755823E-01  2.150800978674E+00 -1.021733824203E-02  1.617488251945E-02 -5.957544277379E-03 -1.317265218378E-02 -1.492021198442E-03  5.457807284915E-06 -1.025516466284E-06 -5.003365485822E-06  4.064277732686E-02 -5.457807287199E-06  6.081815585391E-03  1.513607751219E-20  6.866493648158E-21 -1.496124188463E-20 -8.316345427686E-04
  5.521936364597E+02  5.595365410066E+02  1.210150200676E+01  1.559574445859E-15  3.675065471918E-02  1.468271529934E+02  1.763074683918E-01  2.362095726987E-01 -8.786187602868E-02 -1.469289003942E-03  4.681270086250E-01  2.185336332554E+00 -1.023826211363E-02  1.665894809340E-02 -6.420685979644E-03 -1.350152903944E-02 -1.340917791312E-03  8.963945518396E-07 -2.055187966876E-06 -7.968842844778E-06  4.204932175369E-02 -8.963945512229E-07  4.150758912898E-03  3.089245814526E-21  1.051786030122E-20 -1.184784591392E-20 -8.677200747706E-04
  5.668794455535E+02  5.743794455535E+02  1.214173810003E+01  1.697812969497E-15  3.905152762196E-02  1.477911743827E+02  1.722559926607E-01  2.300702302048E-01 -8.411537220979E-02 -1.622149673405E-03  4.959980116795E-01  2.208623896331E+00 -1.014035313833E-02  1.702644111197E-02 -6.886087973455E-03 -1.422682998229E-02 -7.177152331643E-04 -1.490281763382E-06 -3.012837528650E-06 -8.572531841345E-06  4.373049599507E-02  1.490281761879E-06  2.500263731937E-03 -4.499565728057E-21  4.972005137019E-21 -1.038062803287E-20 -9.077595766054E-04
  5.818794455535E+02  5.893794455535E+02  1.218349086076E+01  1.713787604306E-15  4.146585150232E-02  1.487935751588E+02  1.683283230414E-01  2.257207670468E-01 -8.063683917022E-02 -1.625898546162E-03  5.245200505613E-01  2.188529880746E+00 -9.939504943500E-03  1.666975119743E-02 -6.730246253932E-03 -1.453027646926E-02 -6.565644743701E-04 -6.639957898400E-07 -3.449006917293E-06 -7.846787202856E-06  4.432767981799E-02  6.639957894705E-07  6.308291462178E-04 -8.937165429252E-21  8.016542675168E-21  2.955779505037E-22 -8.992531789235E-04
  5.968794455535E+02  6.043794455535E+02  1.222484844648E+01  1.786090589664E-15  4.024728258046E-02  1.497926982914E+02  1.644161518021E-01  2.192626028065E-01 -7.713172151689E-02 -1.603071722115E-03  5.085126978267E-01  2.162109943047E+00 -9.700410755314E-03  1.626338856361E-02 -6.562977808208E-03 -1.430637401900E-02  1.114774901780E-04 -1.297842854340E-06 -3.714806140571E-06 -5.291274270010E-07  4.485738435658E-02  1.297842853510E-06 -1.674533563369E-03 -1.123525194681E-20  1.660567220869E-20 -4.581141404569E-21 -8.973755616505E-04
  6.118794455535E+02  6.193794455535E+02  1.226760712312E+01  1.970317716852E-15  3.831551633218E-02  1.508268560735E+02  1.604608937108E-01  2.130639788530E-01 -7.369386428190E-02 -1.446836148898E-03  4.836060027774E-01  2.145461796002E+00 -9.496092402431E-03  1.593077725398E-02 -6.434684851526E-03 -1.433749779834E-02  3.961600940265E-04  1.988894605320E-06 -4.083480367293E-06  2.974223170727E-07  4.603265805330E-02 -1.988894604963E-06 -2.098665164313E-03 -1.096314067097E-20  1.054256764081E-20 -8.548149056074E-21 -8.985179849547E-04
  6.268794455535E+02  6.343794455535E+02  1.231117492270E+01  2.030589238422E-15  3.632267854607E-02  1.518871262516E+02  1.563188708587E-01  2.050922396782E-01 -7.038707040721E-02 -1.268239467290E-03  4.582774167271E-01  2.116910902052E+00 -9.355282454996E-03  1.566377627520E-02 -6.308493820328E-03 -1.425511926450E-02  3.712252339593E-04  3.394291316007E-06 -4.062458037050E-06 -1.310762632937E-06  4.485258639263E-02 -3.394291314232E-06 -2.444157973028E-03 -1.031851092005E-20  1.068622106657E-20 -1.807887891745E-21 -8.649532512544E-04
  6.418794455535E+02  6.493794455535E+02  1.235172497934E+01  1.887893921054E-15  3.375186783150E-02  1.528774085316E+02  1.521361070603E-01  1.973866066947E-01 -6.721841299829E-02 -9.937262502994E-04  4.272811876767E-01  2.079788931979E+00 -9.114071810313E-03  1.513092766479E-02 -6.016855854489E-03 -1.337474927637E-02  3.811535736661E-04  2.851295945205E-06 -4.226994867453E-06 -5.300868086061E-07  4.269818948473E-02 -2.851295948196E-06 -2.257747878070E-03 -1.636251967564E-20  1.271755476910E-20 -1.968189990416E-20 -8.127963527646E-04
  6.568794455535E+02  6.643794455535E+02  1.239124744136E+01  1.730679907834E-15  3.209423638107E-02  1.538469535668E+02  1.481969742258E-01  1.885917778040E-01 -6.397595154002E-02 -7.958069395327E-04  4.064873653401E-01  2.048241925825E+00 -8.896984718446E-03  1.467584535417E-02 -5.778860635814E-03 -1.267936308629E-02  3.506627580334E-04 -2.328430403112E-07 -3.602861885337E-06 -4.457437574983E-06  4.150180434705E-02  2.328430405699E-07 -1.039345499721E-03 -1.612876586293E-20  1.147790742455E-20 -1.127560212703E-20 -7.771011489849E-04
  6.718794455535E+02  6.793794455535E+02  1.242953334640E+01  1.733058575121E-15  3.181452502768E-02  1.547886855871E+02  1.442657881597E-01  1.796916496639E-01 -6.096092658508E-02 -5.272343210538E-04  4.029975866320E-01  2.017852219429E+00 -8.793517187352E-03  1.431140414672E-02 -5.517886959491E-03 -1.217421201176E-02  2.582395783149E-04 -3.718740646805E-08 -1.212298240294E-06 -5.312438601319E-06  4.071222782505E-02  3.718740360012E-08 -8.571567181425E-04 -2.452196311639E-20  7.415484037419E-21 -1.725143004966E-20 -7.447052987612E-04
  6.868794455535E+02  6.943794455535E+02  1.246756699542E+01  1.721203113485E-15  3.047796642558E-02  1.557276594654E+02  1.401530307881E-01  1.710158895576E-01 -5.775266428574E-02 -2.861383966638E-04  3.871307623882E-01  1.992692955562E+00 -8.602314740796E-03  1.399666815211E-02 -5.394353411183E-03 -1.169632362075E-02  1.754145353747E-04 -1.549042091437E-06  5.592965526768E-07 -6.239982311080E-06  3.899382382212E-02  1.549042091309E-06 -6.602358519452E-04 -1.369533877005E-20  1.212952759888E-20 -3.914427104018E-21 -7.106977817878E-04
  7.018794455535E+02  7.093794455535E+02  1.250264140307E+01  1.721456816794E-15  3.055318345868E-02  1.565956547385E+02  1.359321384854E-01  1.618109393437E-01 -5.478095068863E-02  3.683559762796E-05  3.884772943696E-01  1.957777896991E+00 -8.423996796500E-03  1.356699271581E-02 -5.142995919312E-03 -1.094265571796E-02 -7.062700077180E-06 -9.352744215665E-07  1.665489738231E-06 -7.372909748704E-06  3.676305161255E-02  9.352744230741E-07 -4.367124334231E-05 -1.594611168937E-20  6.216408275131E-21 -1.887267856230E-20 -6.639258040717E-04
  7.168794455535E+02  7.243794455535E+02  1.253650257896E+01  1.940110326444E-15  3.039426146040E-02  1.574354174338E+02  1.316801237631E-01  1.534489426606E-01 -5.163925232094E-02  2.222768557198E-04  3.879655445598E-01  1.921370350713E+00 -8.300333525629E-03  1.304603013919E-02 -4.745696613587E-03 -1.031389968380E-02  1.260708918157E-04  2.121634592344E-06  2.130120105848E-06 -6.094550446681E-06  3.506489766753E-02 -2.121634590740E-06 -1.454331037307E-03 -1.404314565859E-20  8.845783372934E-21 -1.508399359017E-20 -6.191927688048E-04
  7.318794455535E+02  7.393794455535E+02  1.256839154371E+01  2.124047013939E-15  2.783186258925E-02  1.582291974875E+02  1.274955110447E-01  1.452201967753E-01 -4.874350429317E-02  4.815956569446E-04  3.560276096058E-01  1.888645838658E+00 -7.974355409084E-03  1.263336671647E-02 -4.659011307357E-03 -9.519320371256E-03  4.944294363958E-04  6.477093688221E-07  2.409282740098E-06 -3.159861466123E-06  3.379092834038E-02 -6.477093700927E-07 -2.377340200217E-03 -1.652170068395E-20  1.063273137929E-20 -1.181621442661E-20 -5.863544951885E-04
  7.468794455535E+02  7.543794455535E+02  1.259986738294E+01  2.136217364026E-15  2.593075850235E-02  1.590128735765E+02  1.233451688976E-01  1.390442788739E-01 -4.573455044162E-02  6.118504244105E-04  3.326008996861E-01  1.856357802317E+00 -7.637825942188E-03  1.230717893696E-02 -4.669352994879E-03 -9.274591925778E-03  4.154675826805E-04 -2.278910556260E-06  3.050737234477E-06 -3.151064314451E-07  3.377875190411E-02  2.278910556695E-06 -2.248679926199E-03 -2.368135226383E-20  9.789849519745E-21 -1.391419732322E-20 -5.719652942903E-04
  7.618794455535E+02  7.693794455535E+02  1.263174068749E+01  2.058514401327E-15  2.360136443754E-02  1.598078233107E+02  1.189489464188E-01  1.330795649531E-01 -4.295902205779E-02  8.971089242478E-04  3.041892115588E-01  1.821994145864E+00 -7.471394341342E-03  1.186296640154E-02 -4.391572060319E-03 -9.037540527756E-03  4.478617469643E-04 -4.554691231383E-06  3.632160699959E-06 -9.771138513870E-08  3.340845131797E-02  4.554691231956E-06 -2.654818132162E-03 -1.539761969905E-20  1.022398916385E-20 -1.807263665741E-20 -5.513946976751E-04
  7.768794455535E+02  7.843794455535E+02  1.266250856577E+01  1.783965607616E-15  2.093885240196E-02  1.605755275928E+02  1.142301045461E-01  1.287356003406E-01 -4.005826440201E-02  9.278849892668E-04  2.714354978333E-01  1.785620062109E+00 -7.097708024857E-03  1.134839234237E-02 -4.250684317534E-03 -8.581303372934E-03  4.548577586231E-04 -4.407151017553E-06  4.371469878146E-06  2.326123791102E-06  3.233196633900E-02  4.407151015933E-06 -3.046803673386E-03 -2.350918137160E-20  1.954944321348E-21 -1.959850322179E-20 -5.255726504916E-04
  7.918794455535E+02  7.993794455535E+02  1.269235737466E+01  1.401949899487E-15  1.787867587458E-02  1.613232165775E+02  1.091544875220E-01  1.242399131758E-01 -3.734230236061E-02  9.916277995631E-04  2.337956639638E-01  1.749051347973E+00 -6.816653562055E-03  1.093778994518E-02 -4.121136383234E-03 -8.132234524157E-03  4.634335836789E-04 -1.989206329216E-07  3.929161895927E-06  2.815356197810E-06  2.964629843278E-02  1.989206310375E-07 -2.705105990279E-03 -2.045089573128E-20  3.691881069599E-21 -1.995110193447E-20 -4.800261907666E-04
  8.068794455535E+02  8.143794455535E+02  1.271809395556E+01  1.071833088141E-15  1.586559843962E-02  1.619692407918E+02  1.036833150423E-01  1.206418654939E-01 -3.462706136095E-02  8.613864578081E-04  2.091969489779E-01  1.705889717581E+00 -6.652146817699E-03  1.063225743307E-02 -3.980110615363E-03 -7.209228782272E-03  2.328040770392E-04  2.869277605717E-06  2.057151084622E-06  2.848372575027E-06  2.695461032255E-02 -2.869277609019E-06 -2.028959093973E-03 -2.347415663405E-20  3.147643033738E-21 -2.885753860265E-20 -4.285243506169E-04
  8.218794455535E+02  8.293794455535E+02  1.274289029529E+01  7.617720834916E-16  1.409311481294E-02  1.625939764377E+02  9.774647541144E-02  1.168966235561E-01 -3.193803092310E-02  8.834220197166E-04  1.872143443225E-01  1.670548912397E+00 -6.540560989840E-03  1.031254289182E-02 -3.771981901914E-03 -6.515897555475E-03  2.920207129665E-04  2.076870815568E-06  3.709997237395E-07  5.951437877605E-07  2.396072284167E-02 -2.076870816456E-06 -8.534539460162E-04 -2.226115770709E-20  5.203555821496E-22 -2.139900937507E-20 -3.802715916748E-04
  8.368794455535E+02  8.443794455535E+02  1.276301355338E+01  5.406197769546E-16  1.428102629464E-02  1.631012357217E+02  9.133567038894E-02  1.136532563002E-01 -2.922133237139E-02  6.714131936979E-04  1.895044613327E-01  1.628247621433E+00 -6.399174475937E-03  9.938136614126E-03 -3.538962138315E-03 -5.718603681382E-03  8.224627085528E-05 -6.329009801154E-07 -9.263654415912E-07  3.781844706706E-06  2.114231769151E-02  6.329009778669E-07 -1.761645178965E-06 -2.709396657340E-20  6.654656920159E-21 -1.963542532331E-20 -3.460356775967E-04
  8.518794455535E+02  8.593794455535E+02  1.278252843228E+01  4.705432007576E-16  1.407342174422E-02  1.635958707890E+02  8.453395189511E-02  1.106512422224E-01 -2.659200263559E-02  6.282441828509E-04  1.876058008400E-01  1.593824789656E+00 -6.267374257244E-03  9.676393399578E-03 -3.409019142277E-03 -5.333308612674E-03  6.787150441483E-05 -1.105677811368E-06 -1.404408397413E-06  6.094958330213E-06  2.028358145864E-02  1.105677810932E-06  4.788974106545E-04 -2.536955301639E-20  5.707234324268E-21 -2.377305506297E-20 -3.193476096980E-04
  8.668794455535E+02  8.743794455535E+02  1.280104674470E+01  4.918275711465E-16  1.515218887463E-02  1.640663773783E+02  7.736111279107E-02  1.079709332227E-01 -2.393138286266E-02  4.195563899622E-04  2.019678793672E-01  1.560353789794E+00 -5.896554023708E-03  9.348185549963E-03 -3.451631526325E-03 -4.903457698999E-03 -1.343379601229E-04 -3.961957618026E-07 -1.334198501295E-06  6.003310614109E-06  1.976262255747E-02  3.961957626219E-07  1.059974650347E-03 -2.321168714870E-20  2.314410736038E-21 -2.453092733084E-20 -2.989110701106E-04
  8.818794455535E+02  8.893794455535E+02  1.281958149391E+01  5.003580738396E-16  1.605571980837E-02  1.645390515305E+02  6.986700885609E-02  1.048882227418E-01 -2.134418712766E-02  3.667966969257E-04  2.146790862151E-01  1.529077173462E+00 -5.727896407018E-03  8.989842591790E-03 -3.261946184687E-03 -4.681227310531E-03 -1.776980405022E-04 -3.219628256561E-06 -1.511867464682E-06  5.903017326952E-06  1.894079330418E-02  3.219628256130E-06  4.875455457937E-04 -1.892073949182E-20  7.500813850503E-22 -1.794356783705E-20 -2.787132923914E-04
  8.968794455535E+02  9.043794455535E+02  1.283655528428E+01  5.455645700828E-16  1.608201155525E-02  1.649715315529E+02  6.215809883479E-02  1.021296751390E-01 -1.857447568857E-02  2.506661059922E-04  2.163785341427E-01  1.495371590743E+00 -5.616753489777E-03  8.738118183166E-03 -3.121364693385E-03 -4.161175285117E-03 -1.184924804115E-04 -1.612329129785E-06 -1.547955585744E-06  2.177288662926E-06  1.722835692877E-02  1.612329128987E-06 -6.857656223939E-05 -2.541326868776E-20  2.121829862265E-21 -2.205074123332E-20 -2.478341391382E-04
  9.118794455535E+02  9.193794455535E+02  1.285187653172E+01  6.763911624084E-16  1.592972038034E-02  1.653627575827E+02  5.436879252873E-02  1.006490866702E-01 -1.588624606287E-02  1.415691327055E-04  2.149470652690E-01  1.465394045063E+00 -5.359090814584E-03  8.373326244509E-03 -3.014235429837E-03 -3.810978383715E-03  7.257409252926E-05  2.047415970286E-06 -1.535152854278E-06 -2.253159345600E-07  1.685781581671E-02 -2.047415968739E-06 -2.952044961899E-04 -1.960474164735E-20 -8.486946643436E-22 -2.768572194169E-20 -2.312241011370E-04
  9.268794455535E+02  9.343794455535E+02  1.286815368591E+01  7.102507239750E-16  1.552239942124E-02  1.657791088732E+02  4.638441986241E-02  9.993747475380E-02 -1.299174167575E-02  1.096076903981E-04  2.101686473712E-01  1.446648268927E+00 -5.069617421602E-03  8.065997101540E-03 -2.996379679963E-03 -3.676953797367E-03  1.921147192881E-04  3.691916457560E-07 -1.732780856625E-06 -4.377731271753E-06  1.889242482715E-02 -3.691916488744E-07 -1.887651241057E-03 -2.120424114232E-20 -2.131047738047E-21 -2.340670340395E-20 -2.385567123517E-04
  9.418794455535E+02  9.493794455535E+02  1.288729369929E+01  6.389485656423E-16  1.239461526153E-02  1.662692998924E+02  3.783461107537E-02  9.918798865701E-02 -1.015121080491E-02 -1.773978533378E-05  1.699954627840E-01  1.443944459860E+00 -4.946059969603E-03  7.794697766069E-03 -2.848637796467E-03 -3.958434264156E-03  5.818632187615E-04 -1.831163441658E-06 -1.251411298482E-06 -3.776687550780E-06  2.127168451098E-02  1.831163441916E-06 -4.075412290491E-03 -2.090043768589E-20 -1.065918432054E-21 -2.276750878113E-20 -2.554097460722E-04
  9.568794455535E+02  9.643794455535E+02  1.290803014246E+01  5.577625311846E-16  7.880843939206E-03  1.667985092875E+02  2.831364037022E-02  1.001846660293E-01 -7.164814269940E-03 -1.696236390904E-05  1.118928210274E-01  1.459093457992E+00 -4.817617925752E-03  7.667252709034E-03 -2.849634783271E-03 -4.248263432967E-03  8.689359474932E-04 -2.087144177534E-06 -2.270380304891E-07 -4.572248056270E-06  2.556848187585E-02  2.087144174863E-06 -6.258605387731E-03 -1.681505913602E-20 -1.278323975382E-21 -1.457135156951E-20 -2.982361118561E-04
  9.718794455535E+02  9.793794455535E+02  1.293522941814E+01  3.988199021610E-16  6.531216010524E-04  1.674984581225E+02  1.720872574975E-02  1.051539533772E-01 -4.123592372073E-03 -6.671364235018E-05  1.856406427310E-02  1.555640833109E+00 -4.810686249894E-03  8.251110376943E-03 -3.440424126949E-03 -5.335658835136E-03  1.221061080214E-03 -7.416059035270E-07 -2.584309407896E-07 -4.385932135224E-06  3.241546926369E-02  7.416059032763E-07 -6.702375250048E-03 -2.425674818282E-20  6.706027005366E-22 -1.607001785840E-21 -3.851071395681E-04
  9.868794455535E+02  9.943794455535E+02  1.296880595842E+01  1.332578343823E-16 -4.691848683117E-03  1.683738625918E+02  3.524792401437E-03  1.192416776967E-01 -1.234673778762E-03 -2.025625445504E-05 -5.083126756634E-02  1.564974139312E+00 -5.473367275009E-03  9.092749479420E-03 -3.619382204643E-03 -6.197385084704E-03  1.123235584961E-03 -7.562663125533E-07 -3.138347669756E-07 -5.381750279505E-06  1.790858402168E-02  7.562663102004E-07 -2.849053672980E-03 -1.836792189154E-20  4.142722897398E-22 -7.566774925875E-21 -1.774656446163E-04
