                   y                  ym                   U                   V                   W                 U^2                 V^2                 W^2                  UV                  VW                  UW                VISC               SFSxx               SFSyy               SFSzz               SFSxy               SFSyz                dUdX                dVdX                dWdX                dUdY                dVdY                dWdY                dUdZ                dVdZ                dWdZ              SFSxym
 -4.000000000000E+00 -2.000000000000E+00  0.000000000000E+00  0.000000000000E+00  0.000000000000E+00  0.000000000000E+00  0.000000000000E+00  0.000000000000E+00  0.000000000000E+00  0.000000000000E+00  0.000000000000E+00  0.000000000000E+00  0.000000000000E+00  0.000000000000E+00  0.000000000000E+00  0.000000000000E+00  0.000000000000E+00  0.000000000000E+00  0.000000000000E+00  0.000000000000E+00  0.000000000000E+00  0.000000000000E+00  0.000000000000E+00  0.000000000000E+00  0.000000000000E+00  0.000000000000E+00  0.000000000000E+00
  2.220446049250E-16  2.000000000000E+00  5.873106403399E+00  1.223443930981E-15 -8.476066923646E-02  3.594437881673E+01  2.948464744122E-02  3.938913659337E-01 -8.658092902328E-02 -1.126800143915E-03 -4.940122670471E-01  1.011617048820E+00 -1.141275528564E-03  3.050123227736E-03 -1.908847699139E-03 -3.031575083532E+00  2.484440395676E-02 -6.745902894600E-04 -3.946839958780E-05 -1.373628443528E-06  2.595038149364E+01  6.745902894953E-04 -3.507505954058E-01 -1.458727606012E-20 -1.286282170497E-21 -7.508863982009E-21 -9.398974635550E-03
  4.000000000000E+00  6.000000000000E+00  7.102133877748E+00  3.279104395965E-15 -9.063591799167E-02  5.195071770968E+01  1.163464973781E-01  4.160547726326E-01 -1.743083810245E-01 -8.232126479751E-04 -6.462813793000E-01  4.233226621697E+00  1.478273803025E-01 -1.422126946344E-01 -5.614685669569E-03 -7.459056237692E-01 -3.863305887327E-02  1.934942598433E-04 -6.319267412824E-05  3.122245311651E-06  3.286990403157E+00 -1.934942598217E-04 -4.920963119923E-03 -1.646586314228E-20  5.221775080356E-21  5.952640617344E-21 -5.056769448177E-02
  8.000000000000E+00  1.000000000000E+01  7.516499263872E+00  4.572649442251E-15 -8.717659368606E-02  5.780981308829E+01  1.415450694457E-01  3.929845803884E-01 -1.709792541226E-01 -1.029986517065E-03 -6.583008736543E-01  4.470565204541E+00  8.044287923163E-02 -1.871830563345E-01  1.067401771029E-01 -4.162149607422E-01 -1.637863532046E-02  1.488531361286E-04 -3.820529552289E-05  2.137629256487E-05  1.576444117407E+00 -1.488531361050E-04  1.250397561918E-02 -3.062773581426E-20 -2.921949945990E-21  4.027395932519E-20 -2.464480154871E-02
  1.200000000000E+01  1.400000000000E+01  7.890467303500E+00  5.146725638265E-15 -8.446620369691E-02  6.355416607689E+01  1.557045077864E-01  3.871604091388E-01 -1.843109899885E-01 -8.646917989494E-04 -6.697451064980E-01  4.393155296333E+00  7.565472414143E-02 -1.729338831424E-01  9.727915900036E-02 -3.802091136612E-01 -3.371331329290E-03  6.094789775961E-05 -2.447291587841E-05  1.851134443465E-05  1.281987984906E+00 -6.094789771825E-05  1.146122183519E-02 -6.370447210298E-21 -1.359661840860E-20  5.951664414066E-20 -2.060302514638E-02
  1.600000000000E+01  1.800000000000E+01  8.157500927939E+00  4.940913780546E-15 -8.143702124628E-02  6.778783394425E+01  1.673600361593E-01  3.826416654131E-01 -1.845797719766E-01 -8.302621654791E-04 -6.676514689252E-01  4.141908746019E+00  6.248775423415E-02 -1.548313247350E-01  9.234357050068E-02 -2.743009265756E-01 -2.263210148652E-03  8.137378123224E-05 -1.587773068228E-05  1.187303986087E-05  9.922891882761E-01 -8.137378124138E-05  1.149883695948E-02 -1.912513179018E-20 -1.252420259468E-20  7.646512549387E-20 -1.570151114127E-02
  2.000000000000E+01  2.200000000000E+01  8.386548773916E+00  4.192136293773E-15 -7.872713525217E-02  7.155445206071E+01  1.773549634705E-01  3.810277920506E-01 -1.884292983974E-01 -7.686442529039E-04 -6.637672883115E-01  3.968372624918E+00  5.539792491022E-02 -1.409517571180E-01  8.555383220791E-02 -2.320265235583E-01 -2.608368259601E-03  5.028915918236E-05 -8.479692020846E-06  4.137328341690E-07  8.313837056091E-01 -5.028915912777E-05  9.683478590683E-03  1.435192228201E-21  3.934086148056E-21  1.008545078618E-19 -1.312729912684E-02
  2.400000000000E+01  2.600000000000E+01  8.573191563246E+00  3.263860536007E-15 -7.661342784038E-02  7.469458435673E+01  1.857454555733E-01  3.791911922862E-01 -1.888172658320E-01 -7.792840324552E-04 -6.603580370895E-01  3.785100958945E+00  4.813674670812E-02 -1.286826726780E-01  8.054592597153E-02 -1.884234591466E-01 -1.900293768626E-03  1.323180718113E-05 -4.104998111224E-06 -9.392836923290E-06  6.999981012947E-01 -1.323180720502E-05  7.494198190524E-03  5.784549448599E-21 -7.388713294212E-22  8.972224511618E-20 -1.093807382351E-02
  2.800000000000E+01  3.000000000000E+01  8.736536899152E+00  2.266326377144E-15 -7.494194505435E-02  7.750694915458E+01  1.925565552656E-01  3.779346502730E-01 -1.900125803121E-01 -6.953570017472E-04 -6.585780383347E-01  3.634756855854E+00  4.297112140875E-02 -1.187416459210E-01  7.577052451192E-02 -1.629067264843E-01 -1.731434768593E-03  1.818870433856E-06 -1.936006205921E-06  9.201760653022E-08  6.097740659566E-01 -1.818870422653E-06  6.295796508794E-03 -7.608318899117E-21  2.661583064644E-21  9.509778542620E-20 -9.464044142204E-03
  3.200000000000E+01  3.400000000000E+01  8.878062869767E+00  1.210101318918E-15 -7.344581611784E-02  7.998561243919E+01  1.979693673664E-01  3.765656314687E-01 -1.900186518040E-01 -6.792334315725E-04 -6.566161393117E-01  3.496077955471E+00  3.841094591006E-02 -1.101924286300E-01  7.178148272078E-02 -1.404344654525E-01 -1.728897703535E-03  1.935808740477E-05 -8.885852163475E-07  4.052264593359E-06  5.385057925252E-01 -1.935808743738E-05  5.410984193168E-03 -1.726759474223E-20 -1.399281625629E-22  9.308306481597E-20 -8.288389065555E-03
  3.600000000000E+01  3.800000000000E+01  9.005773086519E+00  4.869224236777E-16 -7.225036684845E-02  8.225871763251E+01  2.022671919452E-01  3.749946551097E-01 -1.902190013751E-01 -6.192009200457E-04 -6.558783363574E-01  3.373962792971E+00  3.495592227040E-02 -1.029430526776E-01  6.798713040678E-02 -1.254060689463E-01 -1.503048846218E-03  5.414145169158E-06 -7.070648009824E-07 -5.832457828172E-06  4.860991324396E-01 -5.414145148848E-06  4.655590809117E-03  2.891530224902E-20  2.932081613067E-21  9.791820431038E-20 -7.421839620053E-03
  4.000000000000E+01  4.200000000000E+01  9.121082577725E+00  6.850986791762E-16 -7.112045384339E-02  8.433913823192E+01  2.056717839052E-01  3.734586108601E-01 -1.899078046846E-01 -5.758442819069E-04 -6.548709367535E-01  3.261866116889E+00  3.169490094730E-02 -9.638186516422E-02  6.468696421615E-02 -1.123718413416E-01 -1.370109299070E-03  1.132695015487E-05  1.249470914511E-07  1.285904410146E-06  4.425511526026E-01 -1.132695015596E-05  4.742161386113E-03  2.402362152790E-20 -2.088286172040E-21  9.963973770231E-20 -6.702921733929E-03
  4.400000000000E+01  4.600000000000E+01  9.227078249576E+00  1.682937860251E-15 -6.983772882662E-02  8.627599444667E+01  2.083237093290E-01  3.715624779877E-01 -1.896560649422E-01 -4.954991206598E-04 -6.517370175162E-01  3.162718345135E+00  2.905494292577E-02 -9.070974231385E-02  6.165479938830E-02 -1.023774637226E-01 -1.495284416560E-03  2.973620460919E-05  1.813104082581E-07  1.131417234352E-05  4.073920816141E-01 -2.973620459012E-05  5.305749539268E-03  2.014925192412E-20  4.346385627671E-21  9.963743928955E-20 -6.125602860915E-03
  4.800000000000E+01  5.000000000000E+01  9.324790852448E+00  2.230048719472E-15 -6.844815739110E-02  8.808109870316E+01  2.103599079777E-01  3.689506399341E-01 -1.891712096498E-01 -4.636034719144E-04 -6.464302858231E-01  3.070829036784E+00  2.682605572582E-02 -8.571041292813E-02  5.888435720220E-02 -9.374922374706E-02 -1.603155975472E-03 -3.836960710797E-06 -7.012544746882E-07 -6.686379710643E-06  3.770061379044E-01  3.836960720976E-06  6.019598678783E-03  1.030449262382E-20 -3.206825798672E-21  1.083295982525E-19 -5.625551807214E-03
  5.200000000000E+01  5.400000000000E+01  9.415559979513E+00  1.618905137442E-15 -6.685374360246E-02  8.977583264928E+01  2.119116245079E-01  3.662626793321E-01 -1.887172269096E-01 -4.041166886672E-04 -6.381304281902E-01  2.986889486861E+00  2.489385762013E-02 -8.135998107465E-02  5.646612345455E-02 -8.634699543958E-02 -1.545777390709E-03 -1.524147934321E-06 -1.325306999973E-07 -4.729883935592E-06  3.505299785285E-01  1.524147902818E-06  6.629067020107E-03  2.319297317769E-20 -1.317737337506E-20  9.334114221050E-20 -5.182302009581E-03
  5.600000000000E+01  5.800000000000E+01  9.500071455914E+00  1.258153556743E-15 -6.514825094866E-02  9.136787278190E+01  2.130741545959E-01  3.630794638907E-01 -1.881281410243E-01 -3.609268584340E-04 -6.279774183939E-01  2.908110205172E+00  2.315181707301E-02 -7.735467652017E-02  5.420285944728E-02 -7.958366590491E-02 -1.460118371299E-03  5.374630654827E-06  1.271631854017E-06  9.339046949411E-06  3.277548567980E-01 -5.374630613621E-06  6.590437918054E-03 -1.803859809626E-21  3.775311920117E-21  9.444474437256E-20 -4.797307499993E-03
  6.000000000000E+01  6.200000000000E+01  9.579473354469E+00  7.730222350543E-16 -6.356820836291E-02  9.287678959217E+01  2.139611543334E-01  3.598290435161E-01 -1.875387690951E-01 -2.978597354545E-04 -6.188048710231E-01  2.836005887928E+00  2.157401803434E-02 -7.370135988108E-02  5.212734184635E-02 -7.404384581520E-02 -1.405203087878E-03 -7.845515613237E-07  1.924944101701E-06  1.066639528728E-05  3.088467597176E-01  7.845515408249E-07  6.898355125535E-03  2.754281281128E-20 -7.222017509462E-21  9.298870011195E-20 -4.476315823490E-03
  6.400000000000E+01  6.600000000000E+01  9.654540816794E+00  5.305807876388E-16 -6.169551456812E-02  9.431451716519E+01  2.146590295120E-01  3.568204853710E-01 -1.868985645162E-01 -2.431602143841E-04 -6.065382763117E-01  2.768941358344E+00  2.003957446554E-02 -7.034644141831E-02  5.030686695215E-02 -6.924633235068E-02 -1.527650138151E-03  1.066791382355E-05  1.933886931894E-06  9.552736024954E-06  2.920243206914E-01 -1.066791371247E-05  7.852224981533E-03  1.856937647629E-20 -7.491117334313E-21  7.396263554278E-20 -4.187787746669E-03
  6.800000000000E+01  7.000000000000E+01  9.725511050416E+00  1.481283267342E-16 -5.962783051775E-02  9.568375739317E+01  2.151962539793E-01  3.537546946625E-01 -1.862410151683E-01 -1.898925508884E-04 -5.916699728068E-01  2.707529244294E+00  1.881131424871E-02 -6.748987867235E-02  4.867856442431E-02 -6.478742897518E-02 -1.598270708072E-03  8.208269395891E-06  1.667189772880E-06  6.839737004282E-06  2.762614113777E-01 -8.208269490487E-06  7.968651151494E-03  1.601338201258E-20 -3.037824763124E-21  1.049741862394E-19 -3.922117924063E-03
  7.200000000000E+01  7.400000000000E+01  9.792667814471E+00 -6.148212003167E-16 -5.770864206817E-02  9.698814773844E+01  2.155918521003E-01  3.508393510012E-01 -1.855361621301E-01 -1.598576182451E-04 -5.772282684516E-01  2.649700495517E+00  1.759590662120E-02 -6.482754048241E-02  4.723163386164E-02 -6.076808653260E-02 -1.558824100829E-03  2.567881298098E-06  7.326563787023E-07 -4.456354432026E-06  2.613527342589E-01 -2.567881271985E-06  6.873724394498E-03  2.340198598294E-20 -1.862191105334E-21  7.786669515444E-20 -3.684075824216E-03
  7.600000000000E+01  7.800000000000E+01  9.856181644150E+00 -5.768947964011E-16 -5.618895199119E-02  9.822960296104E+01  2.158548167053E-01  3.479504531165E-01 -1.848337123513E-01 -1.264931715809E-04 -5.662641316453E-01  2.593814094866E+00  1.649548664331E-02 -6.230929696648E-02  4.581381032322E-02 -5.708708661932E-02 -1.282999346155E-03 -3.423665588957E-06 -7.276294041086E-07 -5.106124455905E-06  2.474326623696E-01  3.423665556783E-06  5.351384087702E-03 -1.231183087228E-20 -7.366846378327E-21  7.615140384762E-20 -3.461042955589E-03
  8.000000000000E+01  8.200000000000E+01  9.916356703498E+00 -2.109549514240E-16 -5.505916578179E-02  9.941240419650E+01  2.159963764947E-01  3.449532060552E-01 -1.840838355922E-01 -9.530753760644E-05 -5.589087593950E-01  2.542640354613E+00  1.559223004507E-02 -6.007716769630E-02  4.448493765133E-02 -5.377916484731E-02 -1.030350128792E-03  6.953206367716E-06 -6.010079143101E-07 -3.427682257206E-07  2.356911221325E-01 -6.953206351444E-06  4.188551452254E-03  3.270204769334E-20 -5.649009909861E-21  8.964154594744E-20 -3.267582636060E-03
  8.400000000000E+01  8.600000000000E+01  9.974022865771E+00 -2.844177439861E-16 -5.412167819394E-02  1.005525578951E+02  2.160384596562E-01  3.421922808586E-01 -1.833449453988E-01 -5.638186050855E-05 -5.531309398885E-01  2.494782689546E+00  1.474659688865E-02 -5.799177184383E-02  4.324517495485E-02 -5.081111261111E-02 -8.766953917340E-04  1.737872586839E-05  2.397799974956E-07 -3.785598849163E-06  2.253219575216E-01 -1.737872587292E-05  3.434586145687E-03  3.890222112052E-20 -5.406656505642E-21  8.972915882728E-20 -3.092294625278E-03
  8.800000000000E+01  9.000000000000E+01  1.002903921982E+01 -1.194843269464E-15 -5.332949220714E-02  1.016452325377E+02  2.160016784285E-01  3.394777909088E-01 -1.825614354084E-01 -2.281618587072E-05 -5.487814415135E-01  2.448145273220E+00  1.391365614447E-02 -5.600442427185E-02  4.209076812749E-02 -4.814672306972E-02 -8.280025930063E-04 -6.438024441156E-06  2.746691988248E-07 -1.376309225490E-05  2.158096822151E-01  6.438024449772E-06  3.165661531574E-03  5.297889920907E-20 -1.050208216723E-20  7.322693476357E-20 -2.936597810115E-03
  9.200000000000E+01  9.400000000000E+01  1.008190480696E+01 -1.489080542176E-15 -5.254347501192E-02  1.027005681521E+02  2.159507132791E-01  3.367381315970E-01 -1.818050046047E-01  2.133227821735E-05 -5.444859221899E-01  2.404229406333E+00  1.325142243030E-02 -5.414117293376E-02  4.088975050407E-02 -4.578069143167E-02 -8.279137217937E-04 -3.639562206186E-07  8.468740355820E-07 -1.193313347664E-05  2.067578989959E-01  3.639562015628E-07  2.675549742508E-03  3.777180945464E-20 -7.595547332163E-21  6.906512487055E-20 -2.786968974936E-03
  9.600000000000E+01  9.800000000000E+01  1.013238795490E+01 -1.893355639191E-15 -5.202352259625E-02  1.037129548028E+02  2.159551877973E-01  3.340481161519E-01 -1.810084328207E-01  5.335474057217E-05 -5.426725727624E-01  2.362191866410E+00  1.263639139985E-02 -5.236178673714E-02  3.972539533731E-02 -4.343644641547E-02 -6.162550962913E-04  1.541991378578E-05  1.563263930705E-06  5.401472402338E-06  1.975995883160E-01 -1.541991377665E-05  1.845614290317E-03  1.149184155481E-20  3.652517538753E-22  8.369642669589E-20 -2.649218114079E-03
  1.000000000000E+02  1.020000000000E+02  1.018070013893E+01 -3.535854429886E-15 -5.160714901276E-02  1.046860914768E+02  2.160152881354E-01  3.315249827305E-01 -1.802285702236E-01  9.442057027678E-05 -5.417832539601E-01  2.321724617820E+00  1.204040806753E-02 -5.069818173731E-02  3.865777366942E-02 -4.131567797358E-02 -5.333503396369E-04  6.062025333989E-06  1.483024112816E-06  5.168076443973E-06  1.895767944830E-01 -6.062025342042E-06  1.671742805625E-03  3.200371528802E-20 -1.032723580496E-20  6.724609788406E-20 -2.520709245008E-03
  1.040000000000E+02  1.060000000000E+02  1.022716712486E+01 -4.298053196625E-15 -5.115638337659E-02  1.056258992753E+02  2.161048273597E-01  3.291092594182E-01 -1.794153230963E-01  1.381718089383E-04 -5.400909277760E-01  2.283128932207E+00  1.137454445316E-02 -4.915483814352E-02  3.778029369090E-02 -3.936146027254E-02 -5.016497804298E-04 -1.021512789041E-05  1.203565756059E-06 -5.045897053057E-06  1.822078936961E-01  1.021512788620E-05  1.611081287563E-03  1.518334635032E-20 -2.087129184441E-21  5.825869346355E-20 -2.399960937603E-03
  1.080000000000E+02  1.100000000000E+02  1.027178462278E+01 -3.836184751660E-15 -5.080970035266E-02  1.065311206763E+02  2.161738423433E-01  3.267877269180E-01 -1.786256673932E-01  1.858348092783E-04 -5.392402481142E-01  2.247377262583E+00  1.082014560303E-02 -4.768261234922E-02  3.686246674646E-02 -3.752481640846E-02 -4.811290225380E-04 -2.628391236261E-06  1.400360200602E-06 -6.691643208816E-06  1.744278986892E-01  2.628391227781E-06  1.441909348949E-03  3.554601080193E-20 -6.068412209832E-21  7.126208579299E-20 -2.285492512163E-03
  1.120000000000E+02  1.140000000000E+02  1.031437479193E+01 -3.955481359842E-15 -5.044418894525E-02  1.073984603193E+02  2.161751393581E-01  3.248181341141E-01 -1.778101538300E-01  2.368759717445E-04 -5.382796693921E-01  2.212281291840E+00  1.032912926538E-02 -4.636817101733E-02  3.603904175193E-02 -3.561702046418E-02 -4.752338679582E-04  1.378163126405E-05  1.984560679805E-06  3.461629529633E-06  1.667343165501E-01 -1.378163125872E-05  1.531347676564E-03  4.409778407494E-20  4.103157076207E-21  6.294399332934E-20 -2.171404746193E-03
  1.160000000000E+02  1.180000000000E+02  1.035516849824E+01 -4.022910314334E-15 -5.004011845494E-02  1.082319856064E+02  2.161404454993E-01  3.231684352045E-01 -1.770223934045E-01  2.911450432910E-04 -5.369251352670E-01  2.180994214490E+00  9.785227626867E-03 -4.517262231865E-02  3.538739469098E-02 -3.388839104844E-02 -5.284843548283E-04  9.813779448422E-06  2.129635761306E-06  2.844343266654E-06  1.599252594073E-01 -9.813779463148E-06  1.910998543903E-03  4.604991467242E-20 -5.926474920430E-21  6.291360566240E-20 -2.068509095133E-03
  1.200000000000E+02  1.220000000000E+02  1.039434375039E+01 -3.943365798105E-15 -4.949053591186E-02  1.090352080734E+02  2.161036162394E-01  3.216583520517E-01 -1.761993197205E-01  3.484356258254E-04 -5.337127396478E-01  2.149517249494E+00  9.340934341158E-03 -4.394990411227E-02  3.460896977118E-02 -3.231658065821E-02 -5.887790856489E-04  2.554523886297E-06  1.943053250865E-06 -1.334093730377E-06  1.532823612846E-01 -2.554523879655E-06  2.570656155502E-03  3.239089709946E-20 -2.608803296397E-21  8.189430649879E-20 -1.970550410377E-03
  1.240000000000E+02  1.260000000000E+02  1.043180627716E+01 -4.224446566575E-15 -4.874714751004E-02  1.098060739394E+02  2.160431985516E-01  3.202541373695E-01 -1.753898050583E-01  4.024613616418E-04 -5.280998781775E-01  2.117581615608E+00  8.905083461201E-03 -4.275224136548E-02  3.384715790448E-02 -3.076162747701E-02 -6.092232229657E-04 -8.587700906782E-07  1.555011582631E-06  4.670330029823E-07  1.471876863361E-01  8.587700896438E-07  3.526050913645E-03  4.359886163470E-20 -8.951205629316E-21  6.656807220693E-20 -1.877401288844E-03
  1.280000000000E+02  1.300000000000E+02  1.046794745215E+01 -3.885873863715E-15 -4.771629737393E-02  1.105521736799E+02  2.159486440122E-01  3.189566903620E-01 -1.745778286506E-01  4.612053045724E-04 -5.191675360531E-01  2.087899783634E+00  8.464641942096E-03 -4.165843266624E-02  3.319379072392E-02 -2.933239194056E-02 -7.533242557462E-04 -1.199962116027E-06  6.241482812611E-07  6.383578147367E-06  1.415045043678E-01  1.199962162722E-06  4.052735852807E-03  3.086683636578E-20  2.682213973717E-21  5.794729703856E-20 -1.789104737422E-03
  1.320000000000E+02  1.340000000000E+02  1.050254749744E+01 -3.583831835174E-15 -4.671950089216E-02  1.112685797660E+02  2.158361493616E-01  3.174862326351E-01 -1.737731535045E-01  5.066380612447E-04 -5.103765569580E-01  2.058086789369E+00  8.085571370993E-03 -4.058709913152E-02  3.250152776074E-02 -2.789361357535E-02 -7.728390852489E-04  2.308958881068E-06  1.734770661082E-07  7.606557062819E-06  1.354958560585E-01 -2.308958924841E-06  3.833274692217E-03  4.593003744849E-20 -1.859993824302E-21  5.865423176090E-20 -1.702101405182E-03
  1.360000000000E+02  1.380000000000E+02  1.053568051785E+01 -5.602530375390E-15 -4.579014867392E-02  1.119564407439E+02  2.156899702093E-01  3.160433041497E-01 -1.729449497138E-01  5.593422103433E-04 -5.019808173092E-01  2.029392857705E+00  7.732905300860E-03 -3.954208827617E-02  3.180918297556E-02 -2.657673809329E-02 -7.329078304516E-04  1.034732895457E-05  4.093606088201E-07  4.077182235975E-06  1.296398121760E-01 -1.034732892277E-05  3.903278188358E-03  5.338726102882E-20 -1.481587397234E-21  6.547916824441E-20 -1.625133636303E-03
  1.400000000000E+02  1.420000000000E+02  1.056739183407E+01 -8.763288344404E-15 -4.475314245398E-02  1.126163296147E+02  2.154929675895E-01  3.146399349053E-01 -1.721186509783E-01  6.087115041708E-04 -4.922277062264E-01  2.005689106547E+00  7.436683718489E-03 -3.864067275558E-02  3.120398903712E-02 -2.544142713711E-02 -7.534421189670E-04  2.708468128175E-06 -1.985558922443E-07  3.659412315770E-06  1.246286425879E-01 -2.708468203198E-06  3.943514325372E-03  4.338099780655E-20 -7.680262483549E-21  6.244744254169E-20 -1.557796270151E-03
  1.440000000000E+02  1.460000000000E+02  1.059800939482E+01 -1.028670002188E-14 -4.381527118066E-02  1.132553728524E+02  2.152419992711E-01  3.132499699867E-01 -1.712815702133E-01  6.565117762062E-04 -4.831918145511E-01  1.983156320866E+00  7.103487026452E-03 -3.780276697731E-02  3.069927995081E-02 -2.441783142020E-02 -7.367148185522E-04 -7.955018135664E-06 -1.204105780245E-06  9.135571484742E-06  1.203269815657E-01  7.955018132693E-06  3.501804005430E-03  5.011060467694E-20  5.701804378314E-21  6.337692514983E-20 -1.496957436692E-03
  1.480000000000E+02  1.500000000000E+02  1.062754545274E+01 -1.090406006229E-14 -4.299550403863E-02  1.138734972223E+02  2.149413881800E-01  3.118359866638E-01 -1.704466317358E-01  6.931536599019E-04 -4.752166405169E-01  1.961315887710E+00  6.747008527852E-03 -3.698970073259E-02  3.024269220441E-02 -2.348536552196E-02 -6.544194684963E-04 -2.973629389555E-06 -1.279710056244E-06  1.210679841728E-05  1.158263645884E-01  2.973629362910E-06  2.851707496841E-03  4.329000156381E-20  8.271427411007E-21  5.658408214330E-20 -1.435578323398E-03
  1.520000000000E+02  1.540000000000E+02  1.065593205685E+01 -1.135339702749E-14 -4.236216740576E-02  1.144693764278E+02  2.146143537380E-01  3.103671554492E-01 -1.696091890015E-01  7.383910093172E-04 -4.689910243698E-01  1.939910900165E+00  6.445118523342E-03 -3.623209410037E-02  2.978697557702E-02 -2.242260717639E-02 -5.272269547852E-04  5.347980666584E-06 -1.379827804852E-06  7.201902248472E-06  1.117318730214E-01 -5.347980669450E-06  2.490529415625E-03  3.977910673449E-20 -7.238787259722E-21  6.187916116713E-20 -1.372930326189E-03
  1.560000000000E+02  1.580000000000E+02  1.068343398487E+01 -1.105971000545E-14 -4.172806577355E-02  1.150481850324E+02  2.142792632361E-01  3.086924433290E-01 -1.687741632982E-01  7.776442326831E-04 -4.626101063667E-01  1.917642689680E+00  6.170118375805E-03 -3.539775177998E-02  2.922763340421E-02 -2.150517989268E-02 -4.690793897535E-04  4.110489667265E-06 -2.103939978603E-06  2.143527376499E-06  1.078783060322E-01 -4.110489663743E-06  2.220822531311E-03  5.601844165213E-20 -4.375921515455E-21  4.881804225948E-20 -1.316937285767E-03
  1.600000000000E+02  1.620000000000E+02  1.070987369304E+01 -1.036917470290E-14 -4.126726529372E-02  1.156056838911E+02  2.139353813730E-01  3.070134206816E-01 -1.679332403928E-01  8.242710466094E-04 -4.580014771715E-01  1.897259399631E+00  5.948370172579E-03 -3.469931121789E-02  2.875094104515E-02 -2.065952418471E-02 -4.361523929473E-04 -4.707903147655E-06 -2.606221105181E-06  4.140717734296E-06  1.040667177809E-01  4.707903155907E-06  1.285595326385E-03  3.855229511921E-20 -3.347309401060E-21  6.714959113184E-20 -1.265446294243E-03
  1.640000000000E+02  1.660000000000E+02  1.073543728169E+01 -9.122793449487E-15 -4.110488669959E-02  1.161457818710E+02  2.135853035010E-01  3.055478163887E-01 -1.670995666862E-01  8.632794771412E-04 -4.567036172722E-01  1.878766875288E+00  5.790878320420E-03 -3.409282100870E-02  2.830194268823E-02 -1.987424107227E-02 -2.856643584585E-04 -5.781320318304E-06 -2.016788684684E-06  7.250942174195E-06  1.006727861623E-01  5.781320327047E-06  3.647530858189E-04  4.290714275387E-20 -8.037666663910E-21  4.300107811898E-20 -1.219517739592E-03
  1.680000000000E+02  1.700000000000E+02  1.076019830435E+01 -7.502127246974E-15 -4.108072056631E-02  1.166696686574E+02  2.132315212298E-01  3.041915332177E-01 -1.662419273490E-01  9.197977767156E-04 -4.566846731680E-01  1.860697915483E+00  5.584322283737E-03 -3.341071062756E-02  2.782638834374E-02 -1.919556649585E-02 -2.372874060539E-04  5.033257614601E-06 -1.236896606133E-06  5.596124560223E-06  9.738998770555E-02 -5.033257594996E-06  1.059836058596E-04  4.990038815002E-20  2.569921146624E-21  4.839846837034E-20 -1.181605247987E-03
  1.720000000000E+02  1.740000000000E+02  1.078415028208E+01 -6.401337684751E-15 -4.105146486754E-02  1.171767641576E+02  2.128780124495E-01  3.029825864023E-01 -1.654083699750E-01  9.669793667075E-04 -4.565520518832E-01  1.842052375991E+00  5.350459275981E-03 -3.274543374443E-02  2.739497446817E-02 -1.858205293224E-02 -2.274647319786E-04  6.148432583838E-06 -1.387274843166E-06  9.407220664330E-06  9.469034805709E-02 -6.148432566618E-06  2.496762217139E-04  3.757544054712E-20 -3.691463326205E-22  4.519796956487E-20 -1.144523899728E-03
  1.760000000000E+02  1.780000000000E+02  1.080755008907E+01 -5.444483188941E-15 -4.095619502233E-02  1.176726924935E+02  2.125232504902E-01  3.017814122226E-01 -1.645569343221E-01  1.025213963594E-03 -4.555211539523E-01  1.825022855289E+00  5.163832956457E-03 -3.220030243345E-02  2.703646947703E-02 -1.803324738818E-02 -2.138316556903E-04 -3.524819882143E-06 -1.771328386873E-06  6.084655264785E-06  9.158337782206E-02  3.524819913627E-06  3.199332162366E-04  4.297745326644E-20 -3.211945516380E-21  5.562038251190E-20 -1.105023624183E-03
  1.800000000000E+02  1.820000000000E+02  1.082994005583E+01 -3.978397472570E-15 -4.088769759624E-02  1.181478784417E+02  2.121797718768E-01  3.006046660856E-01 -1.637324137012E-01  1.076029640038E-03 -4.544942911548E-01  1.808509320293E+00  4.980742505596E-03 -3.162352212297E-02  2.664277961735E-02 -1.732101692681E-02 -1.913480647090E-04 -2.848339033766E-06 -1.666102594669E-06 -3.151412876143E-06  8.836976889531E-02  2.848339037529E-06  8.446966290537E-05  4.732620371286E-20  2.487937685213E-21  6.661064500075E-20 -1.065384959105E-03
  1.840000000000E+02  1.860000000000E+02  1.085172453686E+01 -2.227499218063E-15 -4.092421799094E-02  1.186107558852E+02  2.118384289782E-01  2.994143764936E-01 -1.628755693301E-01  1.122115829049E-03 -4.542206821924E-01  1.791118531163E+00  4.777100144777E-03 -3.101457514975E-02  2.623747500471E-02 -1.677966685119E-02 -1.483110956798E-04  1.326670858457E-06 -8.792000357307E-07 -1.483523478533E-06  8.541980709270E-02 -1.326670837761E-06 -4.044149884445E-04  3.995183452077E-20 -3.850498231687E-21  5.467072565727E-20 -1.026187403017E-03
  1.880000000000E+02  1.900000000000E+02  1.087264286508E+01 -6.058166844338E-16 -4.109276918319E-02  1.190562246014E+02  2.114905012259E-01  2.982783237349E-01 -1.620713821844E-01  1.169094370212E-03 -4.553844071248E-01  1.774127624454E+00  4.617721033370E-03 -3.043731378510E-02  2.581959275176E-02 -1.608027325755E-02 -5.364985891693E-05  4.891283944668E-06  1.430586604692E-07  7.661226640678E-06  8.296370364773E-02 -4.891283943419E-06 -5.252329882842E-04  3.822854973862E-20 -4.121119667037E-21  5.915394262568E-20 -9.922733347110E-04
  1.920000000000E+02  1.940000000000E+02  1.089320665797E+01  7.539365543911E-16 -4.117629976614E-02  1.194943949707E+02  2.111560272016E-01  2.970083818919E-01 -1.612067129043E-01  1.220727514102E-03 -4.556241820114E-01  1.756969868028E+00  4.424679552141E-03 -2.986809079137E-02  2.544341123902E-02 -1.563104900171E-02 -3.491990736549E-05  1.345721633545E-06  9.963686623117E-07  6.858485857732E-06  8.121098515697E-02 -1.345721633358E-06 -3.280051763485E-04  4.689676047982E-20 -8.652525960998E-21  5.954498624511E-20 -9.612862183692E-04
  1.960000000000E+02  1.980000000000E+02  1.091324037757E+01  1.774887890017E-15 -4.125888823807E-02  1.199224765460E+02  2.108735869500E-01  2.960142161717E-01 -1.604263900515E-01  1.270310989300E-03 -4.561603051021E-01  1.742329670352E+00  4.300067982763E-03 -2.936625982635E-02  2.506619184345E-02 -1.513437890061E-02 -5.975362788860E-05 -2.552152810785E-06  1.606630092776E-06  6.648925482508E-07  7.963471540727E-02  2.552152827381E-06 -1.008301120902E-04  4.604117458688E-20  3.428879125265E-21  6.688356314834E-20 -9.324175007130E-04
  2.000000000000E+02  2.020600000000E+02  1.093301366978E+01  2.812106667319E-15 -4.122931691149E-02  1.203452202200E+02  2.105805524702E-01  2.949023187469E-01 -1.595473604939E-01  1.326997561384E-03 -4.557027352663E-01  1.728490311478E+00  3.970107607252E-03 -2.842912221446E-02  2.445901460730E-02 -1.479697031904E-02  4.575655098384E-05 -2.967929043940E-06  2.125098942369E-06  2.265619435176E-06  7.765857963677E-02  2.967929068626E-06  1.734655665636E-04  5.761372341429E-20 -8.300324838088E-21  5.591644245959E-20 -9.162966304707E-04
  2.041200000000E+02  2.062418000000E+02  1.095323149276E+01  4.002631631810E-15 -4.115614897176E-02  1.207787586268E+02  2.102877485822E-01  2.940836787493E-01 -1.586945054992E-01  1.385445969338E-03 -4.547331929878E-01  1.716171487903E+00  3.592199717568E-03 -2.745651014811E-02  2.386431043050E-02 -1.454748376234E-02  3.608592686237E-05 -1.131478987922E-06  2.740155151776E-06  3.717669185644E-06  7.612299286326E-02  1.131478994523E-06  5.937243103118E-05  3.366682064158E-20  3.183276705715E-21  5.048214112851E-20 -8.982219981128E-04
  2.083636000000E+02  2.105490540000E+02  1.097339520214E+01  5.208116923838E-15 -4.119169198349E-02  1.212114116618E+02  2.099199266659E-01  2.933270425838E-01 -1.577711559313E-01  1.433457609145E-03 -4.550396500164E-01  1.703364334984E+00  3.236035060502E-03 -2.641995415578E-02  2.318391909526E-02 -1.420382643988E-02  8.226857301797E-05 -1.365969583827E-06  3.032255703621E-06  2.199564225212E-06  7.402379705643E-02  1.365969645044E-06  4.478675263364E-05  4.312587974240E-20  9.929014662540E-22  4.485140422229E-20 -8.800477851857E-04
  2.127345080000E+02  2.149855256200E+02  1.099366655133E+01  7.081144264703E-15 -4.113922575882E-02  1.216476872564E+02  2.094483873151E-01  2.926631124745E-01 -1.568531404389E-01  1.493038876024E-03 -4.544844202368E-01  1.692414022075E+00  2.910312503669E-03 -2.545504882614E-02  2.254473632264E-02 -1.393823837600E-02  4.232652851059E-05 -1.308267422600E-06  3.233206220682E-06  2.505408263170E-06  7.218516120754E-02  1.308267411341E-06 -5.834069850388E-05  3.912064509797E-20  7.693214161218E-21  5.163706155496E-20 -8.615464829454E-04
  2.172365432400E+02  2.195550913886E+02  1.101400363804E+01  9.129198771362E-15 -4.123326254644E-02  1.220860540727E+02  2.089108541176E-01  2.919443379298E-01 -1.558911393976E-01  1.538329500544E-03 -4.554958683855E-01  1.682162291863E+00  2.547270475340E-03 -2.449845059876E-02  2.195118012347E-02 -1.368387783129E-02  4.930182240660E-05  1.524026296513E-07  3.327579587397E-06 -4.956029886592E-07  7.063405262242E-02 -1.524026104130E-07 -2.083424029506E-04  4.705825959648E-20  1.215323774625E-20  5.225006233817E-20 -8.480220264523E-04
  2.218736395372E+02  2.242617441303E+02  1.103460407014E+01  9.875008941349E-15 -4.127640707601E-02  1.225309654867E+02  2.083782202267E-01  2.910460468284E-01 -1.549088042377E-01  1.598839392529E-03 -4.559017791661E-01  1.672126021851E+00  2.144739847109E-03 -2.346057936582E-02  2.131583951861E-02 -1.347932190907E-02  1.632400753697E-05  2.208543381267E-06  2.959210509384E-06  1.310806487121E-06  6.944710810551E-02 -2.208543409232E-06  8.889431514718E-05  4.366809654961E-20  4.907457459809E-22  4.721279528626E-20 -8.357383638920E-04
  2.266498487233E+02  2.291095964542E+02  1.105546062099E+01  9.764502430000E-15 -4.119659835107E-02  1.229825357244E+02  2.078764396972E-01  2.901526468700E-01 -1.539067780396E-01  1.646481227676E-03 -4.549854992545E-01  1.662307230028E+00  1.776834047812E-03 -2.244802786922E-02  2.067119382153E-02 -1.328446837519E-02 -1.128959016250E-05 -1.054657993494E-06  2.566711977260E-06  4.619161466026E-06  6.822212082556E-02  1.054658014358E-06  2.979921276349E-04  3.633598196475E-20  8.448597550026E-21  4.698069315878E-20 -8.223028979687E-04
  2.315693441850E+02  2.341028843478E+02  1.107654852357E+01  9.630020305490E-15 -4.110177287751E-02  1.234399596209E+02  2.073981139332E-01  2.894957342000E-01 -1.528569143952E-01  1.692038591113E-03 -4.542627086479E-01  1.653666051228E+00  1.414423711491E-03 -2.140506040985E-02  1.999063669830E-02 -1.305891854013E-02  1.727544736059E-05  8.324090555209E-07  2.681349392107E-06  1.080798236326E-06  6.678845997894E-02 -8.324090694787E-07  2.146165431155E-04  4.002309565334E-20  3.143232335340E-21  3.803937375985E-20 -8.091874474831E-04
  2.366364245106E+02  2.392459708782E+02  1.109776925675E+01  9.175310106598E-15 -4.107504968718E-02  1.239005554457E+02  2.069476737484E-01  2.890823226194E-01 -1.518033440362E-01  1.722146285774E-03 -4.544379570118E-01  1.646081388258E+00  1.068286406998E-03 -2.036553088402E-02  1.929724447688E-02 -1.285525448612E-02  4.731801652671E-05  6.113201249568E-06  3.065955289619E-06 -2.825612804432E-06  6.529175412395E-02 -6.113201248425E-06  2.957685512910E-04  4.668068085041E-20 -3.837704311268E-22  3.615294920759E-20 -7.991392373416E-04
  2.418555172459E+02  2.445433500046E+02  1.111916321187E+01  8.259115758201E-15 -4.092013285074E-02  1.243663411839E+02  2.065016175507E-01  2.888556423233E-01 -1.507103940608E-01  1.746166463086E-03 -4.534879753181E-01  1.637878433058E+00  6.649338213420E-04 -1.930644281575E-02  1.864150899446E-02 -1.270001501960E-02  2.561318594412E-05 -4.807347839287E-07  3.190600525112E-06 -1.597360284624E-06  6.368670093963E-02  4.807347619839E-07  4.481635003117E-04  4.584202118112E-20 -4.533735624790E-21  4.026739775734E-20 -7.843437421878E-04
  2.472311827633E+02  2.499996505047E+02  1.114057530922E+01  7.081645599788E-15 -4.077003976253E-02  1.248335448760E+02  2.059880910681E-01  2.886773057128E-01 -1.496094595428E-01  1.781127711619E-03 -4.526767242136E-01  1.629799766860E+00  2.133606365911E-04 -1.821189020836E-02  1.799852957178E-02 -1.242864991526E-02 -4.438561990998E-06  1.839823467429E-06  3.317688769848E-06 -1.701181673966E-06  6.201184402089E-02 -1.839823472510E-06  2.202592031401E-04  3.901854668290E-20 -3.023877559706E-21  4.529142652852E-20 -7.702743586833E-04
  2.527681182462E+02  2.556196400198E+02  1.116209222398E+01  6.074861823071E-15 -4.075791212889E-02  1.253044225760E+02  2.053948627887E-01  2.883085380321E-01 -1.484588965020E-01  1.793348820833E-03 -4.534144772655E-01  1.623487261309E+00 -1.602639183293E-04 -1.716380935963E-02  1.732407327792E-02 -1.222117986359E-02  4.140553183058E-05  2.157010407047E-06  3.026680784222E-06 -2.636872596743E-06  6.055180403783E-02 -2.157010429504E-06 -4.181905278097E-04  3.038532792798E-20  2.668322402678E-21  3.834256252713E-20 -7.568319133905E-04
  2.584711617935E+02  2.614082292204E+02  1.118374614729E+01  5.599373684625E-15 -4.105001742049E-02  1.257797901710E+02  2.047173935017E-01  2.880165987204E-01 -1.473057380355E-01  1.802684927259E-03 -4.573809221768E-01  1.619730107298E+00 -5.516546179892E-04 -1.608451593321E-02  1.663617055121E-02 -1.202276110838E-02  1.562648092855E-04 -1.500939036868E-06  2.086803754817E-06 -2.945017227566E-06  5.971431966300E-02  1.500939038391E-06 -1.211562694732E-03  3.391248306882E-20 -5.219941197169E-21  3.851268138320E-20 -7.482226391266E-04
  2.643452966473E+02  2.673704760971E+02  1.120593077925E+01  5.580751283550E-15 -4.162604218648E-02  1.262683289948E+02  2.039663936154E-01  2.879918138281E-01 -1.460815732957E-01  1.804157174809E-03 -4.649722686518E-01  1.614949928393E+00 -9.499263728469E-04 -1.496660768104E-02  1.591653405409E-02 -1.193388375825E-02  2.731825714407E-04  2.418097747892E-07  1.366560817357E-06 -1.324735285748E-06  5.866341653100E-02 -2.418097877089E-07 -2.124682896983E-03  4.376074913218E-20  6.145902957930E-22  2.893475327713E-20 -7.403169036348E-04
  2.703956555468E+02  2.735115903800E+02  1.122812273114E+01  5.788676540423E-15 -4.264141424380E-02  1.267581335739E+02  2.031801835032E-01  2.878289561547E-01 -1.448800453497E-01  1.804269473457E-03 -4.777446780314E-01  1.612823789885E+00 -1.318107184623E-03 -1.389613895305E-02  1.521424613767E-02 -1.175836059560E-02  4.382261724002E-04  1.255921067195E-06  6.806482323779E-07  1.277219115265E-07  5.707366253740E-02 -1.255921070725E-06 -2.581204760349E-03  5.195963594160E-20 -1.355162253039E-21  3.116166683842E-20 -7.297124827847E-04
  2.766275252132E+02  2.798369380914E+02  1.125040991104E+01  6.081169566750E-15 -4.362336155012E-02  1.272508182013E+02  2.024167663119E-01  2.879924864957E-01 -1.436110715904E-01  1.816202751852E-03 -4.907205612201E-01  1.610700855777E+00 -1.707206429136E-03 -1.271925676448E-02  1.442646319362E-02 -1.162734357164E-02  4.581057127853E-04 -1.908180683808E-06 -2.609073181162E-07 -2.421659991262E-06  5.534622361664E-02  1.908180678983E-06 -2.755196535148E-03  3.021604973429E-20  3.136078269699E-21  1.439372414251E-20 -7.225392397035E-04
  2.830463509696E+02  2.863520462341E+02  1.127253268623E+01  6.904165896400E-15 -4.484202288638E-02  1.277413201858E+02  2.017047926054E-01  2.884942430899E-01 -1.423447864436E-01  1.806205392598E-03 -5.061959485158E-01  1.607804687593E+00 -2.110164150517E-03 -1.165662105128E-02  1.376678520174E-02 -1.145489394517E-02  5.175530283002E-04 -3.705072817963E-06 -9.947228499122E-07 -3.288601722014E-06  5.383701297125E-02  3.705072825514E-06 -2.951831496661E-03  3.138760465965E-20  1.800932357881E-21  2.894536335798E-20 -7.105633657155E-04
  2.896577414987E+02  2.930626076211E+02  1.129489594488E+01  8.237596513481E-15 -4.605414457804E-02  1.282379028723E+02  2.010346607376E-01  2.889771859554E-01 -1.410056675920E-01  1.800442966769E-03 -5.217472737481E-01  1.608065667757E+00 -2.540471629432E-03 -1.055345940600E-02  1.309393103534E-02 -1.132858029676E-02  5.195014491340E-04 -4.056213990469E-06 -1.514916758458E-06 -3.771552221352E-06  5.321039509976E-02  4.056214006485E-06 -2.859573876923E-03  3.659913800291E-20 -6.604966698159E-21  2.512587276089E-20 -7.080549808889E-04
  2.964674737436E+02  2.999744858498E+02  1.131781995058E+01  8.865755496644E-15 -4.727133532522E-02  1.287480628579E+02  2.003226712143E-01  2.891360315182E-01 -1.396912435954E-01  1.775675395993E-03 -5.373941004443E-01  1.608675330972E+00 -2.893479527712E-03 -9.373968013377E-03  1.226744754098E-02 -1.136015657571E-02  5.144035094502E-04 -1.354869369447E-06 -1.745775182420E-06 -4.759927422877E-06  5.315742765463E-02  1.354869391711E-06 -2.291446535806E-03  1.918036866416E-20 -8.631477140480E-21  2.154078512172E-20 -7.136910449298E-04
  3.034814979559E+02  3.070937204253E+02  1.134149169241E+01  8.465268705922E-15 -4.807228778712E-02  1.292752457849E+02  1.995073370918E-01  2.888856136142E-01 -1.383145725568E-01  1.774872284958E-03 -5.483356915528E-01  1.611337730615E+00 -3.242533023834E-03 -8.201538376249E-03  1.144407140016E-02 -1.150141952160E-02  4.329674142056E-04  1.315044456396E-07 -2.197124308210E-06 -4.130972835959E-06  5.256441510099E-02 -1.315044451485E-07 -2.063609354541E-03  3.349400890595E-20  3.764026246842E-21  1.754100912581E-20 -7.177948394433E-04
  3.107059428946E+02  3.144265320380E+02  1.136526896160E+01  7.298418235509E-15 -4.915427131331E-02  1.298064058350E+02  1.986040450557E-01  2.886850986004E-01 -1.369274962515E-01  1.754286059150E-03 -5.623493196348E-01  1.615133449620E+00 -3.619724533359E-03 -7.017956617593E-03  1.063768115097E-02 -1.146988651574E-02  5.287064042967E-04 -2.605847610701E-07 -2.691946338542E-06 -3.138463300418E-06  5.145395306543E-02  2.605847610163E-07 -1.754469065671E-03  3.547550802806E-20 -8.625393660882E-21  1.277780636997E-20 -7.175384170664E-04
  3.181471211814E+02  3.219793279992E+02  1.138933158466E+01  5.626715673251E-15 -4.972325988118E-02  1.303450154096E+02  1.976158775490E-01  2.886205451854E-01 -1.354898032758E-01  1.754438267134E-03 -5.702416833653E-01  1.621150972110E+00 -4.031316563797E-03 -5.850113544924E-03  9.881430108815E-03 -1.146780756683E-02  3.397357095850E-04 -7.676275359561E-07 -2.495119994659E-06 -1.742348046218E-06  5.088286965657E-02  7.676275301947E-07 -1.433762078536E-03  2.173057148536E-20 -4.576760616068E-21  2.322977729772E-20 -7.175153163869E-04
  3.258115348169E+02  3.297587078391E+02  1.141400615771E+01  4.756913034772E-15 -5.053092773109E-02  1.308988404709E+02  1.965898360483E-01  2.884900535198E-01 -1.340277851111E-01  1.734113272602E-03 -5.813302437492E-01  1.628934463878E+00 -4.375727700788E-03 -4.686906570450E-03  9.062634271175E-03 -1.151962349343E-02  3.594614635831E-04 -1.064302258704E-06 -2.043295913176E-06 -1.233163905243E-06  5.086945005397E-02  1.064302266042E-06 -1.692154607830E-03  3.525331799772E-20  2.141384739953E-21  9.943340327309E-21 -7.204531756166E-04
  3.337058808614E+02  3.377714690743E+02  1.143952413519E+01  4.075972343207E-15 -5.137794005353E-02  1.314730389622E+02  1.955429672364E-01  2.881511324264E-01 -1.325224795082E-01  1.711968215190E-03 -5.924378367420E-01  1.638371623264E+00 -4.638211027714E-03 -3.549928755751E-03  8.188139783558E-03 -1.160703341235E-02  3.616152797476E-04 -1.863229427344E-06 -1.717329743502E-06 -1.230965194450E-07  5.110943573496E-02  1.863229421321E-06 -1.064360176183E-03  2.542165374723E-20  6.435076099956E-21  7.719207548576E-21 -7.338628911463E-04
  3.418370572872E+02  3.460246131465E+02  1.146594672843E+01  2.445989157746E-15 -5.159933020252E-02  1.320693641413E+02  1.944356384575E-01  2.882800080013E-01 -1.309727839267E-01  1.715174162055E-03 -5.966534407208E-01  1.648865119046E+00 -4.944219378727E-03 -2.434473582683E-03  7.378692961432E-03 -1.182750300799E-02  1.535326772729E-04 -4.166927556848E-06 -1.464329251750E-06  3.469264473668E-07  5.115989523490E-02  4.166927558312E-06 -3.827771729509E-05  2.719629122429E-20 -4.867902767075E-21  6.676873516073E-21 -7.390681730985E-04
  3.502121690058E+02  3.545253515409E+02  1.149308125212E+01  7.939797546282E-16 -5.141583216496E-02  1.326831801118E+02  1.932971327490E-01  2.883959339008E-01 -1.293665463073E-01  1.703502704971E-03 -5.960475395914E-01  1.658659937532E+00 -5.306653548483E-03 -1.338290438627E-03  6.644943987018E-03 -1.184796739862E-02  5.241945729898E-05  2.766842074894E-08 -1.183119262217E-06 -2.938685520709E-07  5.122312295865E-02 -2.766842962322E-08  5.814656966445E-04  2.267806968057E-20  3.284493942287E-21  7.081738100145E-21 -7.452674622610E-04
  3.588385340760E+02  3.632811120872E+02  1.152119584463E+01 -2.709545550890E-16 -5.098367219429E-02  1.333219330065E+02  1.920797187199E-01  2.873820949802E-01 -1.277423835346E-01  1.650418389338E-03 -5.918165118241E-01  1.670387585609E+00 -5.660145706508E-03 -2.050039124982E-04  5.865149618960E-03 -1.198809660643E-02 -1.665053686221E-06  1.065874647471E-06 -1.287436092761E-06  4.184488110283E-07  5.085730355846E-02 -1.065874634165E-06  1.114029330482E-03  2.926888038911E-20  9.337335953279E-22  2.161571554055E-22 -7.488650558238E-04
  3.677236900983E+02  3.722995454498E+02  1.154958785644E+01 -8.484740687820E-16 -5.019931775041E-02  1.339689042668E+02  1.907301907136E-01  2.856177971616E-01 -1.260673641014E-01  1.606488482838E-03 -5.832618817858E-01  1.683827210454E+00 -5.984211397055E-03  9.473669060435E-04  5.036844491106E-03 -1.196460235989E-02 -7.859055773540E-05  1.497240893826E-06 -1.438210221910E-06  1.170565408979E-07  5.014475150301E-02 -1.497240898686E-06  1.529992377493E-03  3.709069379806E-20  6.990805823147E-21  5.736016993825E-22 -7.512679304554E-04
  3.768754008012E+02  3.815885318133E+02  1.157857253430E+01 -1.314024120994E-15 -4.924656470518E-02  1.346304190180E+02  1.892471147757E-01  2.837017339107E-01 -1.243929778641E-01  1.573137058639E-03 -5.734494327976E-01  1.698827566781E+00 -6.296771489726E-03  2.069647766201E-03  4.227123723478E-03 -1.211869108835E-02 -1.149978724529E-04  1.948257635313E-06 -7.979735025286E-07  1.623287602917E-07  5.066326688121E-02 -1.948257629071E-06  1.718706647485E-03  2.409142189450E-20  3.719406422553E-21  1.345154882686E-20 -7.669798494993E-04
  3.863016628253E+02  3.911561877677E+02  1.160929189915E+01 -1.407052425961E-15 -4.816863934853E-02  1.353342059570E+02  1.876041165254E-01  2.815064733178E-01 -1.226204453808E-01  1.479091193655E-03 -5.615664925370E-01  1.717484870654E+00 -6.631295120889E-03  3.206215905340E-03  3.425079215426E-03 -1.239359536364E-02 -1.298044862780E-04  8.906294800372E-07  4.875327502497E-07 -3.358704920473E-06  5.091540260687E-02 -8.906294739032E-07  1.576549303981E-03  7.755891546905E-21  6.142946159927E-21 -7.464741325050E-22 -7.765803252530E-04
  3.960107127100E+02  4.010108734007E+02  1.164038340903E+01 -1.391137205431E-15 -4.731350113349E-02  1.360476679995E+02  1.857462906551E-01  2.785905765102E-01 -1.208304899138E-01  1.428257256779E-03 -5.525419927333E-01  1.738138090351E+00 -6.981368593654E-03  4.282278102169E-03  2.699090491532E-03 -1.248250958468E-02 -5.212438308960E-05  1.804210333546E-06  9.660496797782E-07 -6.108849269920E-06  4.997468716099E-02 -1.804210320121E-06  1.437595854227E-03  2.329355785740E-20  1.465016489407E-21 -3.000013698673E-21 -7.811960748730E-04
  4.060110340913E+02  4.111611996027E+02  1.167176738840E+01 -2.420096241462E-15 -4.635168155348E-02  1.367697550300E+02  1.836944704713E-01  2.747546710948E-01 -1.189719788285E-01  1.351808180155E-03 -5.418828706934E-01  1.761651287822E+00 -7.296264072449E-03  5.401176063198E-03  1.895088009242E-03 -1.251224338578E-02 -6.673419558977E-05  1.587576661795E-06  5.213501278884E-07 -5.685975769657E-06  4.987590796273E-02 -1.587576679267E-06  8.131633186497E-04  2.563695975999E-20  1.445056802778E-22  7.266300693309E-21 -7.914614043094E-04
  4.163113651141E+02  4.216160355908E+02  1.170459223051E+01 -4.013128660404E-15 -4.625769673757E-02  1.375264903489E+02  1.815119722489E-01  2.717894714718E-01 -1.170846130628E-01  1.309343035066E-03 -5.413798313844E-01  1.787913337843E+00 -7.513980541378E-03  6.404033601131E-03  1.109946940410E-03 -1.279743457766E-02  1.087576091071E-04  1.401433315679E-06  2.970919455999E-07 -5.341164847733E-06  4.999140483633E-02 -1.401433327053E-06  1.942808521656E-04  2.785707338433E-20  5.780759456818E-21 -1.077579430775E-20 -8.031913026456E-04
  4.269207060675E+02  4.323845166585E+02  1.173806243732E+01 -4.939129545171E-15 -4.608244683646E-02  1.383004773513E+02  1.792288411256E-01  2.677415666812E-01 -1.151410926714E-01  1.259659425434E-03 -5.397878866950E-01  1.814269829773E+00 -7.780353365444E-03  7.439978088818E-03  3.403752765928E-04 -1.293878566126E-02  4.706821523155E-05  2.213687916685E-06  2.508038336877E-07 -3.988741226333E-06  4.922724106434E-02 -2.213687926018E-06  3.751650319406E-04  2.610435379442E-20  9.984880016808E-21 -5.384957461380E-21 -8.063746516441E-04
  4.378483272495E+02  4.434760521583E+02  1.177182843522E+01 -5.620772366062E-15 -4.573101441716E-02  1.390836326287E+02  1.768748512786E-01  2.642471945738E-01 -1.131078056648E-01  1.169234522329E-03 -5.374022993853E-01  1.842796708062E+00 -8.170696914429E-03  8.573660243000E-03 -4.029633285267E-04 -1.290836091144E-02  8.928155016678E-05  3.251331705267E-07  1.833491425176E-07 -1.948568170050E-06  4.902850936588E-02 -3.251331623550E-07  1.952742106152E-04  1.270566755588E-20 -1.879203183284E-21 -1.080097430190E-20 -8.150439927016E-04
  4.491037770670E+02  4.549003337230E+02  1.180703121639E+01 -6.882406970721E-15 -4.582277345139E-02  1.399019966742E+02  1.743582750025E-01  2.602136398634E-01 -1.110775117921E-01  1.079070492446E-03 -5.399392840873E-01  1.868310082005E+00 -8.392745205673E-03  9.463108997429E-03 -1.070363791771E-03 -1.315032073813E-02  1.599448402634E-04 -2.743519330048E-06  4.354159074699E-07 -3.697269905292E-06  4.922211970543E-02  2.743519314492E-06  4.444799533608E-04  1.438149395643E-20 -1.879850228506E-21 -5.777590654601E-21 -8.271463199166E-04
  4.606968903790E+02  4.666673437347E+02  1.184315330567E+01 -7.690197148062E-15 -4.511558826102E-02  1.407429982601E+02  1.716456613101E-01  2.565494815779E-01 -1.089438210512E-01  9.660916408600E-04 -5.335068709393E-01  1.900638992337E+00 -8.588080854528E-03  1.048313393224E-02 -1.895053077752E-03 -1.333330603681E-02  1.645147565356E-05  3.712554433856E-07  7.378392474393E-07 -1.986445383103E-06  4.893319805779E-02 -3.712554440600E-07  1.556725380174E-03  8.090023461841E-21 -7.518006882024E-22 -1.676027284055E-20 -8.414939104604E-04
  4.726377970904E+02  4.787873640468E+02  1.188007232074E+01 -7.505425389983E-15 -4.351243133720E-02  1.416036746188E+02  1.688844258381E-01  2.521722789695E-01 -1.067902222600E-01  8.924164010887E-04 -5.174929710693E-01  1.937029075087E+00 -8.816735668245E-03  1.145513968091E-02 -2.638404012551E-03 -1.361284610963E-02 -1.306022316729E-04  1.657003114808E-06  1.330005669475E-07  6.420522306190E-07  4.811602915804E-02 -1.657003118439E-06  2.543910584543E-03 -5.451596478072E-23  6.724913144419E-21 -1.259505979656E-20 -8.484572474492E-04
  4.849369310031E+02  4.912709849682E+02  1.191714201315E+01 -6.126180870462E-15 -4.121475043980E-02  1.424696846275E+02  1.662201021850E-01  2.468352965971E-01 -1.044720350393E-01  7.234573135940E-04 -4.917649575719E-01  1.975334704280E+00 -9.061110225635E-03  1.238122572169E-02 -3.320115496090E-03 -1.361181313650E-02 -2.687215448835E-04  1.082433758755E-07 -5.946978002405E-07  3.076409913252E-06  4.771632489227E-02 -1.082433476939E-07  1.450001051155E-03  8.434899218272E-21 -1.967021863147E-21 -1.523756525810E-20 -8.637745826256E-04
  4.976050389332E+02  5.041291145172E+02  1.195565650257E+01 -3.212668557110E-15 -4.122677854409E-02  1.433714583647E+02  1.636106484000E-01  2.402434473371E-01 -1.021748758057E-01  6.231743850043E-04 -4.937063651552E-01  2.014346931259E+00 -9.222768451782E-03  1.312200035950E-02 -3.899231907728E-03 -1.397236899177E-02  2.161982476522E-05  1.471888810373E-06 -3.328621048564E-07  5.132287585343E-06  4.730940572362E-02 -1.471888816309E-06  8.138701466935E-04  4.850575445093E-21  1.176542432479E-20 -1.476352775161E-20 -8.730991339191E-04
  5.106531901012E+02  5.173729879527E+02  1.199431296465E+01 -1.098267599549E-15 -3.988966434941E-02  1.442807442242E+02  1.609968344967E-01  2.346048748888E-01 -9.978001697789E-02  4.645451434502E-04 -4.787884696872E-01  2.045879780361E+00 -9.228649567357E-03  1.378002917887E-02 -4.551379611686E-03 -1.399422518369E-02 -2.272738601134E-04 -6.368709469058E-07 -6.631729126464E-07  4.099387256545E-06  4.747767984066E-02  6.368709647609E-07  1.102836766990E-03  9.391650174569E-21  2.789843167057E-21 -3.771374917236E-21 -8.846682028169E-04
  5.240927858042E+02  5.310141775913E+02  1.203540632417E+01 -2.313415662739E-16 -3.937325729185E-02  1.452511501567E+02  1.584089771018E-01  2.284048725546E-01 -9.735543116914E-02  4.210261193652E-04 -4.747237887274E-01  2.093676787720E+00 -9.404631104021E-03  1.458854743023E-02 -5.183916326342E-03 -1.442392183204E-02 -4.118410663072E-05 -2.434176699531E-06 -1.986574764884E-06  1.474676997225E-06  4.762393615696E-02  2.434176710697E-06  7.793273089596E-04  4.137253679149E-21  9.004930522292E-21 -6.685947869485E-21 -9.105027220558E-04
  5.379355693784E+02  5.450646029190E+02  1.207672203954E+01  9.173359410049E-16 -3.853899515290E-02  1.462310257486E+02  1.559591887553E-01  2.226791252276E-01 -9.497911008728E-02  1.973852961955E-04 -4.673941790982E-01  2.137500404522E+00 -9.504485324169E-03  1.525288955519E-02 -5.748404230925E-03 -1.472650286021E-02 -1.982668919831E-04 -3.396098417578E-07 -2.473034308113E-06 -5.516750956240E-07  4.814423163322E-02  3.396098552459E-07  1.115124231119E-03 -9.329172152519E-21  1.081970474711E-20 -1.234565439828E-20 -9.421798662160E-04
  5.521936364597E+02  5.595365410066E+02  1.212122082991E+01  2.259433959373E-15 -3.737842187057E-02  1.472921737793E+02  1.536918265117E-01  2.172888199157E-01 -9.250024554123E-02  1.413330618082E-04 -4.564689874336E-01  2.182707275167E+00 -9.632631681111E-03  1.575579595111E-02 -6.123164270011E-03 -1.536378825741E-02 -3.875592308182E-04 -2.163381420704E-06 -1.438479408790E-06 -2.550038399770E-06  4.898138629949E-02  2.163381419251E-06  2.045717683487E-03  5.547823940918E-21  1.408892187665E-20 -5.981304964399E-21 -9.669816363982E-04
  5.668794455535E+02  5.743794455535E+02  1.216663350917E+01  3.293358063113E-15 -3.477632003828E-02  1.483795569435E+02  1.515822717449E-01  2.126949789186E-01 -8.998068108129E-02  1.157254244186E-04 -4.276548230695E-01  2.201309070664E+00 -9.481574108954E-03  1.603613944312E-02 -6.554565334162E-03 -1.555765852779E-02 -8.268121751268E-04 -1.568043265695E-06 -4.305271897868E-08 -4.495407370237E-06  4.960326424495E-02  1.568043283809E-06  3.062359118115E-03 -3.863723845048E-21 -8.152174911970E-22 -1.838588765012E-20 -9.883162968831E-04
  5.818794455535E+02  5.893794455535E+02  1.221422933928E+01  3.751681835566E-15 -3.163131522876E-02  1.495259950118E+02  1.494752881006E-01  2.083328791607E-01 -8.744946934627E-02  2.059297279964E-05 -3.907765613882E-01  2.177783817261E+00 -9.418050712333E-03  1.583518879099E-02 -6.417138078657E-03 -1.575536183867E-02 -9.801213541002E-04 -1.567472751726E-07  3.168597690786E-07 -4.242490498702E-06  4.961259241309E-02  1.567472763307E-07  3.089388076044E-03 -5.679771525358E-21  8.297039124702E-21 -1.253696196059E-20 -9.699442984920E-04
  5.968794455535E+02  6.043794455535E+02  1.225966305978E+01  3.335231107497E-15 -2.899481281933E-02  1.506229748733E+02  1.471276152646E-01  2.040527915121E-01 -8.486050230210E-02 -1.084268107803E-05 -3.606901208648E-01  2.156615564796E+00 -9.319072249919E-03  1.555131157262E-02 -6.232239322741E-03 -1.526269495354E-02 -8.643159201871E-04  4.980593973705E-07  4.373306552234E-09 -8.669405410657E-06  4.822151996819E-02 -4.980593870239E-07  3.264232562405E-03  6.861554972674E-22  6.321536307394E-21 -2.162354060376E-20 -9.417804634420E-04
  6.118794455535E+02  6.193794455535E+02  1.230463920201E+01  3.233918919691E-15 -2.552978366648E-02  1.517150570452E+02  1.445265041132E-01  2.001774587893E-01 -8.221852312972E-02 -9.389005927154E-05 -3.191172458203E-01  2.130625769067E+00 -9.248689033183E-03  1.518063271893E-02 -5.931943685908E-03 -1.486590108039E-02 -1.125243619808E-03  1.805877765680E-06 -1.977050394935E-07 -2.725767956339E-06  4.787713745921E-02 -1.805877773826E-06  4.024586345859E-03 -6.908752494835E-22 -2.752657046449E-21 -1.490811621871E-20 -9.150156464257E-04
  6.268794455535E+02  6.343794455535E+02  1.234942097540E+01  3.430910359055E-15 -2.143910406910E-02  1.528061669064E+02  1.417386334713E-01  1.945138274650E-01 -7.957947418218E-02 -9.391810736466E-05 -2.684850445756E-01  2.107764127525E+00 -9.079788325945E-03  1.495842717967E-02 -5.878638853715E-03 -1.435433844877E-02 -1.254015279370E-03  6.771710047003E-07 -2.169539164256E-07  2.740782177172E-06  4.691634393675E-02 -6.771710109011E-07  4.380587701552E-03 -5.473674034964E-21  1.213768653321E-21 -1.708890777440E-20 -8.851840976347E-04
  6.418794455535E+02  6.493794455535E+02  1.239260891396E+01  3.172581410545E-15 -1.729547148963E-02  1.538632996571E+02  1.387889333952E-01  1.883853352704E-01 -7.691876235078E-02 -2.173670268046E-04 -2.167756734343E-01  2.086666944143E+00 -8.941892358042E-03  1.479681600821E-02 -5.854923650168E-03 -1.396177353329E-02 -1.196077957899E-03  1.318454266598E-06 -1.351565049894E-07  2.731373315346E-06  4.512989041102E-02 -1.318454269859E-06  3.527529903091E-03 -5.258948347088E-21  2.949505879600E-21 -2.279276765435E-20 -8.499327727079E-04
  6.568794455535E+02  6.643794455535E+02  1.243405328693E+01  3.285148195142E-15 -1.482485510613E-02  1.548811665801E+02  1.357226850781E-01  1.816758881586E-01 -7.411534498662E-02 -1.116489780033E-04 -1.856381906629E-01  2.052295471755E+00 -8.658145325534E-03  1.432445235289E-02 -5.666307027302E-03 -1.320673024161E-02 -7.788265889944E-04 -7.566761166048E-07 -3.036192319315E-07  1.460160631480E-06  4.353156828444E-02  7.566761223843E-07  2.483892932918E-03 -3.513092335704E-22 -1.168714404848E-22 -2.784508413371E-20 -8.091759000419E-04
  6.718794455535E+02  6.793794455535E+02  1.247422165403E+01  3.821852556651E-15 -1.265842973363E-02  1.558713075420E+02  1.322293061487E-01  1.741034905483E-01 -7.139059061708E-02 -1.674697601824E-04 -1.575494617542E-01  2.023469507789E+00 -8.637131066319E-03  1.412553819734E-02 -5.488407131068E-03 -1.269604009047E-02 -6.351455673966E-04 -7.103669633497E-07 -1.937642476504E-07  8.602805073390E-07  4.191273325501E-02  7.103669685046E-07  2.458477573471E-03 -8.468099403490E-21  3.708144683810E-21 -2.633768897218E-20 -7.761166678063E-04
  6.868794455535E+02  6.943794455535E+02  1.251261947154E+01  3.825779536920E-15 -1.022752119429E-02  1.568198200485E+02  1.284747663931E-01  1.673133189501E-01 -6.857848711760E-02 -9.009706278755E-05 -1.266190407492E-01  1.987132834769E+00 -8.417055418677E-03  1.384377453076E-02 -5.426719112160E-03 -1.216358008201E-02 -5.923767385321E-04 -1.271883753613E-07  1.178230291303E-07 -1.728333175098E-06  4.088015732739E-02  1.271883746785E-07  1.622663791150E-03 -1.423872308595E-20  7.072879216818E-21 -2.470330680981E-20 -7.471539760237E-04
  7.018794455535E+02  7.093794455535E+02  1.255087373301E+01  2.590373806658E-15 -9.599594330356E-03  1.577692435299E+02  1.247456387244E-01  1.610052081800E-01 -6.572194714708E-02 -9.788757497753E-05 -1.182722921790E-01  1.952245248425E+00 -8.255091704615E-03  1.348905989033E-02 -5.233968185725E-03 -1.169132055429E-02 -3.754141971966E-04  3.913746312454E-07  1.553395208604E-07 -1.618978133614E-06  3.976263697270E-02 -3.913746512418E-07  5.320741221838E-04 -3.221337491239E-21 -3.646943701139E-21 -2.497275434913E-20 -7.123383282113E-04
  7.168794455535E+02  7.243794455535E+02  1.258718505823E+01  1.375303083223E-15 -9.215836047465E-03  1.586729417319E+02  1.209827329062E-01  1.540670237865E-01 -6.289708738927E-02  7.757394930789E-06 -1.129794321427E-01  1.926819433040E+00 -8.088064004073E-03  1.320236145047E-02 -5.114297446536E-03 -1.119204868703E-02 -2.141545391234E-04  2.031723900439E-07  1.182116797099E-08 -5.656262600170E-09  3.896509619168E-02 -2.031723913410E-07 -3.587268316221E-04 -1.682866513344E-20  1.099154267707E-21 -1.885439832318E-20 -6.939935652542E-04
  7.318794455535E+02  7.393794455535E+02  1.262393839861E+01  6.909136168280E-16 -1.027812834063E-02  1.595903518688E+02  1.171425601001E-01  1.474163821639E-01 -5.991253137401E-02  9.748119958334E-05 -1.255961828687E-01  1.898792287286E+00 -7.753409318561E-03  1.291573595874E-02 -5.162326640077E-03 -1.104129840493E-02  1.001560440857E-04  6.808465263804E-07 -3.694292721070E-07  1.542629245260E-06  3.851091157620E-02 -6.808465231591E-07 -1.341109521469E-03 -1.448102376834E-20  5.747215760161E-21 -3.038154208962E-20 -6.832646102784E-04
  7.468794455535E+02  7.543794455535E+02  1.265939068451E+01  2.526899407311E-16 -1.172682725640E-02  1.604788111943E+02  1.133263190527E-01  1.412857720495E-01 -5.695583361077E-02  1.740830780068E-04 -1.432301622837E-01  1.867110274317E+00 -7.539398439016E-03  1.263497440021E-02 -5.095575961148E-03 -1.078248131374E-02  2.342570841846E-04  7.377660310102E-07 -7.814050670810E-07  4.179379178293E-06  3.724073488559E-02 -7.377660290769E-07 -2.151609116719E-03 -1.817338116918E-20  1.633301177687E-21 -2.692116640502E-20 -6.636357035648E-04
  7.618794455535E+02  7.693794455535E+02  1.269376538294E+01  5.278929781731E-16 -1.429953433121E-02  1.613427075408E+02  1.094533844515E-01  1.349646246875E-01 -5.384581776662E-02  1.956909231422E-04 -1.757719129348E-01  1.836041637913E+00 -7.421121342575E-03  1.228376321479E-02 -4.862641872296E-03 -1.035094336025E-02  5.057484687068E-04  5.332467125438E-08 -1.590739466472E-06  3.430917073009E-06  3.551329965176E-02 -5.332467751222E-08 -1.467732621097E-03 -7.463464723447E-21  1.717166887844E-21 -3.596460332674E-20 -6.278594311379E-04
  7.768794455535E+02  7.843794455535E+02  1.272599148743E+01  1.234981879492E-15 -1.447475635757E-02  1.621541519603E+02  1.053562259923E-01  1.295549789255E-01 -5.084482190772E-02  3.451902849820E-04 -1.784075214775E-01  1.801375891477E+00 -7.314393398632E-03  1.190013177463E-02 -4.585738375961E-03 -9.641204565306E-03  4.363316123138E-05 -7.914420996181E-07 -2.022708926396E-06 -7.179125281493E-07  3.270435249327E-02  7.914421009923E-07  1.299719258712E-04 -1.837507829281E-20 -4.038386258290E-22 -3.070089738726E-20 -5.757506874146E-04
  7.918794455535E+02  7.993794455535E+02  1.275510302885E+01  2.396757994618E-15 -1.406180616530E-02  1.628885499987E+02  1.012385671283E-01  1.239321174501E-01 -4.760809048411E-02  3.880355903596E-04 -1.735802402763E-01  1.769912198807E+00 -7.203499043829E-03  1.156333471206E-02 -4.359835668266E-03 -8.758892633299E-03 -3.518551474491E-05 -1.810372765101E-06 -2.197424687919E-06 -8.199585671014E-07  2.980984273195E-02  1.810372784936E-06  1.561176615343E-03 -1.394708981717E-20  1.594064469808E-21 -2.612692854927E-20 -5.187271661846E-04
  8.068794455535E+02  8.143794455535E+02  1.278189133905E+01  3.514093096374E-15 -1.155929489413E-02  1.635656444709E+02  9.699495420299E-02  1.182078911752E-01 -4.444537206562E-02  5.248935232698E-04 -1.436320423311E-01  1.733231847935E+00 -7.149911902320E-03  1.130074055750E-02 -4.150828655191E-03 -7.845712267608E-03 -2.741488419261E-04 -5.449515609287E-07 -2.861372665614E-06 -1.202796159711E-06  2.758882446754E-02  5.449515667179E-07  2.071933595486E-03 -7.158171266408E-21 -5.691695935668E-21 -2.138779648832E-20 -4.674143660053E-04
  8.218794455535E+02  8.293794455535E+02  1.280682447541E+01  3.664824520244E-15 -1.017946609426E-02  1.641965599645E+02  9.263810072524E-02  1.141055020133E-01 -4.113891868002E-02  4.868306818194E-04 -1.279302900899E-01  1.701515309797E+00 -6.842031717329E-03  1.087036385132E-02 -4.028332134060E-03 -7.212388499341E-03 -5.793326022908E-05  4.256990264848E-07 -3.052860616720E-06 -1.316259472026E-06  2.526957151268E-02 -4.256990230074E-07  7.162304727781E-04 -1.552500168946E-20  3.521356744567E-21 -3.146839442706E-20 -4.333557780044E-04
  8.368794455535E+02  8.443794455535E+02  1.282926638060E+01  4.093199303806E-15 -1.020996941911E-02  1.647648837513E+02  8.803979273413E-02  1.105120365302E-01 -3.778786371770E-02  5.209585098354E-04 -1.306216932530E-01  1.682017361390E+00 -6.719475039985E-03  1.060410910173E-02 -3.884634061877E-03 -6.664134326809E-03  4.708542374813E-05  3.898235026171E-07 -2.504231301538E-06 -3.161633635729E-06  2.294587703580E-02 -3.898235004610E-07  7.534435946732E-04 -1.152376156993E-20 -4.559775152416E-21 -2.824115255671E-20 -3.994762296637E-04
  8.518794455535E+02  8.593794455535E+02  1.284984033035E+01  5.327162033257E-15 -8.769823912099E-03  1.652869051631E+02  8.310073154182E-02  1.081847522301E-01 -3.440341403156E-02  4.432425397763E-04 -1.133633383124E-01  1.660072724059E+00 -6.650527126245E-03  1.028329907639E-02 -3.632771950111E-03 -6.070446304498E-03 -1.091653360699E-04  8.526071091178E-08 -1.798818464714E-06 -1.734874936801E-06  2.133164186325E-02 -8.526070616132E-08  1.131939716845E-03 -6.359157776575E-21 -1.367339638708E-21 -3.198671040777E-20 -3.598812859947E-04
  8.668794455535E+02  8.743794455535E+02  1.286924940153E+01  5.945778519418E-15 -8.101400165854E-03  1.657815087299E+02  7.769111299166E-02  1.071944991193E-01 -3.092393975983E-02  4.498335643209E-04 -1.049143729743E-01  1.630231535079E+00 -6.460770198555E-03  1.001019515824E-02 -3.549424959774E-03 -5.455886810444E-03 -9.631065069648E-05 -7.364913872292E-07 -1.436144355385E-06  1.297264724724E-06  1.975401526862E-02  7.364913678168E-07  2.436110584378E-03 -2.034720865471E-20  3.285570236508E-21 -2.378623150578E-20 -3.248424999322E-04
  8.818794455535E+02  8.893794455535E+02  1.288686728646E+01  5.462504219210E-15 -4.212021439603E-03  1.662306531031E+02  7.179767831963E-02  1.068378550436E-01 -2.743631941635E-02  3.177693135882E-04 -5.440508715522E-02  1.607294752444E+00 -6.336764319745E-03  9.889925247946E-03 -3.553160928297E-03 -4.950146649671E-03 -5.166183182744E-04 -4.207288701664E-07 -1.063081887750E-06  6.729482387526E-07  1.833436987934E-02  4.207288726005E-07  3.280691954885E-03 -1.993085120779E-20 -6.946664322947E-21 -2.497798425879E-20 -2.942345165047E-04
  8.968794455535E+02  9.043794455535E+02  1.290361941229E+01  4.282387667855E-15 -1.949111015070E-03  1.666599421268E+02  6.536515210722E-02  1.071890190063E-01 -2.390659361835E-02  3.286129431189E-04 -2.461677041480E-02  1.585011569417E+00 -6.162723910914E-03  9.643285407657E-03 -3.480561496622E-03 -4.472837495372E-03 -3.566363835376E-04  1.596309591153E-08 -6.358663624547E-07  1.056649198398E-06  1.711469303064E-02 -1.596310972598E-08  3.704473473109E-03 -1.727821149962E-20  3.340131812191E-21 -2.392471534310E-20 -2.673708627384E-04
  9.118794455535E+02  9.193794455535E+02  1.291896212477E+01  3.158208214625E-15  2.743227453239E-03  1.670535365447E+02  5.848005567962E-02  1.090504759858E-01 -2.034994469321E-02  1.763084515481E-04  3.697637639332E-02  1.557148400379E+00 -5.877066811860E-03  9.335030154501E-03 -3.457963342726E-03 -4.080578638104E-03 -6.266516813873E-04 -9.124266932410E-07 -8.700203991494E-07  4.147170276868E-07  1.584029787254E-02  9.124266895419E-07  3.646920898798E-03 -1.458459881448E-20 -1.728543616067E-21 -1.837287032807E-20 -2.439063157983E-04
  9.268794455535E+02  9.343794455535E+02  1.293333082283E+01  3.015962118357E-15  4.898702267481E-03  1.674238968456E+02  5.093539185924E-02  1.106769097967E-01 -1.671808607234E-02  2.268113514054E-04  6.476132257935E-02  1.528295748050E+00 -5.653991869636E-03  8.939080958809E-03 -3.285089089130E-03 -3.773853112127E-03 -3.867385924493E-04 -2.027023714449E-07 -1.284569457366E-06 -3.483877609726E-07  1.591310604816E-02  2.027023801645E-07  3.322030359078E-03 -1.549138825003E-20 -6.060062100249E-22 -1.935789001424E-20 -2.323965614969E-04
  9.418794455535E+02  9.493794455535E+02  1.294880763319E+01  2.847271319180E-15  8.976014632290E-03  1.678232317598E+02  4.230676408435E-02  1.145778055574E-01 -1.308500491795E-02  1.014807916732E-04  1.190684023029E-01  1.509664153634E+00 -5.474621618504E-03  8.640380475429E-03 -3.165758856848E-03 -3.663290575019E-03 -4.941818601342E-04 -4.049461454608E-07 -1.295977177893E-06 -2.281507522443E-06  1.708835151320E-02  4.049461498660E-07  3.768066106767E-03 -1.252508620558E-20 -1.144505558537E-21 -1.981420282338E-20 -2.315703869056E-04
  9.568794455535E+02  9.643794455535E+02  1.296537327006E+01  1.734038404764E-15  1.196026181255E-02  1.682540714293E+02  3.210621709516E-02  1.210391045737E-01 -9.249902149212E-03  6.285396709734E-05  1.587118317777E-01  1.520038135495E+00 -5.398162580943E-03  8.554875273864E-03 -3.156712692968E-03 -3.838824486030E-03 -5.164479268710E-04 -7.735207803412E-12 -9.967229387826E-07 -4.010259529441E-06  2.139904777226E-02  7.729990548196E-12  3.719279325836E-03 -1.467603124472E-20  8.506203511478E-22 -1.184814398669E-20 -2.723854332168E-04
  9.718794455535E+02  9.793794455535E+02  1.298892756165E+01  4.670222542025E-16  1.593666682173E-02  1.688685007923E+02  1.967786258535E-02  1.327046415774E-01 -5.380443977836E-03  3.123959778642E-05  2.102428185230E-01  1.628907941377E+00 -5.614361133217E-03  9.524356865487E-03 -3.909995732264E-03 -5.152334431267E-03 -5.714980104649E-04 -3.170109971803E-07 -7.819465961824E-07 -3.680333902636E-06  3.130760869846E-02  3.170109967876E-07  2.814986830849E-03 -1.767258074567E-20  1.126665720966E-22 -1.441844535036E-20 -4.207904658440E-04
  9.868794455535E+02  9.943794455535E+02  1.302407005798E+01 -3.486945975018E-17  1.722802884978E-02  1.697927073715E+02  4.041866904407E-03  1.540043025227E-01 -1.557208636516E-03  2.956515227929E-05  2.271637008540E-01  1.636662583015E+00 -6.319088689427E-03  1.039574461386E-02 -4.076655924405E-03 -7.382288851122E-03 -1.056585737023E-04 -8.021022889914E-07 -3.784118437320E-07 -2.205326623721E-06  1.874418371089E-02  8.021022888332E-07  6.890585690855E-04 -1.854782653919E-20  6.381094737720E-22 -5.727888543605E-21 -2.180117160144E-04
