                   y                  ym                   U                   V                   W                 U^2                 V^2                 W^2                  UV                  VW                  UW                VISC               SFSxx               SFSyy               SFSzz               SFSxy               SFSyz                dUdX                dVdX                dWdX                dUdY                dVdY                dWdY                dUdZ                dVdZ                dWdZ              SFSxym
 -4.000000000000E+00 -2.000000000000E+00  0.000000000000E+00  0.000000000000E+00  0.000000000000E+00  0.000000000000E+00  0.000000000000E+00  0.000000000000E+00  0.000000000000E+00  0.000000000000E+00  0.000000000000E+00  0.000000000000E+00  0.000000000000E+00  0.000000000000E+00  0.000000000000E+00  0.000000000000E+00  0.000000000000E+00  0.000000000000E+00  0.000000000000E+00  0.000000000000E+00  0.000000000000E+00  0.000000000000E+00  0.000000000000E+00  0.000000000000E+00  0.000000000000E+00  0.000000000000E+00  0.000000000000E+00
  2.220446049250E-16  2.000000000000E+00  4.394443863927E+00 -2.256692915580E-16 -9.154540750162E-02  2.034853999144E+01  2.652744208976E-02  3.466401913926E-01 -8.405384349604E-02 -1.051301310262E-03 -3.925876575071E-01  1.666484478947E+00  3.610603000179E-04  1.546608810590E-02 -1.582714840619E-02 -3.935253555370E+00  6.197947843536E-02 -2.709711848808E-04  1.362410822687E-05 -2.484362259348E-05  2.122390030927E+01  2.709711848724E-04 -3.739595001326E-01  2.293883525270E-20 -1.277172733666E-21  2.416869093632E-21 -2.328724499348E-02
  4.000000000000E+00  6.000000000000E+00  6.217394682845E+00 -5.897850748002E-16 -9.544030173343E-02  4.044199844269E+01  1.130146517008E-01  4.648533211218E-01 -2.209687602920E-01 -9.927021421853E-04 -5.943913151409E-01  4.465435314863E+00  2.623965208660E-01 -1.712876331515E-01 -9.110888771429E-02 -1.377382923978E+00 -7.244926756073E-03  1.199708512311E-04  1.678377565396E-05  2.073737651931E-05  4.617412613089E+00 -1.199708512375E-04 -3.489364258925E-03  8.184457153274E-20  2.859612619684E-21  1.810207976945E-20 -8.035160578141E-02
  8.000000000000E+00  1.000000000000E+01  6.703494026279E+00 -9.582235359640E-16 -9.331118100429E-02  4.641879134782E+01  1.606409332206E-01  4.563945502677E-01 -2.102255626644E-01 -1.109903152531E-03 -6.274452617478E-01  5.018453973810E+00  1.093721292806E-01 -2.300182583488E-01  1.206461290673E-01 -5.469465898655E-01 -2.442554557109E-02  4.745345683505E-05  4.944351587129E-06 -2.320190859460E-05  1.886482300976E+00 -4.745345682997E-05  8.506509281241E-03  7.068872337947E-20 -2.996138661598E-21  6.800351355751E-21 -3.331288951216E-02
  1.200000000000E+01  1.400000000000E+01  7.160457983046E+00 -1.396602777003E-15 -9.113598126006E-02  5.275170222095E+01  1.879790647061E-01  4.518773856077E-01 -2.315586594181E-01 -9.335914171974E-04 -6.555423893832E-01  4.995698503127E+00  1.033211640702E-01 -2.154445304317E-01  1.121233663620E-01 -5.299627148029E-01 -3.994191279051E-03  1.718353990433E-05  7.884904225240E-06 -2.865238709760E-06  1.544601821192E+00 -1.718353992228E-05  7.495930257555E-03  9.490812622463E-20 -4.474932038487E-21  7.057428021910E-20 -2.834273974517E-02
  1.600000000000E+01  1.800000000000E+01  7.475684768195E+00 -1.545343063583E-15 -8.946732064619E-02  5.729668715699E+01  2.066371039304E-01  4.481571800854E-01 -2.310446349632E-01 -1.023557524084E-03 -6.726295534791E-01  4.733422973678E+00  8.553276748239E-02 -1.984199310854E-01  1.128871636008E-01 -3.699619736718E-01 -2.868526051591E-03  3.317137509445E-05  1.179530451910E-05  3.495790993370E-05  1.172945925259E+00 -3.317137509267E-05  4.852286109432E-03  7.268135905058E-20  9.557855094572E-21  6.906270081183E-20 -2.114739540256E-02
  2.000000000000E+01  2.200000000000E+01  7.746996516562E+00 -1.291516662135E-15 -8.872172033335E-02  6.140079845679E+01  2.211616455042E-01  4.471031289199E-01 -2.368071554727E-01 -9.262911864198E-04 -6.920712931172E-01  4.553535737054E+00  7.615314212577E-02 -1.831273503801E-01  1.069742082538E-01 -3.128968144666E-01 -2.629984961712E-03  2.932304911126E-05  9.995821441171E-06 -4.261566833146E-07  9.776551427440E-01 -2.932304911490E-05  3.862880405915E-03  9.513111085487E-20 -3.612456764966E-21  8.914729935446E-20 -1.759029516871E-02
  2.400000000000E+01  2.600000000000E+01  7.964508808445E+00 -8.609379123966E-16 -8.760184179773E-02  6.478617227568E+01  2.328726073397E-01  4.455737170704E-01 -2.369440494860E-01 -9.148510511725E-04 -7.034923233207E-01  4.352565730286E+00  6.625040195560E-02 -1.682260341228E-01  1.019756321676E-01 -2.509270246488E-01 -2.488711420687E-03 -1.281204025214E-05  9.384425552034E-06 -3.357291799136E-05  8.175499667025E-01  1.281204026339E-05  3.878179439702E-03  4.779475737106E-20 -4.523591997314E-21  1.148289413459E-19 -1.456832005388E-02
  2.800000000000E+01  3.000000000000E+01  8.155777195419E+00 -4.766939881024E-16 -8.678278758868E-02  6.785158953814E+01  2.423889917761E-01  4.446221557600E-01 -2.386181463022E-01 -9.007449046232E-04 -7.147738562951E-01  4.189281243556E+00  5.902442034470E-02 -1.557331428139E-01  9.670872247031E-02 -2.174259019304E-01 -2.182052064288E-03 -2.895772776529E-06  8.733017635159E-06 -4.795128067333E-06  7.123533449120E-01  2.895772745928E-06  2.400024459744E-03  4.489714923664E-20 -4.176951267174E-21  9.921479647135E-20 -1.262468968696E-02
  3.200000000000E+01  3.400000000000E+01  8.320762545012E+00 -9.462346000060E-17 -8.641462263257E-02  7.055337598108E+01  2.501509915499E-01  4.432971710456E-01 -2.383604440919E-01 -8.792243452487E-04 -7.272189942322E-01  4.031722346258E+00  5.293590747031E-02 -1.446051378875E-01  9.166923041869E-02 -1.870290770424E-01 -1.570896846826E-03  3.001549941543E-05  3.326092721580E-06 -8.039815493782E-06  6.284759391546E-01 -3.001549938360E-05  1.266209747609E-03  2.082054449680E-20 -2.081875635974E-21  1.064917719908E-19 -1.103622168425E-02
  3.600000000000E+01  3.800000000000E+01  8.470015995406E+00  5.988578321749E-16 -8.617183705418E-02  7.304829689558E+01  2.564570488190E-01  4.413413699848E-01 -2.385630105941E-01 -8.464707839035E-04 -7.388353782837E-01  3.893687016443E+00  4.813057952779E-02 -1.348725932619E-01  8.674201373384E-02 -1.671875611435E-01 -1.476289027054E-03  1.097723680153E-06 -3.218301292576E-06  6.757963520508E-06  5.662097898859E-01 -1.097723684577E-06  1.440690631978E-03  2.195964595566E-20 -1.863076048120E-21  1.088021318801E-19 -9.868041143156E-03
  4.000000000000E+01  4.200000000000E+01  8.603805490104E+00  1.048360888118E-15 -8.571016385443E-02  7.532266984636E+01  2.615360033434E-01  4.388989424025E-01 -2.379625433616E-01 -8.090348499148E-04 -7.478156710492E-01  3.767053547519E+00  4.391467023066E-02 -1.266162206495E-01  8.270155041911E-02 -1.491532915185E-01 -1.587467650282E-03 -1.669521078281E-05 -5.862278309603E-06  1.470559058322E-05  5.124405254221E-01  1.669521082240E-05  2.499345208596E-03  2.621889335800E-20 -7.260349049985E-21  8.168422572654E-20 -8.871021998414E-03
  4.400000000000E+01  4.600000000000E+01  8.726201155939E+00  8.221655778060E-16 -8.490219028261E-02  7.743661409704E+01  2.655971090764E-01  4.368257501092E-01 -2.375311613370E-01 -7.793091686452E-04 -7.523656562826E-01  3.653872764880E+00  4.021826554913E-02 -1.192848862417E-01  7.906662069196E-02 -1.351755183169E-01 -1.806911001334E-03 -4.103019031264E-06 -5.576530178789E-06 -1.005244996918E-05  4.694041392090E-01  4.103019039755E-06  3.888817680425E-03 -8.725232240887E-21 -1.651907710846E-20  8.768928267136E-20 -8.063292884563E-03
  4.800000000000E+01  5.000000000000E+01  8.838498664651E+00  3.445074087116E-16 -8.375182435105E-02  7.940279220269E+01  2.688102630316E-01  4.344972263014E-01 -2.367483577654E-01 -7.359702796253E-04 -7.525554632941E-01  3.550331212075E+00  3.702564914929E-02 -1.127476744143E-01  7.572202526562E-02 -1.231847767939E-01 -2.037546362996E-03  1.369516173796E-06 -6.139401971747E-06 -1.762472323888E-05  4.346729442768E-01 -1.369516192135E-06  4.915537338143E-03 -1.143794647859E-20  5.446684814446E-22  9.835739963835E-20 -7.400860079391E-03
  5.200000000000E+01  5.400000000000E+01  8.943562238278E+00 -2.313805975522E-16 -8.249453250257E-02  8.126622680097E+01  2.713225782153E-01  4.322512996686E-01 -2.359563981551E-01 -7.144411536183E-04 -7.505137261962E-01  3.457274011984E+00  3.429468873726E-02 -1.070826456949E-01  7.278795695715E-02 -1.138034927068E-01 -2.013543645315E-03  3.004112283548E-05 -7.995715766642E-06  2.982969015345E-06  4.054353340761E-01 -3.004112278156E-05  5.047654644687E-03 -3.065886555447E-20 -1.129950158987E-20  1.048880088719E-19 -6.852077526380E-03
  5.600000000000E+01  5.800000000000E+01  9.041260861831E+00 -1.080218307743E-15 -8.125119443510E-02  8.301877082752E+01  2.733042261832E-01  4.299723957732E-01 -2.349853021086E-01 -6.606801611804E-04 -7.476463506726E-01  3.371039080302E+00  3.205013145752E-02 -1.020364275000E-01  6.998629604217E-02 -1.055420276624E-01 -1.927456501355E-03  1.535193683158E-05 -1.024564943598E-05  1.759571506298E-05  3.797517271693E-01 -1.535193687032E-05  5.724483016345E-03 -1.466364173727E-20 -5.676978927665E-21  8.489134988544E-20 -6.380382288224E-03
  6.000000000000E+01  6.200000000000E+01  9.133396819277E+00 -2.331859495717E-15 -7.957236217006E-02  8.468924667195E+01  2.748489154285E-01  4.276531463637E-01 -2.340228807627E-01 -6.271378067081E-04 -7.400503298865E-01  3.293409879042E+00  2.998162584052E-02 -9.757193393249E-02  6.759030809229E-02 -9.876902317772E-02 -2.199263630117E-03 -1.324988839517E-05 -1.117851720224E-05  1.227253970626E-05  3.587941255413E-01  1.324988833835E-05  6.868439246851E-03 -3.875767977679E-20 -9.578170080354E-21  8.614713925478E-20 -5.975589059677E-03
  6.400000000000E+01  6.600000000000E+01  9.220561645494E+00 -3.730014434619E-15 -7.776032129547E-02  8.628521793199E+01  2.760197931115E-01  4.250086652905E-01 -2.329397931611E-01 -5.931324811716E-04 -7.306715557539E-01  3.218331260191E+00  2.798541642772E-02 -9.345756959366E-02  6.547215316550E-02 -9.256075653602E-02 -2.256086468491E-03  7.635787687967E-06 -9.407361826449E-06 -1.153472747317E-06  3.395839215630E-01 -7.635787720307E-06  7.207480955547E-03 -5.890880026054E-20 -6.431215673904E-21  9.992886619315E-20 -5.600917176467E-03
  6.800000000000E+01  7.000000000000E+01  9.303208351901E+00 -4.994390607101E-15 -7.598373621223E-02  8.781182019078E+01  2.768586715494E-01  4.224994944026E-01 -2.318733405297E-01 -5.705219711603E-04 -7.211256799653E-01  3.148230284841E+00  2.629336722562E-02 -8.971500384204E-02  6.342163661697E-02 -8.670535916948E-02 -2.152732571698E-03  1.230370474407E-05 -8.325489557410E-06 -2.791043377257E-05  3.219265667805E-01 -1.230370476495E-05  7.130381835227E-03 -6.053233003619E-20 -7.202862122446E-21  9.153468439518E-20 -5.258842769815E-03
  7.200000000000E+01  7.400000000000E+01  9.381590310048E+00 -5.044433503360E-15 -7.425991956808E-02  8.927247932359E+01  2.774329904670E-01  4.198860118518E-01 -2.307281098175E-01 -5.160907356034E-04 -7.113708854723E-01  3.085564995254E+00  2.476333950198E-02 -8.635814967870E-02  6.159481017743E-02 -8.161018329371E-02 -2.203231120820E-03 -9.853871671737E-06 -8.949326168029E-06 -2.755926318653E-05  3.062962482505E-01  9.853871678719E-06  7.389068531709E-03 -2.324580988128E-20 -3.812671426015E-21  9.854778806527E-20 -4.956586330284E-03
  7.600000000000E+01  7.800000000000E+01  9.456346591953E+00 -3.891381050580E-15 -7.229629205274E-02  9.067612273004E+01  2.778098872117E-01  4.171488082198E-01 -2.295474417587E-01 -5.011287551357E-04 -6.988174725119E-01  3.026051646793E+00  2.336626108606E-02 -8.313936881815E-02  5.977310773216E-02 -7.712815675555E-02 -2.152082780547E-03 -9.480105866185E-06 -8.848933367310E-06 -1.871817071463E-05  2.928247575201E-01  9.480105903361E-06  7.758284862234E-03 -6.425749986274E-20 -4.261085569134E-21  9.227250668905E-20 -4.697891421239E-03
  8.000000000000E+01  8.200000000000E+01  9.527998685688E+00 -3.194229128704E-15 -7.037585012606E-02  9.203158377442E+01  2.779979305715E-01  4.144789532115E-01 -2.283320431891E-01 -4.650330966874E-04 -6.857509028204E-01  2.969917604334E+00  2.204660052594E-02 -8.014458246624E-02  5.809798194066E-02 -7.325580939337E-02 -2.134992732908E-03 -1.470680047681E-05 -9.332400398509E-06 -2.650051417181E-05  2.804349328056E-01  1.470680044363E-05  7.948114702035E-03 -6.392129104911E-20 -3.563292081136E-21  8.387257170893E-20 -4.463551250451E-03
  8.400000000000E+01  8.600000000000E+01  9.596554314631E+00 -2.391119366309E-15 -6.838326719307E-02  9.333772857966E+01  2.780524486449E-01  4.117052535192E-01 -2.271164640481E-01 -4.306559312959E-04 -6.714277820538E-01  2.917353201704E+00  2.089546241348E-02 -7.736665371657E-02  5.647119130328E-02 -6.956874295185E-02 -2.049926960672E-03  1.040432739778E-05 -9.394917670729E-06 -8.868688547094E-06  2.680148646566E-01 -1.040432737029E-05  7.600353380074E-03 -5.642312371559E-20 -1.701216201563E-21  8.793136895945E-20 -4.235796128170E-03
  8.800000000000E+01  9.000000000000E+01  9.661938135255E+00 -1.013275256525E-15 -6.660540968411E-02  9.459137630595E+01  2.780210908254E-01  4.091123950066E-01 -2.258560838207E-01 -3.866374325324E-04 -6.584608610707E-01  2.865099001605E+00  1.980029019342E-02 -7.477425757891E-02  5.497396738556E-02 -6.603969331812E-02 -1.810373487219E-03  9.659099805140E-06 -6.777884794694E-06  6.947747920067E-06  2.562443169116E-01 -9.659099811285E-06  6.730604164334E-03 -6.977637167424E-20 -5.196781523643E-22  8.226127424197E-20 -4.021210401693E-03
  9.200000000000E+01  9.400000000000E+01  9.724677770042E+00 -4.104508616667E-16 -6.497794357243E-02  9.580268273190E+01  2.778982347922E-01  4.068239221675E-01 -2.245895200980E-01 -3.367984841920E-04 -6.463543326081E-01  2.815459407010E+00  1.880102574825E-02 -7.230934092758E-02  5.350831517914E-02 -6.275219136959E-02 -1.664993954494E-03 -2.505847310498E-06 -5.149972019878E-06 -2.586408745031E-06  2.460771777636E-01  2.505847329090E-06  5.977222235642E-03 -9.012047328561E-20 -8.142930859988E-21  7.945806263633E-20 -3.829028441193E-03
  9.600000000000E+01  9.800000000000E+01  9.785047252259E+00 -2.422676498072E-16 -6.358310472208E-02  9.697508525434E+01  2.776703516753E-01  4.043842571770E-01 -2.232920970138E-01 -2.928935313828E-04 -6.362606030516E-01  2.768674577949E+00  1.786107742130E-02 -7.005580085449E-02  5.219472343309E-02 -5.976216614552E-02 -1.584058397226E-03  2.367038318465E-06 -5.766167442495E-06 -3.324280297905E-06  2.363251835714E-01 -2.367038335496E-06  5.793769715425E-03 -7.393722245072E-20 -8.110907853436E-21  7.277757003319E-20 -3.645786948304E-03
  1.000000000000E+02  1.020000000000E+02  9.842838768478E+00  3.874762200910E-16 -6.208571042921E-02  9.810369452982E+01  2.772896070061E-01  4.017003124472E-01 -2.220168617341E-01 -2.292546398210E-04 -6.249930230789E-01  2.726233833792E+00  1.697905672859E-02 -6.816522635458E-02  5.118616962603E-02 -5.685977658903E-02 -1.644945180444E-03 -2.720536136737E-06 -5.716739906666E-06  3.377509580701E-06  2.262691596470E-01  2.720536157400E-06  6.112124304145E-03 -8.474295115153E-20 -1.558183868756E-20  7.959695985823E-20 -3.462327304491E-03
  1.040000000000E+02  1.060000000000E+02  9.898130382231E+00  4.178583116095E-16 -6.055031173270E-02  9.918925315215E+01  2.767586590400E-01  3.988528377373E-01 -2.206962258720E-01 -1.590544451127E-04 -6.133292965932E-01  2.685495705972E+00  1.617650145375E-02 -6.638430428661E-02  5.020780283289E-02 -5.402486966994E-02 -1.613286463052E-03 -5.543853242199E-06 -4.689402193977E-06  5.059691017372E-06  2.169427542875E-01  5.543853207544E-06  5.901371451986E-03 -8.076726746939E-20 -1.176633713015E-20  8.110793574368E-20 -3.297402989892E-03
  1.080000000000E+02  1.100000000000E+02  9.951327279078E+00  1.106948734064E-17 -5.915988522013E-02  1.002387888883E+02  2.761871253626E-01  3.961805476797E-01 -2.193918834190E-01 -1.085278458388E-04 -6.026531499325E-01  2.646007641014E+00  1.544757699395E-02 -6.460242742794E-02  4.915485043433E-02 -5.155936343057E-02 -1.460335415167E-03 -2.199357132653E-07 -4.088976721783E-06  8.504028245759E-06  2.094822017605E-01  2.199357197891E-07  5.076467924207E-03 -9.843671980607E-20 -2.747838665524E-21  6.508634449418E-20 -3.158374939864E-03
  1.120000000000E+02  1.140000000000E+02  1.000291762124E+01  2.174812702612E-16 -5.801279013769E-02  1.012616919472E+02  2.756644699341E-01  3.934495553956E-01 -2.180433071005E-01 -2.548357450504E-05 -5.941205975895E-01  2.606443121789E+00  1.490537096577E-02 -6.285366225618E-02  4.794829129006E-02 -4.948950784177E-02 -1.261460427612E-03 -2.250360480354E-06 -4.129888031714E-06  1.096876894466E-05  2.024061936090E-01  2.250360452211E-06  4.471810041857E-03 -7.376004094575E-20 -4.999358674072E-21  6.280923100635E-20 -3.029822015272E-03
  1.160000000000E+02  1.180000000000E+02  1.005250315070E+01  4.503313592979E-16 -5.690781376834E-02  1.022493693936E+02  2.752069000940E-01  3.906641961806E-01 -2.167237335704E-01  3.872049681173E-05 -5.854097720382E-01  2.569459859491E+00  1.426082004718E-02 -6.114730232773E-02  4.688648228064E-02 -4.748853896346E-02 -1.213751604964E-03 -1.144065872731E-05 -3.577985928617E-06  2.258858898606E-06  1.953046135412E-01  1.144065874933E-05  4.425991959455E-03 -7.784500915140E-20 -1.135489512198E-20  7.197224025094E-20 -2.906774961483E-03
  1.200000000000E+02  1.220000000000E+02  1.010054622143E+01  5.895447975288E-16 -5.581847512002E-02  1.032109015473E+02  2.748255353544E-01  3.881778457849E-01 -2.153835077708E-01  1.398227488102E-04 -5.767346584949E-01  2.534065268999E+00  1.356375044024E-02 -5.946541501752E-02  4.590166457754E-02 -4.555481629141E-02 -1.266606478429E-03  3.160531878868E-06 -2.634491006542E-06  4.065049744522E-06  1.888007937343E-01 -3.160531883066E-06  4.647770119828E-03 -8.056842902251E-20 -9.443497352042E-21  7.159465627249E-20 -2.791139492188E-03
  1.240000000000E+02  1.260000000000E+02  1.014697840997E+01  1.117633329634E-15 -5.460782375352E-02  1.041441979545E+02  2.745032343467E-01  3.857238611179E-01 -2.140486184926E-01  2.141316805516E-04 -5.661514800365E-01  2.499872703596E+00  1.294007092829E-02 -5.793686736371E-02  4.499679643543E-02 -4.371390380151E-02 -1.272088708664E-03  9.418331379366E-06 -3.778948942065E-06  1.434515629789E-05  1.824120121563E-01 -9.418331346084E-06  4.485863620544E-03 -9.015732481430E-20 -1.328658616252E-20  7.006713215276E-20 -2.678358418301E-03
  1.280000000000E+02  1.300000000000E+02  1.019178720864E+01  1.827547950935E-15 -5.355788924908E-02  1.050481027083E+02  2.741972478249E-01  3.831697434176E-01 -2.126914906028E-01  2.788833203249E-04 -5.569035781765E-01  2.469160237253E+00  1.237428613068E-02 -5.652592893544E-02  4.415164280464E-02 -4.205112512303E-02 -1.101554620491E-03 -1.516581595931E-05 -6.151199710289E-06  1.539762866787E-05  1.767452454200E-01  1.516581592524E-05  3.749198150407E-03 -8.890284684699E-20 -1.038876996490E-20  8.428820265910E-20 -2.577369322694E-03
  1.320000000000E+02  1.340000000000E+02  1.023526041264E+01  2.473008126405E-15 -5.272595066202E-02  1.059286084766E+02  2.739041052657E-01  3.807055737264E-01 -2.113507910231E-01  3.550674423565E-04 -5.495269440636E-01  2.438417015492E+00  1.187358734250E-02 -5.520147688152E-02  4.332788953907E-02 -4.052133699280E-02 -1.029696906379E-03 -9.938947039636E-06 -5.493024554804E-06  1.023879518932E-05  1.711737880620E-01  9.938947084071E-06  3.115191520026E-03 -9.731803870384E-20 -3.272874327307E-21  6.792554679330E-20 -2.480462992372E-03
  1.360000000000E+02  1.380000000000E+02  1.027732397914E+01  3.778614284892E-15 -5.201233841524E-02  1.067842899057E+02  2.735948814368E-01  3.782095330544E-01 -2.100082820700E-01  4.283821178351E-04 -5.430260220210E-01  2.407445542550E+00  1.142797982831E-02 -5.388489153926E-02  4.245691171109E-02 -3.891309835480E-02 -8.986801452739E-04  1.195388840434E-05 -2.493606804157E-06  2.887396752664E-06  1.653905424967E-01 -1.195388844361E-05  2.790482003200E-03 -9.612677487524E-20 -1.227353851058E-20  7.057193761764E-20 -2.387947587257E-03
  1.400000000000E+02  1.420000000000E+02  1.031800205023E+01  5.406883708120E-15 -5.132125458059E-02  1.076148742865E+02  2.732012257271E-01  3.758667110347E-01 -2.086677576484E-01  5.015364093779E-04 -5.367465683566E-01  2.377525162703E+00  1.100666649122E-02 -5.264275373667E-02  4.163608724514E-02 -3.743901888870E-02 -8.244976395438E-04  4.527570430439E-06 -1.092811202831E-06 -1.876952740739E-06  1.595135386606E-01 -4.527570364869E-06  2.900750550537E-03 -1.058212626282E-19 -5.785448397880E-21  6.288225656284E-20 -2.293688246944E-03
  1.440000000000E+02  1.460000000000E+02  1.035711734784E+01  6.086864447081E-15 -5.054367032648E-02  1.084157385007E+02  2.727184596991E-01  3.736369871364E-01 -2.073377410631E-01  5.894152975133E-04 -5.296579003819E-01  2.348685505399E+00  1.062164243020E-02 -5.156327536809E-02  4.094163293775E-02 -3.593557946960E-02 -8.956848550439E-04  6.004078224373E-06 -1.899940197179E-06 -3.716218387317E-07  1.546467244831E-01 -6.004078227305E-06  3.122776351788E-03 -8.534178493245E-20 -5.105247935265E-22  5.648524829696E-20 -2.206697354208E-03
  1.480000000000E+02  1.500000000000E+02  1.039533937988E+01  6.267098023987E-15 -4.975396482480E-02  1.092003766211E+02  2.722054631368E-01  3.714769743611E-01 -2.060190544330E-01  6.599873411717E-04 -5.223767667886E-01  2.322004765108E+00  1.022742585019E-02 -5.050973761033E-02  4.028231176023E-02 -3.467310474104E-02 -8.817858910956E-04  1.427728434696E-05 -3.701333675820E-06  7.918927556431E-06  1.502394034982E-01 -1.427728432145E-05  3.001439253805E-03 -7.734607079897E-20 -6.440121370695E-21  5.855978665793E-20 -2.126877821240E-03
  1.520000000000E+02  1.540000000000E+02  1.043224671347E+01  6.590006679819E-15 -4.905644756514E-02  1.099605660100E+02  2.716967318504E-01  3.695769016186E-01 -2.046883727492E-01  7.445429321877E-04 -5.158301815187E-01  2.296821828693E+00  9.849826650830E-03 -4.941647857077E-02  3.956665192030E-02 -3.341361861814E-02 -8.171639875466E-04 -7.472237204885E-06 -5.110067628611E-06  7.017696981389E-06  1.453156309006E-01  7.472237205209E-06  2.351827027865E-03 -8.330142975926E-20 -1.090593700402E-20  6.636791571815E-20 -2.050285487994E-03
  1.560000000000E+02  1.580000000000E+02  1.046796645887E+01  6.717047202019E-15 -4.860058455541E-02  1.106980093778E+02  2.711754418707E-01  3.679592931447E-01 -2.033692452093E-01  8.111717451894E-04 -5.117410895663E-01  2.271970612491E+00  9.510019687551E-03 -4.844940201851E-02  3.893938233089E-02 -3.221112316900E-02 -7.015184802670E-04 -5.673590895046E-06 -4.736527357672E-06  2.803330457254E-06  1.408931605510E-01  5.673590918114E-06  1.477259402359E-03 -8.372707799092E-20 -2.190308173284E-21  4.954587735654E-20 -1.976935944415E-03
  1.600000000000E+02  1.620000000000E+02  1.050268071026E+01  6.519845680413E-15 -4.831771194441E-02  1.114165540032E+02  2.706249474091E-01  3.664229233794E-01 -2.020538062866E-01  8.814786931751E-04 -5.093690208594E-01  2.248690782910E+00  9.220824225280E-03 -4.760456435179E-02  3.838374012700E-02 -3.111640236701E-02 -5.116193052030E-04  6.950508140564E-06 -3.644267979881E-06  6.084864951308E-06  1.366845039797E-01 -6.950508151062E-06  7.274414494617E-04 -7.951528209887E-20 -6.308594058581E-21  4.865866765772E-20 -1.911765294181E-03
  1.640000000000E+02  1.660000000000E+02  1.053634830446E+01  6.266387004202E-15 -4.821856440905E-02  1.121156305458E+02  2.700814261672E-01  3.648787937386E-01 -2.007477573530E-01  9.456584325992E-04 -5.084545955628E-01  2.226215950951E+00  8.904937196196E-03 -4.669266527570E-02  3.778772807916E-02 -3.005768247655E-02 -3.846478303836E-04 -5.971780561120E-06 -3.504392543401E-06  9.492731717204E-06  1.333037336368E-01  5.971780565075E-06 -7.384303533956E-06 -8.637342249077E-20 -1.475130220303E-20  6.079841246860E-20 -1.851584216975E-03
  1.680000000000E+02  1.700000000000E+02  1.056932679712E+01  6.018248869452E-15 -4.832135682705E-02  1.128024323912E+02  2.695412749055E-01  3.633778767011E-01 -1.994448561165E-01  1.001407891005E-03 -5.095485814920E-01  2.204384019513E+00  8.526642034122E-03 -4.575194285018E-02  3.722530081564E-02 -2.917155978579E-02 -1.620856340700E-04 -7.687237648586E-06 -2.896557356594E-06  3.668632511429E-06  1.299044923535E-01  7.687237646005E-06 -7.347886369281E-04 -7.211711884042E-20 -1.147132668979E-20  6.325777332322E-20 -1.788439950194E-03
  1.720000000000E+02  1.740000000000E+02  1.060127121614E+01  5.893673353172E-15 -4.860932096409E-02  1.134692672551E+02  2.689767961194E-01  3.620110607837E-01 -1.981597029942E-01  1.060799846023E-03 -5.124845306065E-01  2.182277265228E+00  8.269759053679E-03 -4.497633034229E-02  3.670657128874E-02 -2.803925545174E-02  4.838312518984E-05  9.586962199653E-06 -1.381844244299E-06  5.396060885200E-06  1.257947187057E-01 -9.586962186372E-06 -1.140886525559E-03 -9.368964259232E-20 -8.035795955148E-21  6.191260023269E-20 -1.722128475538E-03
  1.760000000000E+02  1.780000000000E+02  1.063226662027E+01  5.898793172671E-15 -4.889005243219E-02  1.141178101491E+02  2.683805952960E-01  3.605181843394E-01 -1.968471752082E-01  1.124107732863E-03 -5.151622918862E-01  2.161229204586E+00  8.093657299369E-03 -4.420008226542E-02  3.610642496543E-02 -2.703195081253E-02  1.390087088344E-04  8.650680011642E-06 -1.491422273621E-06  1.298854901590E-05  1.225917316833E-01 -8.650680008001E-06 -1.224941753674E-03 -7.234043003020E-20 -5.333593892100E-21  6.679058429478E-20 -1.669275381723E-03
  1.800000000000E+02  1.820000000000E+02  1.066261032042E+01  5.814895512439E-15 -4.919266296983E-02  1.147541193332E+02  2.677456376257E-01  3.591420593243E-01 -1.955772255038E-01  1.178403334127E-03 -5.180121223895E-01  2.141416694426E+00  7.872009920388E-03 -4.338952322682E-02  3.551751330629E-02 -2.637993538247E-02  1.707068319861E-04 -1.753709374129E-05 -3.240639461722E-06  1.049159826034E-05  1.199150174122E-01  1.753709375681E-05 -1.031778657406E-03 -8.333419275038E-20  1.748739381928E-22  6.017399495683E-20 -1.622018378974E-03
  1.840000000000E+02  1.860000000000E+02  1.069217304743E+01  5.706907964138E-15 -4.940074151484E-02  1.153747935590E+02  2.670867294534E-01  3.576997549121E-01 -1.942589266351E-01  1.238590631384E-03 -5.197375407454E-01  2.121129554074E+00  7.585814848382E-03 -4.257762996215E-02  3.499181511357E-02 -2.558496242534E-02  1.015389118089E-04 -2.202755132492E-05 -3.334892354401E-06 -5.986359322514E-06  1.169769062373E-01  2.202755133133E-05 -1.114492866301E-03 -6.702012697492E-20 -8.937548203204E-21  5.902041517621E-20 -1.572638536696E-03
  1.880000000000E+02  1.900000000000E+02  1.072102932594E+01  5.719112972554E-15 -4.977556436571E-02  1.159824266263E+02  2.664183759409E-01  3.564813594039E-01 -1.930140292384E-01  1.289496916898E-03 -5.232156327415E-01  2.101285720936E+00  7.337454471504E-03 -4.185584992095E-02  3.451839544959E-02 -2.477039303810E-02  1.756081290757E-04 -5.147713169120E-06 -1.333831401892E-06 -7.313817200950E-06  1.146401425106E-01  5.147713179481E-06 -1.829939961581E-03 -7.702455016154E-20 -1.187937866527E-20  6.081067084751E-20 -1.530674418319E-03
  1.920000000000E+02  1.940000000000E+02  1.074948393636E+01  5.696022718886E-15 -5.032307337185E-02  1.165826607343E+02  2.657577853439E-01  3.550856550185E-01 -1.916776056203E-01  1.352209726604E-03 -5.287748337875E-01  2.080364857967E+00  7.016077299087E-03 -4.102946938703E-02  3.401339208797E-02 -2.415346753977E-02  2.877601325265E-04  5.757414406028E-06  7.273446664775E-07  1.402023937960E-05  1.122081923800E-01 -5.757414413366E-06 -2.443074763163E-03 -4.840483157273E-20 -9.663790311411E-21  6.147796884158E-20 -1.489921738082E-03
  1.960000000000E+02  1.980000000000E+02  1.077716532078E+01  5.389061737369E-15 -5.095397568216E-02  1.171684664740E+02  2.651172341671E-01  3.540177606923E-01 -1.904708047576E-01  1.399076689040E-03 -5.352340466635E-01  2.063720601673E+00  6.810297633986E-03 -4.038372322256E-02  3.357342558873E-02 -2.348105531611E-02  2.426203671079E-04  1.131294693821E-05  1.610610584050E-06  1.424542924318E-05  1.106504028298E-01 -1.131294694213E-05 -2.546869996947E-03 -6.018263093617E-20 -2.396660169350E-21  5.443422389453E-20 -1.452673560166E-03
  2.000000000000E+02  2.020600000000E+02  1.080483968516E+01  5.036008936254E-15 -5.156389422770E-02  1.177542910279E+02  2.644127457426E-01  3.527804486010E-01 -1.891399236073E-01  1.464287376308E-03 -5.417672888919E-01  2.048403045787E+00  6.339501098989E-03 -3.916404913132E-02  3.282454803230E-02 -2.310490417280E-02  3.912488618334E-04  7.975051760876E-06  1.676662515476E-06 -4.610226137505E-06  1.084966311597E-01 -7.975051773477E-06 -1.912785471365E-03 -5.605177596101E-20 -1.492121395695E-20  6.722201991834E-20 -1.438783246650E-03
  2.041200000000E+02  2.062418000000E+02  1.083304814669E+01  5.112094775273E-15 -5.196215816552E-02  1.183525254518E+02  2.637043618429E-01  3.515119263596E-01 -1.878375550799E-01  1.528220473354E-03 -5.461211898429E-01  2.032851169735E+00  5.842178268859E-03 -3.784270118490E-02  3.200052291563E-02 -2.288387781861E-02  2.673432812206E-04 -3.993269247106E-06  1.540147326557E-06 -5.987429493743E-06  1.063062192362E-01  3.993269287361E-06 -1.427809263011E-03 -6.011104647704E-20  2.765433640154E-23  5.517184753342E-20 -1.415104453547E-03
  2.083636000000E+02  2.105490540000E+02  1.086121334571E+01  5.592770387433E-15 -5.234349657171E-02  1.189505772607E+02  2.629460858912E-01  3.500329370551E-01 -1.864749374328E-01  1.594228910488E-03 -5.503106406347E-01  2.015898004832E+00  5.303649359644E-03 -3.638579787316E-02  3.108214851321E-02 -2.242045280974E-02  3.282056209367E-04 -1.464063635606E-05  1.953243482551E-06 -1.596020241881E-06  1.039812304315E-01  1.464063629141E-05 -1.336890535914E-03 -6.939069259255E-20 -9.834075085107E-21  4.725020155769E-20 -1.388453694818E-03
  2.127345080000E+02  2.149855256200E+02  1.088982841488E+01  6.255383436353E-15 -5.270101336613E-02  1.195600449131E+02  2.621270399986E-01  3.488752219879E-01 -1.851137842463E-01  1.646904162775E-03 -5.543675947339E-01  2.000322919141E+00  4.690898349712E-03 -3.489991038912E-02  3.020901203947E-02 -2.205874808799E-02  3.012442873499E-04 -5.157103884740E-06  4.070928383689E-06 -2.634882078808E-06  1.016600060330E-01  5.157103940281E-06 -1.184687729537E-03 -4.365269267857E-20 -7.529558106171E-21  5.851917643536E-20 -1.362954968835E-03
  2.172365432400E+02  2.195550913886E+02  1.091841294686E+01  6.532777032005E-15 -5.303307945351E-02  1.201701094128E+02  2.612627993177E-01  3.475998614071E-01 -1.836994837039E-01  1.703599095188E-03 -5.584400822070E-01  1.985511309326E+00  4.135108910926E-03 -3.348562659215E-02  2.935051768135E-02 -2.155767980014E-02  3.776583423581E-04  5.609399045119E-06  6.561391417459E-06  4.421117592736E-06  9.892923068547E-02 -5.609399062313E-06 -4.601651430098E-04 -3.320603378957E-20 -4.509276118897E-21  6.027806668713E-20 -1.335451309641E-03
  2.218736395372E+02  2.242617441303E+02  1.094718924242E+01  6.671184980302E-15 -5.297156508010E-02  1.207860300989E+02  2.603582048180E-01  3.464665809538E-01 -1.822876485200E-01  1.759165323228E-03 -5.583646041132E-01  1.971621950498E+00  3.542693037342E-03 -3.199856349876E-02  2.845587046137E-02 -2.119638034733E-02  2.293764222192E-04 -8.358223605116E-07  8.240428503696E-06  7.998185175573E-06  9.627038281162E-02  8.358223845095E-07 -8.799658138724E-06 -2.427273280428E-20 -3.143812874898E-21  5.057054521195E-20 -1.309900878112E-03
  2.266498487233E+02  2.291095964542E+02  1.097591678718E+01  7.298936972039E-15 -5.301552311432E-02  1.214015353228E+02  2.594329426840E-01  3.450013393543E-01 -1.808225855389E-01  1.806188976271E-03 -5.596377469092E-01  1.957163454807E+00  2.948102591946E-03 -3.050679227945E-02  2.755868968761E-02 -2.070577496465E-02  2.459446567173E-04  2.465661727835E-06  9.112149775024E-06  5.665533314538E-07  9.354329510166E-02 -2.465661742073E-06 -2.574575017182E-04 -5.543347093933E-20 -9.800260199284E-21  4.346812817474E-20 -1.278365380164E-03
  2.315693441850E+02  2.341028843478E+02  1.100474666616E+01  8.007379951521E-15 -5.311478247987E-02  1.220207810424E+02  2.584904871920E-01  3.435022921378E-01 -1.793525990441E-01  1.859563329962E-03 -5.616596719435E-01  1.943994671529E+00  2.446596141981E-03 -2.905735802193E-02  2.661076188022E-02 -2.023917828028E-02  2.399728426981E-04  5.291013454868E-06  8.593808520115E-06 -1.416806113183E-06  9.113999858447E-02 -5.291013443769E-06 -3.560215234245E-04 -4.893053877938E-20 -1.058526731982E-20  5.151504618135E-20 -1.253082903778E-03
  2.366364245106E+02  2.392459708782E+02  1.103366992060E+01  8.301158299524E-15 -5.323168887241E-02  1.226429520457E+02  2.574819196701E-01  3.421708156697E-01 -1.778318422515E-01  1.903944879416E-03 -5.639427350120E-01  1.932539962462E+00  1.892154973944E-03 -2.760484029123E-02  2.571268531717E-02 -1.986510988962E-02  2.474034417308E-04 -7.969422378351E-06  6.978927895436E-06  1.261462487050E-06  8.915361125747E-02  7.969422395675E-06 -3.578380477330E-04 -6.776749943470E-20 -1.343964635060E-20  4.615748803161E-20 -1.229892263557E-03
  2.418555172459E+02  2.445433500046E+02  1.106289626622E+01  8.118693149944E-15 -5.333337132981E-02  1.232730152472E+02  2.563995293208E-01  3.409470802977E-01 -1.763077174635E-01  1.923146961915E-03 -5.661941848625E-01  1.919902750758E+00  1.282950198416E-03 -2.603977260052E-02  2.475682240194E-02 -1.952576732367E-02  3.301955033280E-04 -1.078914709217E-05  6.323577414323E-06 -1.609435880605E-06  8.690006691514E-02  1.078914709546E-05 -3.008031843432E-04 -5.861648463548E-20 -1.557396292822E-20  4.068073537964E-20 -1.205799490762E-03
  2.472311827633E+02  2.499996505047E+02  1.109203304433E+01  7.918669734687E-15 -5.343822059150E-02  1.239026208599E+02  2.552972280060E-01  3.398313254184E-01 -1.747404635086E-01  1.934162307873E-03 -5.687810032761E-01  1.906770861264E+00  7.424965207374E-04 -2.450726529960E-02  2.376476877906E-02 -1.907780332521E-02  3.380012103890E-04 -6.673740780342E-07  7.447074382849E-06 -2.113568748434E-06  8.434134798797E-02  6.673740676587E-07 -4.020896928982E-04 -3.448773379570E-20 -3.119636121537E-21  3.910285359943E-20 -1.180410648305E-03
  2.527681182462E+02  2.556196400198E+02  1.112127837319E+01  8.176235838549E-15 -5.362625874705E-02  1.245357865124E+02  2.541968087635E-01  3.387153640837E-01 -1.731582535082E-01  1.928030224825E-03 -5.721713542420E-01  1.894796564248E+00  1.792325016207E-04 -2.295045420662E-02  2.277122170487E-02 -1.872145490962E-02  3.774933409012E-04 -1.536699049155E-06  8.134540468944E-06  6.469548597671E-06  8.153180247821E-02  1.536699061548E-06 -7.937194060675E-04 -3.693454779807E-20 -5.961751643486E-21  3.923124470632E-20 -1.155525472092E-03
  2.584711617935E+02  2.614082292204E+02  1.115018556492E+01  8.683712024911E-15 -5.399698529707E-02  1.251624098320E+02  2.530826753202E-01  3.377813835684E-01 -1.715320596409E-01  1.916896900535E-03 -5.774770063056E-01  1.882830823495E+00 -3.724586435517E-04 -2.137338545376E-02  2.174584409732E-02 -1.822576972764E-02  4.956052143351E-04 -3.089720817936E-06  7.099576918683E-06  6.071700113707E-06  7.859586427727E-02  3.089720813399E-06 -1.301549956811E-03 -4.522966482195E-20  6.495481067692E-23  2.679772768913E-20 -1.125560460787E-03
  2.643452966473E+02  2.673704760971E+02  1.117900611643E+01  8.907367103743E-15 -5.459396541085E-02  1.257883061919E+02  2.519342010260E-01  3.371848868786E-01 -1.698821553226E-01  1.899703745582E-03 -5.852600501785E-01  1.873871761116E+00 -9.508494853028E-04 -1.984778076933E-02  2.079863025443E-02 -1.784105305070E-02  5.400772957867E-04 -4.307704591149E-06  5.258223359395E-06  6.655140318818E-07  7.656195105235E-02  4.307704591702E-06 -1.872486396882E-03 -4.425104562237E-20 -6.218391677472E-21  3.067369992557E-20 -1.104041777928E-03
  2.703956555468E+02  2.735115903800E+02  1.120808097687E+01  8.444405331237E-15 -5.544150678449E-02  1.264212090073E+02  2.507280687047E-01  3.371242473373E-01 -1.682217362030E-01  1.914645480568E-03 -5.958668376111E-01  1.867136335690E+00 -1.501011535411E-03 -1.834440246262E-02  1.984541399815E-02 -1.754472348806E-02  5.991668936560E-04 -6.748250393455E-06  4.088842282366E-06  1.023604945290E-05  7.503074218560E-02  6.748250378481E-06 -2.579107390011E-03 -3.622439344852E-20 -3.088910329062E-21  2.785726467954E-20 -1.089769640850E-03
  2.766275252132E+02  2.798369380914E+02  1.123742516460E+01  7.679906840682E-15 -5.659553472836E-02  1.270615613514E+02  2.494659179217E-01  3.369929605538E-01 -1.664855663059E-01  1.890111656045E-03 -6.106721167646E-01  1.861777376169E+00 -2.039262705485E-03 -1.683325212223E-02  1.887251482771E-02 -1.732864326704E-02  7.197496951817E-04 -2.594441027734E-06  3.754956751693E-06  1.018133127457E-05  7.293864084674E-02  2.594441012636E-06 -2.633129612107E-03 -4.893264732665E-20 -5.181765938935E-21  2.894112395537E-20 -1.072887025386E-03
  2.830463509696E+02  2.863520462341E+02  1.126659804843E+01  7.481545114332E-15 -5.754779200861E-02  1.276995856225E+02  2.481766330392E-01  3.368688478443E-01 -1.647534126151E-01  1.932923762302E-03 -6.235827661501E-01  1.858066447176E+00 -2.587609665582E-03 -1.533274495248E-02  1.792035461820E-02 -1.701850327861E-02  6.810750636500E-04  4.039915478069E-06  3.236950469697E-06  7.739259617961E-06  7.109995338683E-02 -4.039915473254E-06 -2.711644198402E-03 -3.166230457773E-20 -1.064020855411E-20  3.154766113621E-20 -1.059427910824E-03
  2.896577414987E+02  2.930626076211E+02  1.129619846240E+01  7.711247511482E-15 -5.884931493770E-02  1.283491193858E+02  2.468849409274E-01  3.365467969217E-01 -1.629900782632E-01  1.933971015805E-03 -6.402967833079E-01  1.854266832071E+00 -3.109587783890E-03 -1.381019295078E-02  1.691978073448E-02 -1.689759990916E-02  8.206717168371E-04 -8.489597658571E-07  2.387125951891E-06  1.175795625697E-05  6.970947090970E-02  8.489597631369E-07 -2.908053418790E-03 -3.427324302915E-20 -5.005542998664E-21  2.198460503015E-20 -1.048124564520E-03
  2.964674737436E+02  2.999744858498E+02  1.132592090914E+01  7.819263465880E-15 -6.002638996728E-02  1.290042732528E+02  2.455709244431E-01  3.360080049042E-01 -1.611855372505E-01  2.018419157831E-03 -6.556054317530E-01  1.853499787489E+00 -3.566435313003E-03 -1.225960673842E-02  1.582604205121E-02 -1.666007439504E-02  8.535660424940E-04 -4.233246054487E-06  1.716011944173E-06  1.191923793533E-05  6.853343252471E-02  4.233246054857E-06 -2.739292747415E-03 -2.407579136357E-20 -2.752838962410E-21  2.045338127145E-20 -1.036633471707E-03
  3.034814979559E+02  3.070937204253E+02  1.135625910303E+01  7.667004328869E-15 -6.124993568899E-02  1.296751749788E+02  2.442184920372E-01  3.350607798941E-01 -1.593833026508E-01  2.038645719087E-03 -6.706588908898E-01  1.854585661101E+00 -4.067870121226E-03 -1.076947881078E-02  1.483734893188E-02 -1.656060752318E-02  8.381019841392E-04  3.232383073916E-06  1.893366204665E-06  7.859728216873E-06  6.759382044022E-02 -3.232383079766E-06 -2.607483366392E-03 -4.117744983805E-20 -5.967214104969E-22  1.247098928948E-20 -1.030380322616E-03
  3.107059428946E+02  3.144265320380E+02  1.138696788513E+01  7.198458770614E-15 -6.238453313398E-02  1.303569452061E+02  2.429401492904E-01  3.328184148566E-01 -1.574960593052E-01  2.138992490235E-03 -6.851056460135E-01  1.854387968252E+00 -4.557098561691E-03 -9.229787013329E-03  1.378688557514E-02 -1.639487571201E-02  7.914522133890E-04  7.765667530213E-06  1.871983707906E-06  1.743751111546E-06  6.622629675333E-02 -7.765667536301E-06 -2.222403762738E-03 -5.362925853687E-20 -7.069175176695E-21  1.176550145594E-20 -1.020658336495E-03
  3.181471211814E+02  3.219793279992E+02  1.141788941223E+01  6.174146444394E-15 -6.332735322131E-02  1.310451533870E+02  2.417611550859E-01  3.305314217630E-01 -1.556190239298E-01  2.190889700440E-03 -6.974420788838E-01  1.854955538672E+00 -5.029498065216E-03 -7.681315697917E-03  1.271081376311E-02 -1.627143020607E-02  7.452268024505E-04  1.442938893796E-06  8.416804050339E-07  1.585945606713E-06  6.498145208698E-02 -1.442938917759E-06 -2.329691743854E-03 -4.592801933027E-20 -3.347289314310E-21  1.201911731339E-20 -1.014663306481E-03
  3.258115348169E+02  3.297587078391E+02  1.144923299660E+01  4.954605591541E-15 -6.463664920688E-02  1.317452674879E+02  2.405837683823E-01  3.284754386564E-01 -1.537394340626E-01  2.274356352351E-03 -7.142195430623E-01  1.859247587582E+00 -5.423940026074E-03 -6.168008410563E-03  1.159194843675E-02 -1.623852749867E-02  7.960294949737E-04  1.543195072122E-06  2.792328829374E-08  3.366336726650E-06  6.440852435751E-02 -1.543195063406E-06 -2.424286790031E-03 -2.683494442029E-20 -9.400822512098E-21  4.758502814887E-21 -1.013613037854E-03
  3.337058808614E+02  3.377714690743E+02  1.148144385165E+01  3.811602726153E-15 -6.574225261640E-02  1.324675401404E+02  2.392936085647E-01  3.277477690871E-01 -1.517833760295E-01  2.355730696340E-03 -7.288482690208E-01  1.866780350214E+00 -5.865366538852E-03 -4.676525745066E-03  1.054189228380E-02 -1.618545354739E-02  6.902940970067E-04  4.440734159367E-10 -4.539324760483E-07  2.599001569801E-07  6.338207344481E-02 -4.440851671079E-10 -1.788161073790E-03 -3.275380987139E-20 -1.355896818132E-20 -1.914718934621E-22 -1.006645329474E-03
  3.418370572872E+02  3.460246131465E+02  1.151366274580E+01  2.931319755794E-15 -6.646863944975E-02  1.331925993922E+02  2.378040034737E-01  3.268700531576E-01 -1.498889166511E-01  2.461230004005E-03 -7.391149877406E-01  1.875826023878E+00 -6.267896882438E-03 -3.260315470763E-03  9.528212353089E-03 -1.604306826505E-02  5.332372584115E-04 -5.791540449816E-06 -5.816117222577E-07 -1.165151619858E-06  6.158528162719E-02  5.791540449717E-06 -6.372426405019E-04 -3.716678743906E-20 -1.059439210923E-20  9.453082910353E-22 -9.995899888227E-04
  3.502121690058E+02  3.545253515409E+02  1.154592059606E+01  2.476531566625E-15 -6.640407137010E-02  1.339211306436E+02  2.360453686406E-01  3.254415796301E-01 -1.479090151448E-01  2.532696439642E-03 -7.402847699441E-01  1.888928933878E+00 -6.678488456174E-03 -1.805476609956E-03  8.483965066013E-03 -1.597059043581E-02  2.464090722542E-04 -1.886302677394E-06 -4.230703268736E-07 -1.108612523841E-06  6.037064974763E-02  1.886302671054E-06  4.563914246986E-04 -3.848060779416E-20 -8.974903920390E-21  9.553703799963E-22 -9.994413419699E-04
  3.588385340760E+02  3.632811120872E+02  1.157876504033E+01  2.257965660511E-15 -6.594877724633E-02  1.346662394869E+02  2.341922397796E-01  3.246916957369E-01 -1.459327003539E-01  2.644309525173E-03 -7.378661702443E-01  1.901175005853E+00 -7.106685780272E-03 -3.338464423886E-04  7.440532222735E-03 -1.596533174846E-02  1.788608696452E-04 -1.422467585645E-06 -8.450398172964E-07 -1.235077919512E-06  5.981242428633E-02  1.422467583621E-06  3.811582826162E-04 -3.459060204592E-20 -1.177313430424E-20 -1.844704588797E-20 -9.973043585337E-04
  3.677236900983E+02  3.722995454498E+02  1.161236243206E+01  2.303274469299E-15 -6.594870268589E-02  1.354316254328E+02  2.324952485747E-01  3.240399035700E-01 -1.438084640354E-01  2.781417782055E-03 -7.413397249325E-01  1.914265068639E+00 -7.563032609714E-03  1.075536749374E-03  6.487495860309E-03 -1.592432074815E-02  2.421678958626E-04 -6.700711407687E-06 -2.271409714047E-06 -3.900239372911E-06  5.901187693625E-02  6.700711410411E-06  2.941891463261E-04 -3.508574584368E-20  5.247202112982E-21 -1.419683893117E-20 -9.898901958455E-04
  3.768754008012E+02  3.815885318133E+02  1.164627481251E+01  2.274097721476E-15 -6.558551690326E-02  1.362065214077E+02  2.309479227176E-01  3.219808979235E-01 -1.417458916129E-01  2.919649180996E-03 -7.405705942379E-01  1.927244239628E+00 -7.841872909266E-03  2.447475105858E-03  5.394397803282E-03 -1.584532441175E-02  1.914597470776E-04 -4.952038036074E-06 -4.100989351222E-06 -4.577919795941E-06  5.855023600038E-02  4.952038039694E-06  3.650218359150E-04 -3.408181907070E-20 -3.774516616919E-21 -2.008523916727E-20 -9.997386317468E-04
  3.863016628253E+02  3.911561877677E+02  1.168133470095E+01  1.586560310213E-15 -6.549990836825E-02  1.370118345897E+02  2.294363479733E-01  3.193949128905E-01 -1.395037460049E-01  3.138551172644E-03 -7.432543350372E-01  1.946593600424E+00 -8.229951111866E-03  3.832651808776E-03  4.397299303015E-03 -1.616894223560E-02  1.640379019521E-04 -2.378937888535E-06 -4.706960422695E-06 -2.662097206084E-06  5.803503265313E-02  2.378937882248E-06  9.031104752649E-04 -3.467167611592E-20 -2.826534395627E-21 -2.385314292332E-20 -1.011466462382E-03
  3.960107127100E+02  4.010108734007E+02  1.171668711909E+01  9.182291790348E-16 -6.447811940415E-02  1.378265327759E+02  2.280000568570E-01  3.170313346012E-01 -1.372859393328E-01  3.352303226516E-03 -7.347978150812E-01  1.964676446827E+00 -8.740051427080E-03  5.272086424575E-03  3.467965002537E-03 -1.614871050703E-02 -7.429911338422E-05  4.238292855796E-07 -4.248866748504E-06 -8.493211697751E-08  5.764164729600E-02 -4.238292906859E-07  1.788585544184E-03 -3.926573250881E-20 -3.060319321874E-21 -1.567585567480E-20 -1.012339451526E-03
  4.060110340913E+02  4.111611996027E+02  1.175338277908E+01  1.203208250626E-15 -6.323938516637E-02  1.386741853709E+02  2.266578144229E-01  3.143496700897E-01 -1.348886893072E-01  3.529906629758E-03 -7.236939200147E-01  1.989419286610E+00 -9.101990476740E-03  6.571670378780E-03  2.530320097870E-03 -1.627044881065E-02 -1.265335466536E-04  1.395931677906E-06 -4.444571375299E-06  5.338799198292E-06  5.770763080304E-02 -1.395931671936E-06  1.921667044197E-03 -2.836671960415E-20 -5.341565268974E-21 -1.822228981707E-20 -1.018167255676E-03
  4.163113651141E+02  4.216160355908E+02  1.179098720939E+01  1.815046377085E-15 -6.197962641431E-02  1.395459885083E+02  2.251660097003E-01  3.118189849026E-01 -1.325236232058E-01  3.802064869792E-03 -7.119670231703E-01  2.018451527387E+00 -9.448669122779E-03  7.951373342816E-03  1.497295779872E-03 -1.639368563483E-02 -2.524625740794E-04  3.307772198151E-06 -5.657482183870E-06  7.577279218928E-06  5.861557152938E-02 -3.307772200261E-06  2.127104294777E-03 -3.220793246611E-20 -2.897882351376E-21 -3.003665509705E-20 -1.043385584688E-03
  4.269207060675E+02  4.323845166585E+02  1.183112602219E+01  2.408628851924E-15 -6.042921177298E-02  1.404801913091E+02  2.233715215299E-01  3.088950277590E-01 -1.299767260925E-01  4.026412635215E-03 -6.976584837533E-01  2.048739339917E+00 -9.643025548284E-03  9.239777810294E-03  4.032477378727E-04 -1.705178804652E-02 -2.830248147965E-04  3.346154352936E-06 -7.537854002840E-06  8.285495446677E-06  6.014681887417E-02 -3.346154342149E-06  1.733411763823E-03 -4.190429386732E-20 -3.518651985066E-22 -2.427161688107E-20 -1.085310982057E-03
  4.378483272495E+02  4.434760521583E+02  1.187316781298E+01  3.351835013247E-15 -5.965251554064E-02  1.414621659343E+02  2.213613236171E-01  3.073001679446E-01 -1.274017629353E-01  4.275421137492E-03 -6.928527691427E-01  2.080629309272E+00 -9.830577283350E-03  1.046215688867E-02 -6.315796053007E-04 -1.766535967840E-02 -1.048844755824E-04  5.164457266968E-06 -9.201774421021E-06  1.057405462420E-05  6.082129339556E-02 -5.164457270152E-06  2.877909914735E-03 -3.150416067491E-20  4.763130522793E-21 -3.856731611579E-20 -1.118691386921E-03
  4.491037770670E+02  4.549003337230E+02  1.191670593815E+01  4.313756817031E-15 -5.641855975902E-02  1.424805820417E+02  2.190286482991E-01  3.037844551323E-01 -1.247111249345E-01  4.498148437618E-03 -6.589779952209E-01  2.110167422246E+00 -1.023204453031E-02  1.171527629304E-02 -1.483231762798E-03 -1.802903920531E-02 -6.768478787308E-04  3.888155125367E-06 -1.000367806981E-05  1.132089835370E-05  5.942041221315E-02 -3.888155109903E-06  3.970654553132E-03 -3.422158563618E-20 -4.991549854849E-21 -3.268711897990E-20 -1.116158240385E-03
  4.606968903790E+02  4.666673437347E+02  1.195926373270E+01  4.609918060709E-15 -5.390583758153E-02  1.434814497715E+02  2.162502542524E-01  2.990422558718E-01 -1.219662224329E-01  4.651118992876E-03 -6.337718023047E-01  2.143012651590E+00 -1.054937531207E-02  1.297130856415E-02 -2.421933252232E-03 -1.764719871173E-02 -4.379763670668E-04  4.095622051803E-06 -1.024405676635E-05  9.614753343664E-06  5.736677252041E-02 -4.095622045477E-06  3.280254581349E-03 -4.838287437585E-20  6.541553571278E-21 -4.769333921660E-20 -1.097920627483E-03
  4.726377970904E+02  4.787873640468E+02  1.200232292047E+01  3.684827905766E-15 -5.150010018034E-02  1.444999912758E+02  2.130982751800E-01  2.930725040388E-01 -1.191695894272E-01  4.832408084902E-03 -6.088150260612E-01  2.174436641239E+00 -1.072395718726E-02  1.410090271334E-02 -3.376945526090E-03 -1.754021418588E-02 -5.747392575375E-04  1.638388999388E-06 -1.043892641325E-05  7.442653879945E-06  5.642800814836E-02 -1.638389008272E-06  2.087079377845E-03 -4.636831642258E-20  7.197146130315E-22 -3.036902164999E-20 -1.096428168904E-03
  4.849369310031E+02  4.912709849682E+02  1.204598327072E+01  2.053628679148E-15 -5.067424958376E-02  1.455376381639E+02  2.095610882228E-01  2.876516055454E-01 -1.161199154463E-01  4.923768107806E-03 -6.039124484330E-01  2.204840504888E+00 -1.090037088066E-02  1.518788491230E-02 -4.287514031560E-03 -1.760167826466E-02 -2.347247176133E-04 -3.514687025598E-07 -1.058495935579E-05  3.857770743587E-06  5.590601270665E-02  3.514687075552E-07  1.152597958464E-03 -3.453668852577E-20  8.404608279764E-21 -3.783581391722E-20 -1.104448493933E-03
  4.976050389332E+02  5.041291145172E+02  1.209078467297E+01 -2.559425472485E-16 -4.965111226314E-02  1.466075369725E+02  2.057604176658E-01  2.799474290022E-01 -1.132432442982E-01  5.077607965950E-03 -5.957696199899E-01  2.240914837808E+00 -1.105645912153E-02  1.614887956774E-02 -5.092420446129E-03 -1.771626602705E-02 -2.233052313356E-04 -5.174842038574E-06 -1.001074394298E-05 -4.305906245697E-09  5.609742038494E-02  5.174842020864E-06  1.263709292548E-03 -4.167941570142E-20  9.377523278029E-21 -3.831863979535E-20 -1.113583371469E-03
  5.106531901012E+02  5.173729879527E+02  1.213743884346E+01 -2.119200070057E-15 -4.860048145234E-02  1.477277550474E+02  2.017322853789E-01  2.720934371365E-01 -1.098980581467E-01  4.998424119714E-03 -5.883918265322E-01  2.280387497146E+00 -1.117826734374E-02  1.699033679635E-02 -5.812069452652E-03 -1.798389126058E-02 -4.502341828705E-04 -2.753692141010E-06 -8.755813913839E-06 -1.648763564350E-06  5.631266307593E-02  2.753692137195E-06  2.876807048935E-03 -3.764879292154E-20  8.839801868268E-21 -4.314339715316E-20 -1.130149919270E-03
  5.240927858042E+02  5.310141775913E+02  1.218539373199E+01 -2.267757451731E-15 -4.482393444824E-02  1.488860775055E+02  1.974171683572E-01  2.638378238593E-01 -1.068810246358E-01  4.978252040349E-03 -5.476942500707E-01  2.311522320011E+00 -1.130590357984E-02  1.769547574349E-02 -6.389572163395E-03 -1.812051818257E-02 -8.485659140737E-04  1.708042500975E-07 -6.634570822440E-06  2.400388173157E-06  5.490665598285E-02 -1.708042464932E-07  4.129884481336E-03 -3.315428849971E-20  1.017759047993E-20 -4.304128186687E-20 -1.119420745527E-03
  5.379355693784E+02  5.450646029190E+02  1.223247058532E+01 -1.916018269969E-15 -4.144927282781E-02  1.500288131953E+02  1.928541650067E-01  2.564762612209E-01 -1.034955312509E-01  4.795625490115E-03 -5.106954377361E-01  2.337949916837E+00 -1.141030071840E-02  1.834331429471E-02 -6.933013576325E-03 -1.770981951840E-02 -8.352787343696E-04 -1.528161241385E-06 -3.355294863612E-06  4.452977717772E-06  5.417853452862E-02  1.528161244349E-06  3.345530140098E-03 -4.170907457940E-20  7.305056873176E-21 -4.712165994160E-20 -1.113924031016E-03
  5.521936364597E+02  5.595365410066E+02  1.228197404644E+01 -2.486646305533E-15 -3.884250400792E-02  1.512364489103E+02  1.880239569685E-01  2.491910211376E-01 -1.002396407297E-01  4.603394055201E-03 -4.818219859359E-01  2.372535200833E+00 -1.139116693174E-02  1.924476184148E-02 -7.853594909908E-03 -1.801254121567E-02 -5.852030827888E-04  1.324871422090E-06  8.581844741409E-08  2.666642151099E-06  5.421290548878E-02 -1.324871424034E-06  2.039543930400E-03 -4.322584553890E-20  4.643348368583E-21 -3.898623162865E-20 -1.130456398000E-03
  5.668794455535E+02  5.743794455535E+02  1.233200253143E+01 -3.475766260456E-15 -3.766723431729E-02  1.524622029863E+02  1.833147160560E-01  2.424324607261E-01 -9.676738848563E-02  4.459424396970E-03 -4.693540263028E-01  2.380535333708E+00 -1.123042429220E-02  1.942166127332E-02 -8.191236981208E-03 -1.801081674593E-02 -8.032891569483E-05  3.891381812291E-06  1.781848668297E-06  2.719988265689E-06  5.305879502752E-02 -3.891381812869E-06  2.205977034169E-03 -4.303713308202E-20  1.751315420549E-21 -3.631613122514E-20 -1.116423458490E-03
  5.818794455535E+02  5.893794455535E+02  1.238146627552E+01 -3.980529447722E-15 -3.467152792006E-02  1.536782812583E+02  1.789466401084E-01  2.350869345446E-01 -9.339956506563E-02  4.113798973118E-03 -4.340493504455E-01  2.336976605053E+00 -1.088175426529E-02  1.869848428997E-02 -7.816730024509E-03 -1.737803614744E-02 -4.396843841274E-04  3.188891585757E-06  2.521253403881E-06  1.062645753145E-06  5.189279420884E-02 -3.188891586664E-06  2.748484066217E-03 -3.963270733064E-20 -2.925528499688E-21 -4.124199030738E-20 -1.061763044755E-03
  5.968794455535E+02  6.043794455535E+02  1.242932267717E+01 -4.351373861927E-15 -3.251743523827E-02  1.548604097343E+02  1.746263765869E-01  2.294981016080E-01 -8.985462321490E-02  3.872288330741E-03 -4.077145214770E-01  2.294388434926E+00 -1.076625606929E-02  1.825664350810E-02 -7.490387438903E-03 -1.665942593568E-02 -3.143504573940E-04  1.320313636626E-06  3.499031431933E-06  1.393705319873E-06  4.951146151925E-02 -1.320313636743E-06  1.357415611609E-03 -2.808852383547E-20  3.833553807145E-21 -3.241467301632E-20 -1.015179809709E-03
  6.118794455535E+02  6.193794455535E+02  1.247432649915E+01 -5.012641777352E-15 -3.212760241823E-02  1.559747691161E+02  1.702319044715E-01  2.235004178107E-01 -8.652725197212E-02  3.562639781837E-03 -4.026466018850E-01  2.258190227916E+00 -1.071560497357E-02  1.784121041015E-02 -7.125605436558E-03 -1.572880425243E-02  2.212000694218E-04  2.768389908471E-06  3.456912221400E-06 -3.459285429530E-07  4.757281046290E-02 -2.768389908193E-06  2.752060992439E-04 -4.601225506318E-20  2.157205806860E-21 -3.496394657757E-20 -9.652467410891E-04
  6.268794455535E+02  6.343794455535E+02  1.251852934086E+01 -5.339144346546E-15 -3.198069213499E-02  1.570732978026E+02  1.658231444677E-01  2.171070060430E-01 -8.288595897706E-02  3.330667042849E-03 -4.014963782973E-01  2.230684860473E+00 -1.044386815868E-02  1.742000546471E-02 -6.976137305854E-03 -1.528078320253E-02  2.988809652447E-04  4.405225810486E-07  2.160712884937E-06 -2.705675642594E-06  4.726890291389E-02 -4.405225841848E-07  1.029050684145E-03 -3.277598791583E-20 -2.521853230130E-21 -3.603324783750E-20 -9.510043726093E-04
  6.418794455535E+02  6.493794455535E+02  1.256294579606E+01 -4.878499803203E-15 -3.019918311109E-02  1.581813131581E+02  1.611488941707E-01  2.113720771756E-01 -7.948055640683E-02  2.888178717046E-03 -3.791874381473E-01  2.193220870466E+00 -1.026690498722E-02  1.702050227496E-02 -6.753597287714E-03 -1.507394998760E-02  1.971519141055E-04 -5.569167962421E-07  1.266143200630E-06 -1.364851948704E-06  4.613942839491E-02  5.569168044362E-07  1.084492766503E-03 -3.904820647700E-20  1.211050481865E-21 -4.133012189642E-20 -9.153410097645E-04
  6.568794455535E+02  6.643794455535E+02  1.260503012065E+01 -4.527922452489E-15 -2.997972248828E-02  1.592359883191E+02  1.563903353981E-01  2.043793700195E-01 -7.580461055901E-02  2.623873065750E-03 -3.766111081889E-01  2.156853834095E+00 -1.031026760686E-02  1.672593484439E-02 -6.415667237536E-03 -1.411036348984E-02  3.912911248195E-04  6.134817200994E-07  1.705754547669E-06  6.683497468683E-07  4.387814416412E-02 -6.134817225681E-07  4.738394971987E-04 -3.375880913256E-20  2.056886657444E-21 -4.478225035046E-20 -8.527180474309E-04
  6.718794455535E+02  6.793794455535E+02  1.264521769772E+01 -4.784679886090E-15 -2.935192643555E-02  1.602462079887E+02  1.516739001711E-01  1.977341670427E-01 -7.233416697144E-02  2.222190779023E-03 -3.683022899963E-01  2.124612419188E+00 -1.009005244716E-02  1.628679550946E-02 -6.196743062300E-03 -1.318731057950E-02  3.515437478143E-04  5.229359008164E-07  1.612454982380E-06  2.605264327824E-06  4.156152853452E-02 -5.229358942782E-07  6.607324337293E-04 -2.931372403929E-20  5.286115894550E-21 -3.891893422398E-20 -7.968869840645E-04
  6.868794455535E+02  6.943794455535E+02  1.268295219958E+01 -4.836108654741E-15 -2.875623233155E-02  1.611962364470E+02  1.467085036727E-01  1.930300308106E-01 -6.874511330445E-02  2.027660767528E-03 -3.601205729980E-01  2.082571374004E+00 -9.753546860606E-03  1.565912481804E-02 -5.905577957592E-03 -1.237703107074E-02  6.776930034442E-05  3.977032737146E-06  1.007953804247E-06  2.182163408885E-06  3.974715205698E-02 -3.977032736826E-06  5.641150830048E-04 -4.132635757351E-20  4.900114956269E-22 -2.743223305206E-20 -7.551047523017E-04
  7.018794455535E+02  7.093794455535E+02  1.271972752787E+01 -4.455989107791E-15 -2.828192174347E-02  1.621237555232E+02  1.414728584746E-01  1.865587530593E-01 -6.537288786082E-02  1.694543247198E-03 -3.536520248219E-01  2.045300452394E+00 -9.559700158192E-03  1.546406948735E-02 -5.904369329252E-03 -1.170883671285E-02 -8.597991766000E-05  6.010046353370E-06  3.958835858748E-07 -1.422315991695E-07  3.719206106107E-02 -6.010046350350E-06  2.863845671200E-04 -3.970060204958E-20  2.993314088775E-21 -3.536992938187E-20 -7.058024009818E-04
  7.168794455535E+02  7.243794455535E+02  1.275268295827E+01 -4.693696892382E-15 -2.820551565949E-02  1.629555169984E+02  1.362951597819E-01  1.810874373148E-01 -6.181223545272E-02  1.472976592092E-03 -3.528280839046E-01  2.007434642765E+00 -9.403123327458E-03  1.513253634128E-02 -5.729413013846E-03 -1.087221607015E-02 -5.035759411094E-05  6.528098908036E-07 -1.399713361423E-06 -9.620760856895E-07  3.407571360703E-02 -6.528098949938E-07  1.531367902993E-04 -3.122902256572E-20  6.758487265565E-21 -1.861258230597E-20 -6.538807817467E-04
  7.318794455535E+02  7.393794455535E+02  1.278361163928E+01 -5.041395180367E-15 -2.798268374989E-02  1.637368598613E+02  1.314491799692E-01  1.754664924946E-01 -5.843354691658E-02  1.211270219111E-03 -3.509704523652E-01  1.960444444360E+00 -9.228613612772E-03  1.447469679483E-02 -5.246083182017E-03 -1.007175160284E-02 -2.261910257598E-04 -2.575520347377E-06 -2.150809073599E-06 -3.239132346856E-06  3.173686816462E-02  2.575520350776E-06  8.129788972150E-04 -2.632872497397E-20 -2.958211342158E-21 -2.959190603442E-20 -6.043546910172E-04
  7.468794455535E+02  7.543794455535E+02  1.281217840891E+01 -5.047338126155E-15 -2.667248709153E-02  1.644605607837E+02  1.266301576156E-01  1.725447330586E-01 -5.483593643954E-02  9.800792838438E-04 -3.358001560245E-01  1.920679269273E+00 -8.942759811152E-03  1.405706148750E-02 -5.114301676304E-03 -9.279915861941E-03 -4.885159707316E-04 -2.674076035672E-06 -8.571880973167E-07 -4.928098251194E-06  2.998089635340E-02  2.674076033150E-06  7.882717830823E-04 -3.297640990195E-20 -1.991381129871E-21 -3.066407301692E-20 -5.596096208349E-04
  7.618794455535E+02  7.693794455535E+02  1.283983198648E+01 -4.969989209676E-15 -2.652017647192E-02  1.651612576527E+02  1.215338697081E-01  1.683857250357E-01 -5.141846802159E-02  7.860596049859E-04 -3.348733461800E-01  1.883127164363E+00 -8.688878785786E-03  1.358798612529E-02 -4.899107339547E-03 -8.537267818688E-03 -1.536396873025E-04 -2.906652094339E-06  3.112983657246E-07 -2.713107967181E-06  2.710871032395E-02  2.906652095332E-06 -1.004915514912E-04 -2.553615668870E-20  4.642534766932E-21 -4.070103938928E-20 -4.979006891655E-04
  7.768794455535E+02  7.843794455535E+02  1.286301636899E+01 -4.420757723286E-15 -2.688196394175E-02  1.657490667215E+02  1.164686885594E-01  1.643998227331E-01 -4.791947457057E-02  5.634388626619E-04 -3.396560142093E-01  1.853965680978E+00 -8.501814656481E-03  1.321284437009E-02 -4.711029713486E-03 -7.459308222857E-03 -2.878298537931E-06  1.378072287750E-07  9.957594590355E-07 -8.694708694525E-07  2.455914240749E-02 -1.378072248784E-07 -4.045703224050E-04 -2.719823737358E-20  5.024186895493E-21 -2.949294264764E-20 -4.508824124705E-04
  7.918794455535E+02  7.993794455535E+02  1.288588667048E+01 -3.723638584974E-15 -2.727992306494E-02  1.663304744672E+02  1.115281827598E-01  1.587184866034E-01 -4.446802780250E-02  3.128218826560E-04 -3.437458291003E-01  1.821678141315E+00 -8.315176715557E-03  1.296031388626E-02 -4.645137170708E-03 -7.022107648631E-03 -1.322055007053E-04 -6.115695335064E-07  1.684075901770E-06 -9.396547526875E-07  2.342517359914E-02  6.115695330200E-07 -9.101154703708E-04 -4.069454352465E-20  4.320791062118E-21 -2.619747689237E-20 -4.152324584843E-04
  8.068794455535E+02  8.143794455535E+02  1.290693660759E+01 -3.180309784331E-15 -2.858687210413E-02  1.668658402591E+02  1.066081761039E-01  1.539416071209E-01 -4.110245906110E-02  2.063314766588E-04 -3.612867309366E-01  1.784469105006E+00 -8.073533000071E-03  1.249399309466E-02 -4.420460094528E-03 -6.226059632349E-03  3.623714053670E-05 -2.633999022545E-06  2.245846641964E-06 -2.020088825805E-07  2.176631115940E-02  2.633999030961E-06 -5.754488441435E-04 -1.926133785873E-20 -1.129305759347E-21 -3.124541571703E-20 -3.771117436927E-04
  8.218794455535E+02  8.293794455535E+02  1.292670184321E+01 -2.411020204376E-15 -2.836078832448E-02  1.673707285079E+02  1.015455115039E-01  1.497282926237E-01 -3.779428636350E-02  1.620456065774E-04 -3.578569582867E-01  1.753471220868E+00 -7.791025765244E-03  1.212193308274E-02 -4.330907317492E-03 -5.855232247460E-03 -3.230047552043E-04  1.307238056828E-06  2.280628385022E-06  7.266848521435E-07  2.045476248627E-02 -1.307238054552E-06 -2.868522008104E-06 -2.185111264973E-20  1.541454143883E-21 -2.258934987946E-20 -3.573133140673E-04
  8.368794455535E+02  8.443794455535E+02  1.294529973314E+01 -1.978560689129E-15 -2.859458076748E-02  1.678482285861E+02  9.625452248001E-02  1.448535988360E-01 -3.452095071142E-02  3.845017116309E-05 -3.612737512542E-01  1.722751647781E+00 -7.581974088609E-03  1.196403313962E-02 -4.382059050808E-03 -5.558434862950E-03 -2.617309507393E-04  7.624883409841E-07  1.670335245534E-06  2.725086826885E-07  1.823736261658E-02 -7.624883351661E-07 -6.503114284953E-04 -3.327899957989E-20  8.775515383798E-23 -3.155181935485E-20 -3.271008463523E-04
  8.518794455535E+02  8.593794455535E+02  1.296089494926E+01 -2.185646484400E-15 -2.958442861664E-02  1.682473408650E+02  9.080949668734E-02  1.395612475205E-01 -3.113046196295E-02  4.838976653341E-05 -3.747840814740E-01  1.697618744037E+00 -7.349799970859E-03  1.153511664751E-02 -4.185316676499E-03 -4.765212950959E-03 -7.088090637021E-05  3.320839513093E-06  1.811264046959E-06  3.971884043827E-08  1.547530222125E-02 -3.320839513072E-06 -2.583810983713E-03 -3.469505339203E-20  2.353728196567E-21 -3.392705502237E-20 -2.713662414748E-04
  8.668794455535E+02  8.743794455535E+02  1.297431433811E+01 -2.519933950453E-15 -3.343620208246E-02  1.685914247208E+02  8.507182255694E-02  1.334897007785E-01 -2.781936450612E-02 -3.674679667219E-05 -4.261104026130E-01  1.672804697195E+00 -7.251806480637E-03  1.132474483899E-02 -4.072938358302E-03 -4.041123480250E-03  5.711729864833E-04  2.256096445016E-06  3.303999841660E-06 -1.665602076621E-06  1.426372061793E-02 -2.256096442185E-06 -3.174368136983E-03 -2.326097131994E-20 -3.493577626152E-21 -2.562649121032E-20 -2.461224958369E-04
  8.818794455535E+02  8.893794455535E+02  1.298764119160E+01 -2.474744982145E-15 -3.552598888157E-02  1.689341462811E+02  7.899834462403E-02  1.280937666567E-01 -2.454836471558E-02 -7.218869443440E-05 -4.541174964862E-01  1.647968584947E+00 -7.101783862151E-03  1.104789363054E-02 -3.946109768324E-03 -3.852933116274E-03  2.397646695572E-04  3.910469295291E-06  4.178447391519E-06  2.450751760853E-06  1.420904819710E-02 -3.910469294676E-06 -2.167557562367E-03 -2.348442256160E-20  3.140570401199E-21 -3.294557501679E-20 -2.360322299500E-04
  8.968794455535E+02  9.043794455535E+02  1.300096386064E+01 -2.358065999408E-15 -3.749926525733E-02  1.692759597071E+02  7.259608917187E-02  1.250450596226E-01 -2.133531455581E-02 -9.915657226765E-05 -4.797318120023E-01  1.616981981810E+00 -6.698850477710E-03  1.056320011859E-02 -3.864349640785E-03 -3.752307792698E-03  3.505757414196E-04  4.693066216593E-07  3.081639562770E-06  1.265681790470E-06  1.437503355396E-02 -4.693066158629E-07 -2.570278878940E-03 -2.459503486847E-20  2.186231780622E-21 -2.784199436233E-20 -2.335269866888E-04
  9.118794455535E+02  9.193794455535E+02  1.301460485694E+01 -2.534811697925E-15 -4.034745042068E-02  1.696257997611E+02  6.543489221818E-02  1.223534112462E-01 -1.806794661072E-02 -1.963949626338E-04 -5.151188134988E-01  1.580654772015E+00 -6.506449722610E-03  1.008819885155E-02 -3.581749128957E-03 -3.741543245169E-03  4.925457951798E-04 -1.413512002419E-06  1.389403090784E-06  9.304989790077E-08  1.404263006953E-02  1.413511999182E-06 -4.966418472427E-03 -2.349514476294E-20  1.231864730776E-21 -2.762672295912E-20 -2.315361504766E-04
  9.268794455535E+02  9.343794455535E+02  1.302730225838E+01 -2.688654782030E-15 -4.680827867062E-02  1.699533505201E+02  5.716243638688E-02  1.222156673548E-01 -1.484028717837E-02 -2.322204210004E-04 -5.992816820219E-01  1.559895714160E+00 -6.284607547489E-03  9.829158708052E-03 -3.544551160673E-03 -3.690314210296E-03  1.114789550407E-03 -1.995107311112E-07 -5.824914412662E-08 -1.361269265038E-06  1.544489430516E-02  1.995107372087E-07 -5.695099407772E-03 -2.288935162425E-20 -1.942182900742E-22 -2.859070952521E-20 -2.420090100673E-04
  9.418794455535E+02  9.493794455535E+02  1.304357144513E+01 -2.539437627194E-15 -5.103378010965E-02  1.703720725815E+02  4.739891160106E-02  1.241920230127E-01 -1.147571657583E-02 -2.694899456233E-04 -6.549622746432E-01  1.540635846326E+00 -6.105739079299E-03  9.601047983146E-03 -3.495308903817E-03 -4.091762916563E-03  8.955829175225E-04 -1.459641156835E-06 -1.163064187809E-06 -2.366594669011E-07  1.964682679430E-02  1.459641154859E-06 -4.399838229094E-03 -2.018997220186E-20 -5.873271652893E-22 -2.384521671619E-20 -2.779893396380E-04
  9.568794455535E+02  9.643794455535E+02  1.306413365786E+01 -2.115375004793E-15 -5.507651724193E-02  1.709038589455E+02  3.592478047029E-02  1.269016699540E-01 -8.282754905404E-03 -1.831522291399E-04 -7.090656051782E-01  1.551780677852E+00 -5.899231574694E-03  9.482763337198E-03 -3.583531762414E-03 -4.801017065890E-03  7.562060900826E-04 -1.236427091528E-06 -1.033720516076E-06 -4.281903731920E-06  2.413141803871E-02  1.236427100596E-06 -3.722821416299E-03 -2.229826548324E-20 -7.649156789159E-22 -1.486296799073E-20 -3.332559989756E-04
  9.718794455535E+02  9.793794455535E+02  1.308881303209E+01 -1.336395657042E-15 -5.802378343322E-02  1.715472777963E+02  2.204406900045E-02  1.346982842778E-01 -4.829761407595E-03 -1.750231816103E-04 -7.485636749284E-01  1.649142331611E+00 -5.976658990460E-03  1.024601626238E-02 -4.269357271932E-03 -5.914051836502E-03  6.662617966926E-04 -2.019404311720E-06 -6.166535472036E-07 -5.298452177480E-06  3.060305915868E-02  2.019404312936E-06 -3.122797271484E-03 -2.549171671898E-20 -1.471195353294E-21 -5.270170551614E-21 -4.445809004983E-04
  9.868794455535E+02  9.943794455535E+02  1.312151225981E+01 -3.943539288523E-16 -6.093064942857E-02  1.724133912615E+02  4.562962407573E-03  1.534965397630E-01 -1.407172135417E-03 -6.800142148590E-05 -7.886069123493E-01  1.654129938962E+00 -6.765509739193E-03  1.106247640829E-02 -4.296966668991E-03 -7.463752708212E-03  7.868681966936E-04 -3.886721450399E-07 -2.954628130827E-07 -1.343545905899E-06  1.744176193813E-02  3.886721525517E-07 -1.551417743667E-03 -1.278471926761E-20  7.217400577244E-22  2.263005076371E-21 -2.186902485071E-04
