                   y                  ym                   U                   V                   W                 U^2                 V^2                 W^2                  UV                  VW                  UW                VISC               SFSxx               SFSyy               SFSzz               SFSxy               SFSyz                dUdX                dVdX                dWdX                dUdY                dVdY                dWdY                dUdZ                dVdZ                dWdZ              SFSxym
 -4.000000000000E+00 -2.000000000000E+00  0.000000000000E+00  0.000000000000E+00  0.000000000000E+00  0.000000000000E+00  0.000000000000E+00  0.000000000000E+00  0.000000000000E+00  0.000000000000E+00  0.000000000000E+00  0.000000000000E+00  0.000000000000E+00  0.000000000000E+00  0.000000000000E+00  0.000000000000E+00  0.000000000000E+00  0.000000000000E+00  0.000000000000E+00  0.000000000000E+00  0.000000000000E+00  0.000000000000E+00  0.000000000000E+00  0.000000000000E+00  0.000000000000E+00  0.000000000000E+00  0.000000000000E+00
  2.220446049250E-16  2.000000000000E+00  6.671679149163E+00  5.995755830481E-16 -9.455408674576E-02  4.729856590103E+01  6.854465655618E-02  8.669920264395E-01 -2.126392095203E-01 -1.526326201051E-03 -6.489522631481E-01  2.477651592820E+00 -4.411399089408E-03  2.498698230692E-02 -2.057558322118E-02 -8.710759789447E+00  9.474970826700E-02 -1.811595633248E-03 -1.512048133536E-04  8.318805888088E-05  3.200960147408E+01  1.811595633310E-03 -3.987965128844E-01 -2.165517887770E-21 -4.741150662165E-21 -1.102943960941E-20 -4.975542588422E-02
  4.000000000000E+00  6.000000000000E+00  9.333439454068E+00  1.882677101601E-15 -1.050244801635E-01  9.136415368094E+01  2.838294451820E-01  1.093010482982E+00 -5.230477740947E-01 -1.217525226716E-03 -1.011555621204E+00  7.054990181778E+00  5.928688450980E-01 -4.102321077875E-01 -1.826367373052E-01 -3.099298691451E+00 -3.027846694865E-02  3.952469962946E-04 -2.465063949490E-04  1.357763912861E-05  6.853446114670E+00 -3.952469963267E-04 -1.841993271222E-02 -5.039927849982E-21 -1.159050725691E-20 -2.392934383321E-21 -1.858917472343E-01
  8.000000000000E+00  1.000000000000E+01  1.009795548782E+01  4.027342785795E-15 -1.034455431404E-01  1.054783519049E+02  3.873093754559E-01  1.067379353581E+00 -5.011363217615E-01 -1.094268595532E-03 -1.075129238693E+00  7.763596971856E+00  2.639042588277E-01 -5.506006642996E-01  2.866964054755E-01 -1.329163938290E+00 -5.107015870261E-02  3.593587909842E-04 -1.501049988594E-04  8.004665570687E-05  2.944860714986E+00 -3.593587909611E-04  1.129714066023E-02 -1.708730986097E-20 -4.538094439978E-21  1.358145146756E-19 -8.051523827079E-02
  1.200000000000E+01  1.400000000000E+01  1.080570388142E+01  6.797045492996E-15 -9.919702805996E-02  1.202441243058E+02  4.473535720761E-01  1.058245976052E+00 -5.506925223688E-01 -5.346666595941E-04 -1.104462472896E+00  7.724821530305E+00  2.491649472552E-01 -5.159769473370E-01  2.668120000846E-01 -1.268642375263E+00 -8.806152160046E-03  1.465672156290E-04 -8.890754602273E-05  2.577377808910E-05  2.400291841705E+00 -1.465672156569E-04  1.929540895093E-02  1.035441666186E-20 -3.120829604329E-21  7.991474868316E-20 -6.810359163300E-02
  1.600000000000E+01  1.800000000000E+01  1.129809154762E+01  1.013446112331E-14 -9.378882145903E-02  1.309497100735E+02  4.898025593091E-01  1.048738248105E+00 -5.507352282359E-01 -5.103069975108E-04 -1.094285051999E+00  7.326110822157E+00  2.062332517564E-01 -4.741305675787E-01  2.678973158154E-01 -8.924417269567E-01 -8.404768286805E-03  2.278486765626E-04 -5.879539844037E-05 -5.381688741627E-06  1.829070794070E+00 -2.278486764993E-04  1.985795417328E-02 -6.749140698544E-20 -2.860641289113E-21  8.522571422019E-20 -5.101430910291E-02
  2.000000000000E+01  2.200000000000E+01  1.172024718117E+01  1.337410607608E-14 -8.925196350477E-02  1.405905865975E+02  5.233635186370E-01  1.043179889269E+00 -5.649213087932E-01 -4.431352534472E-04 -1.081403460062E+00  7.048794483927E+00  1.836494427937E-01 -4.377925870131E-01  2.541431442221E-01 -7.530291385016E-01 -8.142906577599E-03  1.262410712247E-04 -3.565273442253E-05 -6.356572672088E-05  1.521928638203E+00 -1.262410713099E-04  1.656344102347E-02 -1.584719000821E-20  3.308435637677E-21  1.109298287666E-19 -4.237452362850E-02
  2.400000000000E+01  2.600000000000E+01  1.205922346003E+01  1.510297587224E-14 -8.566623123569E-02  1.485600341737E+02  5.505488477914E-01  1.037303161066E+00 -5.660511952761E-01 -3.116100828477E-04 -1.068497036346E+00  6.743695027523E+00  1.597097226501E-01 -4.025620278189E-01  2.428523051680E-01 -6.040803376350E-01 -6.217740228568E-03  4.763813571663E-05 -1.702460194204E-05 -6.150011389646E-06  1.274471271770E+00 -4.763813567854E-05  1.425373286382E-02  6.025205499171E-20 -5.155844477536E-21  1.174911741433E-19 -3.513705329890E-02
  2.800000000000E+01  3.000000000000E+01  1.235758699130E+01  1.788288946901E-14 -8.230896998979E-02  1.557921181578E+02  5.725123037173E-01  1.030733546473E+00 -5.705224198338E-01 -2.316695408858E-04 -1.052633932394E+00  6.491091952372E+00  1.424700262976E-01 -3.730144916576E-01  2.305444653600E-01 -5.246982437012E-01 -6.351307205640E-03  9.361050660838E-05 -1.043980788183E-05  6.671546146464E-06  1.114263283217E+00 -9.361050648911E-05  1.156789789527E-02  2.056248928512E-20 -3.534305237078E-21  1.749701403891E-19 -3.050626948968E-02
  3.200000000000E+01  3.400000000000E+01  1.261625060218E+01  2.231647664696E-14 -7.993714774136E-02  1.622059276333E+02  5.901766418641E-01  1.021977644923E+00 -5.707012788884E-01 -2.257323886051E-04 -1.043787395233E+00  6.245143294684E+00  1.278621431143E-01 -3.462796421418E-01  2.184174990265E-01 -4.534054461264E-01 -4.322246533675E-03  9.826759966047E-05 -4.603275136908E-06 -4.738809340711E-05  9.840981263672E-01 -9.826759966899E-05  7.189151673805E-03  2.312202671534E-20  1.652178661506E-20  1.276531997671E-19 -2.672768386199E-02
  3.600000000000E+01  3.800000000000E+01  1.284969201035E+01  2.407936133472E-14 -7.860620874218E-02  1.681210687438E+02  6.043007475277E-01  1.013129218225E+00 -5.717037379181E-01 -1.988438984744E-04 -1.045858986323E+00  6.028352857239E+00  1.161265226492E-01 -3.230370409565E-01  2.069105183080E-01 -4.040226997729E-01 -3.003655128572E-03 -1.036829841172E-05 -1.438300902547E-07 -4.788269854241E-05  8.863163251727E-01  1.036829836132E-05  4.372871402586E-03  2.683777671828E-20  6.214898495224E-22  1.606879159762E-19 -2.387124370493E-02
  4.000000000000E+01  4.200000000000E+01  1.305943501215E+01  2.631753163197E-14 -7.762415411312E-02  1.735318701421E+02  6.154327649679E-01  1.004069585939E+00 -5.711542124318E-01 -1.651216751814E-04 -1.050305377713E+00  5.837410533573E+00  1.063838178985E-01 -3.033602881023E-01  1.969764702073E-01 -3.609692398802E-01 -3.037208808066E-03  1.300786593445E-06  2.443710220934E-06  4.694573313099E-06  8.060152985658E-01 -1.300786678488E-06  4.990530523261E-03 -2.571847618351E-20  9.012090024954E-21  1.474162314351E-19 -2.155301586526E-02
  4.400000000000E+01  4.600000000000E+01  1.325254955957E+01  3.157560808595E-14 -7.621087937889E-02  1.785965511221E+02  6.241518659652E-01  9.953782796884E-01 -5.706453343800E-01 -3.391338387217E-05 -1.047074692554E+00  5.666768504406E+00  9.820938936731E-02 -2.862442259231E-01  1.880348365569E-01 -3.298592898908E-01 -3.043680685555E-03  5.233207095552E-05  8.288279934392E-06 -2.458095580173E-05  7.428384695334E-01 -5.233207102939E-05  4.623018610871E-03 -2.129438723967E-20 -4.508669820877E-21  1.856438521890E-19 -1.973426556075E-02
  4.800000000000E+01  5.000000000000E+01  1.343088982321E+01  3.930628298248E-14 -7.542676691187E-02  1.833412695201E+02  6.307360706130E-01  9.872534470201E-01 -5.695577021385E-01  4.934123919182E-05 -1.049395901818E+00  5.505241839402E+00  9.084678987771E-02 -2.706482012130E-01  1.798014113301E-01 -3.023949065665E-01 -2.373500381430E-03  4.589713035882E-05  1.211654741510E-05 -4.014987114884E-05  6.891677201135E-01 -4.589713023408E-05  2.238669433297E-03  1.532024942012E-21 -3.364797942716E-21  1.070429825795E-19 -1.817418319175E-02
  5.200000000000E+01  5.400000000000E+01  1.359729835795E+01  5.039245471959E-14 -7.507473657085E-02  1.878286354635E+02  6.355547592168E-01  9.799103294834E-01 -5.684782440295E-01  6.024805051470E-05 -1.055615852472E+00  5.360011339678E+00  8.500865745679E-02 -2.573811983882E-01  1.723725409331E-01 -2.795102635081E-01 -1.760059235433E-03  6.009701172833E-05  1.001086204099E-05 -3.772237472321E-05  6.437432737316E-01 -6.009701191589E-05  9.234891591675E-04  8.473314850084E-21 -1.343576503413E-20  1.711053287874E-19 -1.683601328529E-02
  5.600000000000E+01  5.800000000000E+01  1.375282976834E+01  6.242372000169E-14 -7.497265567173E-02  1.920744680353E+02  6.390107816509E-01  9.721783269525E-01 -5.669639727931E-01  2.068378417865E-04 -1.064703130829E+00  5.223873805594E+00  7.918131998075E-02 -2.450400627209E-01  1.658587427426E-01 -2.595317541495E-01 -1.094468222769E-03  3.534271399359E-05  5.055813620570E-06 -4.367220197025E-05  6.043708771152E-01 -3.534271378016E-05  1.503299581220E-04  1.991182417342E-20 -6.594927971639E-21  1.588557611735E-19 -1.567832038094E-02
  6.000000000000E+01  6.200000000000E+01  1.389951013349E+01  7.318539352399E-14 -7.503466878456E-02  1.961248893770E+02  6.414500823847E-01  9.627612868114E-01 -5.655093706736E-01  2.368206953373E-04 -1.075780014783E+00  5.097951460328E+00  7.432107084044E-02 -2.338337495353E-01  1.595126786960E-01 -2.425247802332E-01 -6.227876218587E-04 -5.798737207806E-06  8.289558143766E-07 -1.564483587171E-05  5.706575243709E-01  5.798737416997E-06 -1.284849204317E-03 -4.997698974920E-21 -1.015594789075E-20  1.781900168751E-19 -1.467219112156E-02
  6.400000000000E+01  6.600000000000E+01  1.403810995012E+01  8.601628970365E-14 -7.559950317176E-02  1.999939662213E+02  6.431609702103E-01  9.534320238893E-01 -5.638327244971E-01  3.254327560843E-04 -1.093510466507E+00  4.979983724449E+00  6.960460078351E-02 -2.237356691428E-01  1.541310683591E-01 -2.273693343143E-01  2.388612896470E-04 -3.546431276272E-05 -4.369602386262E-07  2.415090930732E-05  5.400281246083E-01  3.546431289682E-05 -1.936396979186E-03  4.884145148340E-20 -3.458126754988E-21  1.611513613112E-19 -1.377530251911E-02
  6.800000000000E+01  7.000000000000E+01  1.416949184817E+01  9.980662083111E-14 -7.599180859955E-02  2.036985606397E+02  6.442004020775E-01  9.452044207294E-01 -5.621784424102E-01  4.740761515033E-04 -1.109558823752E+00  4.870745102793E+00  6.488557656901E-02 -2.141275422669E-01  1.492419656967E-01 -2.136787158690E-01  7.517444222733E-05  1.270642471470E-05 -6.770062636612E-07  2.904307317244E-05  5.131857217530E-01 -1.270642447835E-05 -1.564127376403E-03  6.598581347882E-21 -1.535717393086E-20  1.615887672392E-19 -1.296757690404E-02
  7.200000000000E+01  7.400000000000E+01  1.429468532379E+01  1.062414817579E-13 -7.637141221063E-02  2.072627583581E+02  6.444693395971E-01  9.378629058124E-01 -5.603933607020E-01  5.675146379105E-04 -1.124555553553E+00  4.765173104421E+00  6.110034774900E-02 -2.051881770664E-01  1.440878293162E-01 -2.015329436794E-01 -1.110283610752E-04  2.821622894653E-05  1.301311418322E-06  9.404165855690E-06  4.891980703445E-01 -2.821622899478E-05 -1.345181277227E-03  4.445138764644E-20 -2.614024299962E-21  1.188536992571E-19 -1.223246900134E-02
  7.600000000000E+01  7.800000000000E+01  1.441407933819E+01  1.085915664392E-13 -7.663792569981E-02  2.106944649876E+02  6.439972919898E-01  9.308041532406E-01 -5.586835125544E-01  7.246983478089E-04 -1.138377385039E+00  4.667833776060E+00  5.802041490247E-02 -1.972501783211E-01  1.392297634152E-01 -1.900400974208E-01  2.562080447550E-05  5.712900894038E-05  6.722530154280E-06  3.143362102878E-06  4.674004139272E-01 -5.712900898908E-05 -1.634905341919E-03  1.430533195062E-20 -6.508432071978E-21  1.619380089930E-19 -1.157869921866E-02
  8.000000000000E+01  8.200000000000E+01  1.452850026381E+01  1.104183399806E-13 -7.719473952162E-02  2.140116066670E+02  6.430433651926E-01  9.231725053527E-01 -5.567069607446E-01  8.584645948787E-04 -1.156464252361E+00  4.578429772350E+00  5.489449004240E-02 -1.901125254671E-01  1.352180354257E-01 -1.804878024548E-01  7.932701378984E-05  6.910220929317E-06  9.783191832865E-06  2.902257312018E-06  4.473034669311E-01 -6.910220842667E-06 -2.436803883671E-03  1.575952990885E-20  8.271437151550E-22  1.664694366402E-19 -1.097355078929E-02
  8.400000000000E+01  8.600000000000E+01  1.463779127912E+01  1.115436646405E-13 -7.782696121949E-02  2.172055332643E+02  6.417769019374E-01  9.144662881178E-01 -5.548934453509E-01  9.461157892882E-04 -1.174735794013E+00  4.492915275305E+00  5.201356562413E-02 -1.833853770477E-01  1.313718114223E-01 -1.709351870144E-01  4.568661966905E-04 -5.516889757054E-05  9.701255723772E-06  1.230243079734E-05  4.280085731146E-01  5.516889750770E-05 -2.588483673754E-03  6.918118712073E-21 -1.290599822540E-20  1.424942858680E-19 -1.039392612105E-02
  8.800000000000E+01  9.000000000000E+01  1.474246304604E+01  1.162431148156E-13 -7.842297061718E-02  2.202868333184E+02  6.401796370499E-01  9.048463798949E-01 -5.530229425613E-01  1.128249726112E-03 -1.191956808605E+00  4.410394099515E+00  4.939829267855E-02 -1.770558897924E-01  1.276575971123E-01 -1.616581009181E-01  6.311793855256E-04  4.377077421535E-06  1.000703064525E-05  2.743982735719E-05  4.090826082249E-01 -4.377077390979E-06 -1.722705783022E-03  3.116870435246E-20  8.667605701299E-21  1.312819821168E-19 -9.835790294677E-03
  9.200000000000E+01  9.400000000000E+01  1.484231695796E+01  1.211007239222E-13 -7.868867392062E-02  2.232469150462E+02  6.383259022367E-01  8.952712719420E-01 -5.510601551387E-01  1.274126127654E-03 -1.204337286875E+00  4.330607452758E+00  4.690869348850E-02 -1.708195584878E-01  1.239108649999E-01 -1.529736220025E-01 -4.621691011568E-05  6.730754411128E-05  1.036387128563E-05  2.015232292648E-05  3.907980456612E-01 -6.730754411275E-05  1.090162630637E-04  7.728736661031E-21 -1.376878969088E-20  1.607968234746E-19 -9.334135348933E-03
  9.600000000000E+01  9.800000000000E+01  1.493790367352E+01  1.239214480452E-13 -7.837723416406E-02  2.260992942517E+02  6.361978318645E-01  8.857862986249E-01 -5.491194865929E-01  1.407272049313E-03 -1.208757126635E+00  4.252182816831E+00  4.453663230127E-02 -1.649561094796E-01  1.204194771776E-01 -1.456299722614E-01 -5.837765808278E-04  2.189547728044E-05  8.688504520087E-06  1.449002408633E-05  3.737740033917E-01 -2.189547716555E-05  2.131308151110E-03  3.784979605804E-20  4.400180773480E-21  1.224296602421E-19 -8.845667177608E-03
  1.000000000000E+02  1.020000000000E+02  1.502921772898E+01  1.297651601335E-13 -7.761265561373E-02  2.288423996455E+02  6.337767610501E-01  8.761494022356E-01 -5.472201984932E-01  1.577380076321E-03 -1.206164949373E+00  4.175193436948E+00  4.212006452192E-02 -1.595161966847E-01  1.173961321622E-01 -1.377327608800E-01 -9.984001411473E-04 -1.479866112839E-05  7.658009847505E-06  4.072373902995E-06  3.569988500144E-01  1.479866111302E-05  3.629014465670E-03  7.825278688183E-20 -2.987052825804E-21  1.415350151999E-19 -8.370531874705E-03
  1.040000000000E+02  1.060000000000E+02  1.511633609896E+01  1.342823797758E-13 -7.659120119406E-02  2.314750099114E+02  6.312422426254E-01  8.669634566260E-01 -5.452730809418E-01  1.672660235519E-03 -1.198960887171E+00  4.101292801605E+00  3.995288868015E-02 -1.542807258621E-01  1.143278371817E-01 -1.303585215236E-01 -1.474980707606E-03  7.581910675771E-06  8.814813835339E-06 -3.010308655188E-06  3.408956178821E-01 -7.581910511623E-06  4.176863995455E-03  4.411968248131E-20  1.111173936425E-20  1.704747144032E-19 -7.936662884582E-03
  1.080000000000E+02  1.100000000000E+02  1.519969684913E+01  1.341643382039E-13 -7.553968838899E-02  2.340081762702E+02  6.287472588593E-01  8.584166495969E-01 -5.433049733803E-01  1.799903715744E-03 -1.191497912472E+00  4.029718231099E+00  3.793058890967E-02 -1.489676424548E-01  1.110370535465E-01 -1.234365907862E-01 -1.016310423978E-03  8.869326367156E-06  8.211399227057E-06 -1.297122947595E-06  3.255017929264E-01 -8.869326350870E-06  4.911163475631E-03 -8.565619148155E-21  5.749898211369E-21  1.253592088442E-19 -7.522961535384E-03
  1.120000000000E+02  1.140000000000E+02  1.527915668697E+01  1.349246510236E-13 -7.410480786937E-02  2.364346420847E+02  6.262211041933E-01  8.498017178204E-01 -5.412880705869E-01  1.999090593203E-03 -1.178047244419E+00  3.963943734874E+00  3.616471409628E-02 -1.445828411864E-01  1.084181270909E-01 -1.171234121037E-01 -1.333714320839E-03  5.494318532449E-06  6.778175503977E-06 -2.007153542949E-05  3.123062428216E-01 -5.494318419049E-06  6.461132566142E-03  6.367492361797E-20  9.282788825497E-21  1.197452710504E-19 -7.134040676174E-03
  1.160000000000E+02  1.180000000000E+02  1.535580800918E+01  1.341689071765E-13 -7.228667457506E-02  2.387885340078E+02  6.236827866755E-01  8.412380056338E-01 -5.393188368656E-01  2.138002252198E-03 -1.158446157548E+00  3.901225907877E+00  3.462626759267E-02 -1.407588023116E-01  1.061325347171E-01 -1.115445423007E-01 -1.840240076138E-03  1.424200825146E-05  8.739919572369E-06 -2.166453290658E-05  3.000254100482E-01 -1.424200829224E-05  7.683375183770E-03  5.861091624401E-20 -2.395553127992E-20  1.235674413013E-19 -6.788075123911E-03
  1.200000000000E+02  1.220000000000E+02  1.542920035589E+01  1.309225754429E-13 -7.025528458198E-02  2.410526792057E+02  6.211638364136E-01  8.328322475092E-01 -5.372813079210E-01  2.284795076030E-03 -1.134419302829E+00  3.841489684006E+00  3.286003851748E-02 -1.367293318439E-01  1.038692933260E-01 -1.056074269805E-01 -1.913579487180E-03  3.081269729328E-05  1.072272138890E-05 -2.071872506309E-05  2.873889581499E-01 -3.081269724946E-05  8.551208647220E-03  3.226566916723E-20  2.435148136380E-21  1.440026503791E-19 -6.447810303113E-03
  1.240000000000E+02  1.260000000000E+02  1.549958935047E+01  1.301179945040E-13 -6.798717715173E-02  2.432347876464E+02  6.187001430432E-01  8.244854896643E-01 -5.352661041170E-01  2.419497455487E-03 -1.106431127995E+00  3.780537766531E+00  3.139160162000E-02 -1.327546418917E-01  1.013630402716E-01 -1.006879889303E-01 -2.076504281818E-03  2.620398237635E-05  9.202914870047E-06 -4.886547905226E-05  2.756889013614E-01 -2.620398247071E-05  9.241609648337E-03 -3.273908115185E-20 -2.930488898235E-20  1.308521042136E-19 -6.146781028377E-03
  1.280000000000E+02  1.300000000000E+02  1.556703633935E+01  1.260217170780E-13 -6.559435946313E-02  2.453342661185E+02  6.163731634243E-01  8.170244401346E-01 -5.331724471461E-01  2.601422543692E-03 -1.076165462208E+00  3.723880078373E+00  3.018156214489E-02 -1.290942924055E-01  9.891273026084E-02 -9.588675870213E-02 -2.268783567447E-03 -1.527836740712E-05  7.170190185057E-06 -7.319357032537E-05  2.651920118194E-01  1.527836748489E-05  1.026259605823E-02  3.127680687038E-20 -3.694544057943E-21  9.781832621309E-20 -5.848669356360E-03
  1.320000000000E+02  1.340000000000E+02  1.563212929383E+01  1.185249939283E-13 -6.286181313928E-02  2.473674762633E+02  6.141383120865E-01  8.093256771556E-01 -5.311412849846E-01  2.719097012385E-03 -1.040761798656E+00  3.666857882716E+00  2.861802146050E-02 -1.253971581340E-01  9.677913667385E-02 -9.135381451937E-02 -2.392593000396E-03 -2.584347264727E-05  7.179110010214E-06 -5.157521841641E-05  2.548908697500E-01  2.584347252657E-05  1.030750424126E-02  1.140357980604E-20 -4.963451808999E-21  1.141600758748E-19 -5.568630929480E-03
  1.360000000000E+02  1.380000000000E+02  1.569448148368E+01  1.179211115328E-13 -6.046114120717E-02  2.493219775758E+02  6.118647103807E-01  8.011676559418E-01 -5.290795889595E-01  2.877243422026E-03 -1.009928460630E+00  3.611705710471E+00  2.713030979975E-02 -1.218567066480E-01  9.472639684737E-02 -8.677199812418E-02 -2.328138013549E-03  7.529663732725E-06  6.322584195967E-06 -4.091555122057E-05  2.442049569361E-01 -7.529663623780E-06  9.257435168612E-03  1.739984827769E-20 -2.243362043783E-20  1.527192650820E-19 -5.293469046437E-03
  1.400000000000E+02  1.420000000000E+02  1.575423029024E+01  1.175454652595E-13 -5.824251552232E-02  2.512013383065E+02  6.095698326075E-01  7.928939985173E-01 -5.270500151050E-01  3.016135254968E-03 -9.815292586801E-01  3.560268355107E+00  2.574776332547E-02 -1.184727890830E-01  9.272502575761E-02 -8.269396066162E-02 -2.355421815803E-03  2.480450348882E-07  4.288231143513E-06 -5.979121477180E-05  2.346994144839E-01 -2.480451593399E-07  8.605343194917E-03  2.153741525007E-22 -1.338086788279E-20  1.123412967913E-19 -5.052648191436E-03
  1.440000000000E+02  1.460000000000E+02  1.581176352814E+01  1.139797012560E-13 -5.620212800764E-02  2.530175367971E+02  6.072229532728E-01  7.839564643928E-01 -5.249622887557E-01  3.158271385514E-03 -9.552271567606E-01  3.512086996686E+00  2.486365217859E-02 -1.155515359982E-01  9.068788381792E-02 -7.902702492153E-02 -1.991665811083E-03 -1.511467457426E-05  4.237098131559E-06 -4.477938075845E-05  2.254301933786E-01  1.511467457152E-05  8.218891677620E-03  3.287128088392E-21 -1.692675915581E-20  1.400141015076E-19 -4.826820711548E-03
  1.480000000000E+02  1.500000000000E+02  1.586688133537E+01  1.151908470230E-13 -5.415280968557E-02  2.547624255465E+02  6.048936586133E-01  7.751523159847E-01 -5.229657118654E-01  3.260488727759E-03 -9.276861645373E-01  3.466438678927E+00  2.446131484687E-02 -1.128027392354E-01  8.834142438807E-02 -7.535192844194E-02 -1.897353584543E-03 -1.345560675180E-05  5.392225865422E-06 -1.921101256931E-05  2.160783236309E-01  1.345560668501E-05  6.996722529013E-03  5.778500081831E-21 -3.039354923644E-20  1.030350681818E-19 -4.609666838120E-03
  1.520000000000E+02  1.540000000000E+02  1.591976784355E+01  1.143693108968E-13 -5.268009836036E-02  2.564409861989E+02  6.027732930920E-01  7.669604540678E-01 -5.207810255382E-01  3.322950120351E-03 -9.082858248937E-01  3.419586120841E+00  2.371330290304E-02 -1.099404540951E-01  8.622715119206E-02 -7.216517552269E-02 -1.407021978257E-03  3.695555443554E-06  5.978578945451E-06 -3.607721261342E-05  2.070266932771E-01 -3.695555500024E-06  5.517535130923E-03  1.237683164562E-20  8.090565637557E-22  1.116834035959E-19 -4.407909404583E-03
  1.560000000000E+02  1.580000000000E+02  1.597041955236E+01  1.106781009434E-13 -5.141854288739E-02  2.580542057323E+02  6.009185481158E-01  7.598480694675E-01 -5.187637255139E-01  3.444523004353E-03 -8.917086185254E-01  3.375188518026E+00  2.271097463030E-02 -1.073634085272E-01  8.465243389654E-02 -6.892350318217E-02 -1.266467827218E-03  2.143892946547E-05  4.238727843906E-06 -5.328415611819E-05  1.993307986302E-01 -2.143892957014E-05  5.086130749984E-03  3.094521041796E-20 -1.047251239406E-20  9.913864735449E-20 -4.214657672590E-03
  1.600000000000E+02  1.620000000000E+02  1.601947647935E+01  1.123225629983E-13 -5.021080164067E-02  2.596212932147E+02  5.992712999179E-01  7.526511019384E-01 -5.166373901368E-01  3.552113966522E-03 -8.755845087799E-01  3.333931780862E+00  2.164792723157E-02 -1.048325496719E-01  8.318462243999E-02 -6.600659803581E-02 -1.394685131803E-03 -1.145358542884E-05 -3.375188748539E-07 -3.792586407931E-05  1.924358979110E-01  1.145358545552E-05  4.695823616573E-03  6.140794815397E-21  1.437008187017E-21  9.870363330586E-20 -4.036957408024E-03
  1.640000000000E+02  1.660000000000E+02  1.606655787888E+01  1.122849394482E-13 -4.906721741805E-02  2.611288538334E+02  5.977011932865E-01  7.458146163169E-01 -5.145565810423E-01  3.639185230111E-03 -8.591963813939E-01  3.293713501249E+00  2.077628879398E-02 -1.025010578479E-01  8.172476905473E-02 -6.317089520140E-02 -1.200448741802E-03 -2.632373476659E-05 -3.151884493461E-06 -1.511425441376E-05  1.848404457268E-01  2.632373473372E-05  4.161867005988E-03  1.062642595877E-20 -4.139191872694E-21  1.271898340659E-19 -3.848519928132E-03
  1.680000000000E+02  1.700000000000E+02  1.611176440950E+01  1.084125142090E-13 -4.807645657938E-02  2.625781920535E+02  5.961600362083E-01  7.389862175043E-01 -5.124104867432E-01  3.708876043698E-03 -8.443645241541E-01  3.252785209955E+00  1.996000445730E-02 -1.001477541417E-01  8.018774968453E-02 -6.001334004184E-02 -1.065503327887E-03  1.141506992785E-05 -1.307305280747E-06 -2.235172021136E-05  1.764404479030E-01 -1.141506995961E-05  4.084905961107E-03  7.882042689168E-20 -1.078975800314E-20  1.551311681128E-19 -3.658042323466E-03
  1.720000000000E+02  1.740000000000E+02  1.615478477859E+01  1.089062185341E-13 -4.707153508025E-02  2.639601793491E+02  5.946613102167E-01  7.323796736988E-01 -5.103267220457E-01  3.776029899655E-03 -8.286991000726E-01  3.216872273364E+00  1.951849475733E-02 -9.810459181431E-02  7.858609705755E-02 -5.709431347797E-02 -1.129002117230E-03  8.857585304223E-06 -1.233406637285E-07 -1.394468802418E-05  1.684881019580E-01 -8.857585382280E-06  4.024858686917E-03  7.090372990508E-21 -3.015449148824E-21  9.257297591440E-20 -3.487738848239E-03
  1.760000000000E+02  1.780000000000E+02  1.619603037377E+01  1.079262521367E-13 -4.610937222472E-02  2.652872646600E+02  5.932396342532E-01  7.259841743770E-01 -5.081157440261E-01  3.756426399955E-03 -8.134199269182E-01  3.180454480424E+00  1.886313039533E-02 -9.594347831517E-02  7.708034792013E-02 -5.464870668906E-02 -1.042456321016E-03 -1.325985683388E-05 -9.836764697215E-07  6.935686430126E-06  1.625968609016E-01  1.325985677894E-05  3.489549292581E-03  2.293004308875E-20 -1.256813930253E-20  9.097495061146E-20 -3.347809969053E-03
  1.800000000000E+02  1.820000000000E+02  1.623603172612E+01  1.027141725262E-13 -4.524409892440E-02  2.665778079965E+02  5.918409197683E-01  7.203803740366E-01 -5.059859873238E-01  3.770118771457E-03 -7.996641535923E-01  3.144777968881E+00  1.813469336001E-02 -9.401238828622E-02  7.587769492591E-02 -5.239218379834E-02 -9.446008568759E-04  1.346900851153E-05 -7.357117226622E-07 -1.110415930620E-05  1.567429558936E-01 -1.346900860055E-05  2.927003833540E-03  8.584197823636E-20 -7.294286015330E-21  1.270478534497E-19 -3.206536159467E-03
  1.840000000000E+02  1.860000000000E+02  1.627444203996E+01  1.009495163966E-13 -4.457094635446E-02  2.678188569662E+02  5.904352219138E-01  7.153923929454E-01 -5.037360704303E-01  3.704844590395E-03 -7.888797131119E-01  3.110873669537E+00  1.725084843505E-02 -9.211255216786E-02  7.486170373270E-02 -5.027577422133E-02 -8.155115875449E-04  2.060803310973E-06 -1.693878920915E-06 -2.960358666503E-05  1.522993420019E-01 -2.060803378034E-06  1.730226003915E-03  4.396600504228E-20  9.218194336934E-22  8.930695664569E-20 -3.084404348902E-03
  1.880000000000E+02  1.900000000000E+02  1.631223064998E+01  9.951568620085E-14 -4.440167849507E-02  2.690418403251E+02  5.889819077275E-01  7.110253742145E-01 -5.016058168818E-01  3.677713147436E-03 -7.864431266736E-01  3.079412024740E+00  1.665931923874E-02 -9.032233122056E-02  7.366301198131E-02 -4.848724022532E-02 -4.031014883242E-04 -7.354030386947E-06 -4.220768717894E-06 -2.219281515972E-05  1.491878212133E-01  7.354030290229E-06  7.048303633622E-04 -6.254883749536E-21 -1.774854201906E-20  1.109520804413E-19 -2.982187903974E-03
  1.920000000000E+02  1.940000000000E+02  1.634897276975E+01  9.492273402486E-14 -4.429400550710E-02  2.702319277148E+02  5.874809261301E-01  7.067412000669E-01 -4.993031839648E-01  3.598346435836E-03 -7.846145956831E-01  3.044907000684E+00  1.604988829666E-02 -8.837122761128E-02  7.232133931408E-02 -4.692649203435E-02 -1.291961528377E-04 -2.599146836924E-06 -4.559279318234E-06 -1.761829527891E-05  1.444839324581E-01  2.599146871973E-06  1.771746947207E-04  2.953248598525E-20 -1.026440554956E-20  1.298362826752E-19 -2.867988804953E-03
  1.960000000000E+02  1.980000000000E+02  1.638445441320E+01  9.342703809663E-14 -4.435416141753E-02  2.713840227056E+02  5.860233184841E-01  7.034281054061E-01 -4.972128532525E-01  3.548095099593E-03 -7.858872656237E-01  3.018874643623E+00  1.569158986218E-02 -8.699771646813E-02  7.130612660619E-02 -4.492970994726E-02 -1.755857349361E-04  9.461480369056E-06 -3.589640597521E-06 -1.114520662234E-05  1.406291108661E-01 -9.461480404566E-06 -3.122329185291E-04  8.668038632213E-20 -2.522474317638E-20  8.620494818159E-20 -2.766526260235E-03
  2.000000000000E+02  2.020600000000E+02  1.641936884585E+01  9.283984749956E-14 -4.443398561140E-02  2.725183162202E+02  5.844158002850E-01  6.993076744191E-01 -4.947827074754E-01  3.440814675321E-03 -7.876418511226E-01  2.996370796172E+00  1.479790952798E-02 -8.447946521087E-02  6.968155568220E-02 -4.374989154798E-02  1.223390107853E-04  5.432059374279E-07 -4.625111210548E-06 -7.931318076992E-06  1.364330429177E-01 -5.432058774566E-07 -4.496366310550E-04  4.299516901289E-20 -2.124546810275E-20  6.726474740150E-20 -2.710090104051E-03
  2.041200000000E+02  2.062418000000E+02  1.645473068067E+01  8.690830925288E-14 -4.454971449742E-02  2.736696735103E+02  5.827607670595E-01  6.956645525236E-01 -4.924749588835E-01  3.342210769987E-03 -7.899104626302E-01  2.976270950685E+00  1.380489802814E-02 -8.180998897111E-02  6.800509094247E-02 -4.301651561302E-02  1.917078180471E-04 -6.802367854070E-06 -5.544448391415E-06 -9.765615046373E-07  1.337132359545E-01  6.802367597365E-06 -1.718178526121E-05 -1.849080952020E-20 -2.184791061150E-20  8.034532336140E-20 -2.653501218592E-03
  2.083636000000E+02  2.105490540000E+02  1.649026861778E+01  7.915829190047E-14 -4.442519383726E-02  2.748281212874E+02  5.809644218081E-01  6.916816422595E-01 -4.899370568027E-01  3.228346488882E-03 -7.886027918376E-01  2.953652955284E+00  1.265773575143E-02 -7.885932242421E-02  6.620158667274E-02 -4.195325953950E-02  1.257923734499E-04  5.340796449434E-06 -5.212821425772E-06  1.774397900495E-06  1.299042183345E-01 -5.340796243308E-06  3.619093810918E-04  4.682112179414E-20 -1.212942514748E-20  8.338469113891E-20 -2.596565079072E-03
  2.127345080000E+02  2.149855256200E+02  1.652570168738E+01  7.050101706133E-14 -4.435919182989E-02  2.759827241455E+02  5.790476787703E-01  6.877785088773E-01 -4.874553624881E-01  3.070423515749E-03 -7.885402657384E-01  2.931647963212E+00  1.140875291502E-02 -7.562978146842E-02  6.422102855316E-02 -4.121921934937E-02  7.842243014262E-05  3.349752595154E-06 -5.178545062732E-06  7.874484032347E-07  1.263434968949E-01 -3.349752909302E-06  8.495813995776E-04  3.785652315927E-20 -7.502554573325E-21  9.382235195817E-20 -2.551180213102E-03
  2.172365432400E+02  2.195550913886E+02  1.656136825393E+01  6.412717492438E-14 -4.394942744213E-02  2.771458020097E+02  5.771582313412E-01  6.835419037607E-01 -4.847345657295E-01  2.981504351076E-03 -7.836427608969E-01  2.907585337278E+00  1.012608934277E-02 -7.257645702503E-02  6.245036768270E-02 -4.029677961837E-02 -1.340454838350E-04  2.065513417742E-05 -6.290005440564E-06 -1.526220438770E-05  1.228012478083E-01 -2.065513414935E-05  1.518068294407E-03  8.953833534855E-20 -2.428975556892E-20  1.053411395102E-19 -2.490063235844E-03
  2.218736395372E+02  2.242617441303E+02  1.659691394234E+01  6.125533182540E-14 -4.349874868180E-02  2.783054585172E+02  5.753130882828E-01  6.796350665411E-01 -4.820278911603E-01  2.790374440841E-03 -7.776314507708E-01  2.887952504999E+00  8.887001448010E-03 -6.977334639219E-02  6.088634494509E-02 -3.937024484828E-02 -2.242320874770E-04 -9.456048035517E-06 -9.724262577905E-06 -1.648782847909E-05  1.194038880406E-01  9.456047965246E-06  1.499786150808E-03  3.052604335197E-20 -1.120763548436E-20  1.032161100741E-19 -2.423344569277E-03
  2.266498487233E+02  2.291095964542E+02  1.663264832607E+01  5.729701001850E-14 -4.307233767890E-02  2.794727381668E+02  5.735251722739E-01  6.756799767305E-01 -4.791509997884E-01  2.660854018717E-03 -7.725196272137E-01  2.869757362027E+00  7.633482152422E-03 -6.675153133418E-02  5.911804918116E-02 -3.833944600744E-02 -9.018173065421E-06 -2.422160787677E-05 -1.267704493778E-05  5.322345515083E-06  1.165488690868E-01  2.422160791094E-05  1.355391031359E-03  6.376875118665E-20 -2.838133194586E-21  7.028830030295E-20 -2.364276695292E-03
  2.315693441850E+02  2.341028843478E+02  1.666854285559E+01  5.352683024827E-14 -4.264850258165E-02  2.806450365651E+02  5.717717799631E-01  6.723761284367E-01 -4.762069911461E-01  2.418390354948E-03 -7.667981722234E-01  2.851499488982E+00  6.383670337001E-03 -6.344801511414E-02  5.706434477601E-02 -3.747986332157E-02  1.286940059553E-04 -1.833245643905E-06 -1.138516003166E-05  7.629138416492E-06  1.133342803477E-01  1.833245602804E-06  9.325287404160E-04  6.854759198704E-20  4.662733238129E-21  9.336682818698E-20 -2.322697188293E-03
  2.366364245106E+02  2.392459708782E+02  1.670447348311E+01  5.187395767566E-14 -4.248520828285E-02  2.818199801735E+02  5.700179791760E-01  6.702338284732E-01 -4.731257435530E-01  2.290204061995E-03 -7.654962869801E-01  2.836025362714E+00  5.231125108416E-03 -6.026417965110E-02  5.503305454249E-02 -3.681205854709E-02  2.589731611015E-04  1.498948187108E-05 -9.279096607323E-06  9.626922690792E-07  1.110131833110E-01 -1.498948195322E-05 -4.372935864829E-04  2.247685221382E-20 -1.579526031899E-20  8.273281408369E-20 -2.298685195626E-03
  2.418555172459E+02  2.445433500046E+02  1.674105607650E+01  5.309933887263E-14 -4.296612538110E-02  2.830179761591E+02  5.682336852509E-01  6.685454774174E-01 -4.699327739393E-01  2.035013866312E-03 -7.746559223180E-01  2.822027145507E+00  4.061821286670E-03 -5.722093329253E-02  5.315911200583E-02 -3.672678002557E-02  4.512186415024E-04 -6.030000703061E-06 -9.821800049100E-06  4.865349409209E-06  1.088476004655E-01  6.030000714045E-06 -2.238238914554E-03  5.601519871621E-20 -2.791000545169E-20  6.819799807012E-20 -2.276200980150E-03
  2.472311827633E+02  2.499996505047E+02  1.677762083208E+01  5.534912834772E-14 -4.399219889548E-02  2.842180139114E+02  5.664871761945E-01  6.683028117673E-01 -4.666628348617E-01  1.820272846413E-03 -7.938794593074E-01  2.807048175236E+00  2.909302166132E-03 -5.406532583182E-02  5.115602366455E-02 -3.610441248185E-02  9.016047237388E-04 -2.786857989724E-06 -1.084309749622E-05  4.237217290683E-06  1.059751732762E-01  2.786858033149E-06 -3.363628796240E-03  2.474166028468E-20 -3.854539009105E-20  9.816809301017E-20 -2.235184247932E-03
  2.527681182462E+02  2.556196400198E+02  1.681438744421E+01  5.548548758759E-14 -4.528740656710E-02  2.854268740486E+02  5.648139253423E-01  6.681876358953E-01 -4.632816981067E-01  1.550575952851E-03 -8.182131996207E-01  2.791034465533E+00  1.768739483635E-03 -5.071567186980E-02  4.894693238641E-02 -3.543078205644E-02  1.200396320343E-03  8.440934048576E-06 -1.267830390839E-05 -4.661850902276E-06  1.029190334413E-01 -8.440934068713E-06 -3.551225439741E-03  4.747871306748E-20 -2.699759602766E-20  8.594562023921E-20 -2.193707555564E-03
  2.584711617935E+02  2.614082292204E+02  1.685100799602E+01  5.359137012923E-14 -4.652510951324E-02  2.866314950115E+02  5.631633924742E-01  6.670879759906E-01 -4.597832113374E-01  1.281917133866E-03 -8.424768816126E-01  2.778773088268E+00  6.965026884216E-04 -4.747481685422E-02  4.677831416599E-02 -3.482709881952E-02  1.181741622101E-03  2.445650477194E-06 -1.550080154122E-05 -2.692812676234E-07  1.020881962330E-01 -2.445650475025E-06 -3.950205792758E-03  4.986810815627E-20 -1.604207026152E-20  7.391612059748E-20 -2.181157165409E-03
  2.643452966473E+02  2.673704760971E+02  1.688934945847E+01  5.221804831706E-14 -4.817520449342E-02  2.878947470604E+02  5.614444907829E-01  6.653319489862E-01 -4.561547531558E-01  9.897328134689E-04 -8.736261358793E-01  2.766521788005E+00 -5.149281832556E-04 -4.413935605136E-02  4.465428423487E-02 -3.499776368950E-02  1.235026984687E-03  2.813197621987E-06 -1.672547365504E-05 -1.882076722340E-06  1.011123087109E-01 -2.813197630856E-06 -4.906747374371E-03  2.469864694225E-20 -2.117517375849E-20  5.390310256443E-20 -2.168253903059E-03
  2.703956555468E+02  2.735115903800E+02  1.692748126500E+01  5.372964782871E-14 -5.023243270272E-02  2.891523432102E+02  5.595452067885E-01  6.634847196194E-01 -4.523454295668E-01  6.479447652239E-04 -9.100056039912E-01  2.755874621116E+00 -1.645897621536E-03 -4.089880297189E-02  4.254470059310E-02 -3.441206281160E-02  1.459104505621E-03  2.575309767953E-07 -1.670843327306E-05 -1.857109799418E-06  9.983299971810E-02 -2.575309057242E-07 -6.153186439761E-03  2.593352333363E-20 -3.002130568379E-20  4.082213852578E-20 -2.155513641544E-03
  2.766275252132E+02  2.798369380914E+02  1.696712649964E+01  5.676165563325E-14 -5.297267588630E-02  2.904616682008E+02  5.574742871512E-01  6.614379872068E-01 -4.482924081787E-01  3.549222773941E-04 -9.580919266634E-01  2.748452100764E+00 -2.906134910023E-03 -3.783912793322E-02  4.074526284315E-02 -3.445842843398E-02  1.695536862374E-03  1.030846577163E-06 -1.661741738866E-05  6.957031957761E-06  9.919514075533E-02 -1.030846522925E-06 -5.680262281697E-03  3.708622914606E-20 -2.565564943322E-20  5.905620767564E-20 -2.141797901163E-03
  2.830463509696E+02  2.863520462341E+02  1.700709831796E+01  5.684780778348E-14 -5.477252838196E-02  2.917860040991E+02  5.551682235406E-01  6.603730254557E-01 -4.443053321663E-01  8.180365967405E-05 -9.920227192479E-01  2.746569915204E+00 -3.928243739748E-03 -3.467714409136E-02  3.860538783102E-02 -3.418311996384E-02  1.445391255108E-03  5.718944965833E-07 -1.724771900862E-05  5.581021614836E-06  9.828003557499E-02 -5.718945144488E-07 -4.651835832573E-03  1.009484916975E-19 -5.579219427640E-21  3.604277774783E-20 -2.144038832557E-03
  2.896577414987E+02  2.930626076211E+02  1.704836690508E+01  5.417744146826E-14 -5.679055743615E-02  2.931533191558E+02  5.527206805603E-01  6.599984077299E-01 -4.399396340050E-01 -2.448836148152E-04 -1.029189544376E+00  2.746137225714E+00 -5.060472289020E-03 -3.121784761472E-02  3.627831990364E-02 -3.444959522950E-02  1.742637541176E-03 -5.324081330221E-06 -1.798121196952E-05  4.390988232998E-06  9.867799086338E-02  5.324081308703E-06 -4.682298020187E-03  3.670225764320E-20 -6.728959307783E-21  4.976617774874E-20 -2.174591308625E-03
  2.964674737436E+02  2.999744858498E+02  1.709107620862E+01  5.258385148028E-14 -5.874582715414E-02  2.945674133502E+02  5.502236114064E-01  6.596393979943E-01 -4.355174458215E-01 -5.312404997678E-04 -1.063783645490E+00  2.747690635922E+00 -5.965050570921E-03 -2.793145021356E-02  3.389650078422E-02 -3.529281652606E-02  1.576578414516E-03 -9.442848745573E-07 -1.679740386408E-05 -9.029936048640E-08  9.849921568745E-02  9.442848593935E-07 -4.804961765782E-03  8.155151796663E-20 -2.901950085548E-20  3.356834585039E-20 -2.221444225033E-03
  3.034814979559E+02  3.070937204253E+02  1.713469020003E+01  5.361612600655E-14 -6.099547476731E-02  2.960097969361E+02  5.474300066706E-01  6.595551353023E-01 -4.309367290758E-01 -7.887309586472E-04 -1.102795105655E+00  2.749631015338E+00 -6.949294969440E-03 -2.457550163398E-02  3.152479660408E-02 -3.582022304013E-02  1.994816657041E-03 -6.015525483532E-07 -1.368768976448E-05  1.645778659604E-06  9.733200548924E-02  6.015525387591E-07 -4.935060143672E-03  7.594364469740E-20 -7.846114828581E-21  4.737706320299E-20 -2.249880240597E-03
  3.107059428946E+02  3.144265320380E+02  1.717894254516E+01  5.553337968876E-14 -6.319098468485E-02  2.974727746279E+02  5.441699388194E-01  6.572684591256E-01 -4.262258871403E-01 -1.102049855174E-03 -1.141993117426E+00  2.756914537029E+00 -8.052339321823E-03 -2.115873446381E-02  2.921107378595E-02 -3.613466744744E-02  2.015976874474E-03 -4.513092649568E-07 -1.030886909245E-05 -1.661783476149E-06  9.458350365731E-02  4.513093065514E-07 -4.740446217792E-03  6.367523526875E-20 -1.736315646088E-20  1.205204435161E-21 -2.252140528408E-03
  3.181471211814E+02  3.219793279992E+02  1.722264207504E+01  5.868520224171E-14 -6.539586115851E-02  2.989172647148E+02  5.406347350467E-01  6.553067010384E-01 -4.212042503572E-01 -1.346307678097E-03 -1.181497590966E+00  2.764662923646E+00 -9.087012894812E-03 -1.778231762519E-02  2.686933051968E-02 -3.597975994820E-02  2.069217914954E-03  3.961933879102E-06 -8.164602907974E-06 -4.352555311525E-06  9.297545549508E-02 -3.961933816855E-06 -4.036084981243E-03  8.315165122713E-20 -1.809131226120E-20  2.254271306802E-20 -2.269748629564E-03
  3.258115348169E+02  3.297587078391E+02  1.726799000227E+01  6.193808139987E-14 -6.704730090961E-02  3.004192045284E+02  5.368729852165E-01  6.524963151210E-01 -4.160966486602E-01 -1.726242356066E-03 -1.213509051087E+00  2.770144812648E+00 -9.963479359570E-03 -1.438182497690E-02  2.434530433560E-02 -3.668430730826E-02  1.663962283405E-03  2.112924529370E-06 -7.885524407952E-06  5.365464076134E-07  9.347331594971E-02 -2.112924575686E-06 -4.143728531162E-03  9.011250168528E-20 -2.455231026526E-20  1.884792090901E-20 -2.302573484645E-03
  3.337058808614E+02  3.377714690743E+02  1.731486778833E+01  6.390713219034E-14 -6.948133625754E-02  3.019784767386E+02  5.325955910685E-01  6.483853330181E-01 -4.107595401363E-01 -2.004435626223E-03 -1.259253904922E+00  2.780892693682E+00 -1.071192212461E-02 -1.111142177938E-02  2.182334390368E-02 -3.697864082533E-02  1.873341762605E-03  6.153122681658E-07 -8.464783358680E-06  4.061267234113E-06  9.342400981585E-02 -6.153122425332E-07 -4.940115083862E-03  7.855396998759E-20 -1.746833505564E-20  1.386961712768E-20 -2.329062720602E-03
  3.418370572872E+02  3.460246131465E+02  1.736294166479E+01  6.570225758127E-14 -7.210763238393E-02  3.035766550096E+02  5.279284108274E-01  6.430630871095E-01 -4.051724940086E-01 -2.347989044839E-03 -1.307552013962E+00  2.788898542762E+00 -1.167043825333E-02 -7.799092911054E-03  1.946953116448E-02 -3.767852293108E-02  2.124457237075E-03  5.559662658386E-06 -8.680476457813E-06  5.837091221986E-06  9.343654072183E-02 -5.559662655163E-06 -4.623430920965E-03  6.652636809986E-20 -6.060612231268E-21  3.132037723721E-20 -2.380214754398E-03
  3.502121690058E+02  3.545253515409E+02  1.741268591177E+01  6.666372459839E-14 -7.438700379187E-02  3.052396492933E+02  5.228362414145E-01  6.359092018772E-01 -3.992200054223E-01 -2.659043764864E-03 -1.351268392988E+00  2.801744487255E+00 -1.240178434509E-02 -4.678742953238E-03  1.708052729818E-02 -3.837990660836E-02  1.803605008736E-03  1.015364896097E-05 -9.022070240949E-06  6.812591697703E-06  9.299683849388E-02 -1.015364895508E-05 -3.754355520560E-03  7.230045274487E-20 -2.697707852512E-20  2.166406079760E-21 -2.407544571008E-03
  3.588385340760E+02  3.632811120872E+02  1.746322072545E+01  6.650987486451E-14 -7.618924420201E-02  3.069346790233E+02  5.171414020341E-01  6.273328729576E-01 -3.933782243396E-01 -3.086424884294E-03 -1.384423779173E+00  2.808699265067E+00 -1.332347030137E-02 -1.516888287747E-03  1.484035858902E-02 -3.841588400277E-02  1.469352947495E-03  4.659961617757E-06 -9.482712665468E-06  7.010182440959E-06  9.089859857628E-02 -4.659961631462E-06 -3.567803770083E-03  1.096298687842E-19 -2.664288962045E-20  1.567755203273E-20 -2.383490338593E-03
  3.677236900983E+02  3.722995454498E+02  1.751363177661E+01  6.599868973093E-14 -7.835453508687E-02  3.086299734729E+02  5.110057626221E-01  6.191502318025E-01 -3.870872833850E-01 -3.380649360468E-03 -1.424541647422E+00  2.823396028446E+00 -1.410081779849E-02  1.779572057679E-03  1.232124574074E-02 -3.784332986891E-02  1.732879810208E-03  6.060945068726E-06 -9.235393450792E-06  4.080971001395E-06  8.870735230137E-02 -6.060945081981E-06 -2.744949784667E-03  8.617586598718E-20 -1.413656342728E-20  1.016400257053E-20 -2.357618764250E-03
  3.768754008012E+02  3.815885318133E+02  1.756469089393E+01  6.684392969691E-14 -7.934178923565E-02  3.103527407915E+02  5.046728261131E-01  6.098136088624E-01 -3.808061000042E-01 -3.778933965429E-03 -1.441170434848E+00  2.838209053066E+00 -1.486712566010E-02  4.778971211918E-03  1.008815444762E-02 -3.772442767446E-02  1.429057097994E-03  3.962862473139E-06 -8.228807378388E-06 -2.827123704940E-06  8.650270070951E-02 -3.962862479790E-06 -8.851162226409E-04  9.843802463982E-20 -2.253392423221E-20  2.589241719115E-20 -2.335632586251E-03
  3.863016628253E+02  3.911561877677E+02  1.761556625214E+01  6.957446973867E-14 -7.941444986635E-02  3.120744907266E+02  4.981718173376E-01  5.995794916716E-01 -3.739713137409E-01 -3.989995733659E-03 -1.442890187465E+00  2.856436306195E+00 -1.543662570962E-02  7.482597943137E-03  7.954027765804E-03 -3.715615530556E-02  9.922263058057E-04  9.519023649082E-07 -7.767632162068E-06 -9.893595265677E-07  8.622251221497E-02 -9.519023559212E-07  1.189278994821E-03  9.886340570268E-20 -2.185965593487E-20 -1.824958554103E-21 -2.348957104966E-03
  3.960107127100E+02  4.010108734007E+02  1.766934498036E+01  7.156495896466E-14 -7.788844436128E-02  3.139024131600E+02  4.913026587844E-01  5.886693942899E-01 -3.674244886671E-01 -4.229584829021E-03 -1.416540735644E+00  2.884133833236E+00 -1.623130939953E-02  1.080684179810E-02  5.424467601463E-03 -3.825563290879E-02  1.842475000973E-04 -1.205840409485E-06 -9.229017111264E-06 -1.701209961593E-06  8.763465898569E-02  1.205840411963E-06  1.209467018729E-03  7.584649108648E-20 -4.888922187148E-21  5.985814301801E-21 -2.414937497761E-03
  4.060110340913E+02  4.111611996027E+02  1.772512470418E+01  7.127680621647E-14 -7.787929046797E-02  3.158113029248E+02  4.841302206703E-01  5.753913058972E-01 -3.601453603890E-01 -4.458062450359E-03 -1.418607165750E+00  2.904174264640E+00 -1.678054739483E-02  1.386199838505E-02  2.918549009903E-03 -3.870751788017E-02  6.881713898898E-04 -2.587397709045E-06 -1.192689133075E-05 -3.411998681270E-06  8.672514585161E-02  2.587397698961E-06  2.273362831004E-03  4.351651827779E-20 -2.679332967921E-20  6.185978687086E-21 -2.407502978048E-03
  4.163113651141E+02  4.216160355908E+02  1.778101643857E+01  7.004769579771E-14 -7.495326700418E-02  3.177319590807E+02  4.770203403399E-01  5.645738927773E-01 -3.529487021417E-01 -4.413459423037E-03 -1.370178084185E+00  2.924601182711E+00 -1.739456047885E-02  1.644784375663E-02  9.467167222980E-04 -3.827912820436E-02 -2.629152035160E-04  1.607449288482E-06 -1.298708113540E-05 -6.149502523837E-06  8.463337251813E-02 -1.607449261879E-06  3.945259968975E-03  6.634299571947E-20 -2.780522700626E-20 -2.714327267672E-20 -2.386126965825E-03
  4.269207060675E+02  4.323845166585E+02  1.783736005770E+01  6.755019662843E-14 -7.263310493111E-02  3.196767302006E+02  4.700651075997E-01  5.489902628507E-01 -3.454255053034E-01 -4.411118623517E-03 -1.331255569099E+00  2.950843152093E+00 -1.807164203849E-02  1.921829653719E-02 -1.146654497916E-03 -3.821934774386E-02 -8.030759039475E-05 -4.286605656064E-06 -1.207987656248E-05 -1.086141961632E-05  8.282225794428E-02  4.286605604386E-06  4.043644497997E-03  9.371756726357E-20 -2.394388424583E-20  4.529998661388E-21 -2.383494440735E-03
  4.378483272495E+02  4.434760521583E+02  1.789413128951E+01  6.334126944017E-14 -6.944299685758E-02  3.216421322270E+02  4.624974528738E-01  5.353818048720E-01 -3.375396965693E-01 -4.238781590317E-03 -1.276805480731E+00  2.975226984647E+00 -1.874088888538E-02  2.164975724122E-02 -2.908868355665E-03 -3.794302568907E-02 -2.961336178630E-04 -6.526471112605E-07 -9.754042450294E-06 -1.046619855672E-05  8.273275194224E-02  6.526470948600E-07  4.295846811117E-03  1.083727909068E-19 -4.509429393414E-20 -1.061896149856E-20 -2.377996459222E-03
  4.491037770670E+02  4.549003337230E+02  1.795372998245E+01  5.971605313825E-14 -6.664910330116E-02  3.237188857557E+02  4.540303676950E-01  5.200782858991E-01 -3.294161618165E-01 -4.221647953988E-03 -1.227075117634E+00  2.995578336735E+00 -1.957642575535E-02  2.392920954952E-02 -4.352783794681E-03 -3.800763658666E-02 -2.727986860586E-04  4.513353191121E-06 -6.976300222043E-06 -9.757558048919E-06  8.049209066176E-02 -4.513353242954E-06  5.565937008028E-03  6.421723741584E-20 -3.980232936292E-20 -1.677280039146E-20 -2.324732896645E-03
  4.606968903790E+02  4.666673437347E+02  1.801074898262E+01  5.803210046477E-14 -6.143093503262E-02  3.257124064104E+02  4.449079558017E-01  5.025010351490E-01 -3.212064486672E-01 -3.788933972431E-03 -1.134860370241E+00  3.012083836795E+00 -1.999779334894E-02  2.583449369712E-02 -5.836700348254E-03 -3.629155443195E-02 -1.107416152086E-03  3.401528973781E-06 -4.604681668467E-06 -1.423317542138E-05  7.668257391591E-02 -3.401529000620E-06  6.177091160553E-03  1.075000891783E-19 -2.374739713698E-20 -2.290826317073E-20 -2.236213851926E-03
  4.726377970904E+02  4.787873640468E+02  1.806816069343E+01  5.925599769616E-14 -5.747808230196E-02  3.277310715890E+02  4.352136649491E-01  4.824765029283E-01 -3.125936838011E-01 -3.617192846847E-03 -1.066691537492E+00  3.033358440500E+00 -2.028119892451E-02  2.745466837031E-02 -7.173469446057E-03 -3.543576415259E-02 -7.970159875265E-04  5.864286129319E-06 -2.225503282292E-06 -1.284155524050E-05  7.374690110435E-02 -5.864286097176E-06  5.461937653417E-03  7.833029962662E-20 -3.932958841668E-20 -1.799790005133E-20 -2.175512562606E-03
  4.849369310031E+02  4.912709849682E+02  1.812411002289E+01  5.977489322383E-14 -5.306842104189E-02  3.297092168165E+02  4.248455959218E-01  4.662644473474E-01 -3.038901636089E-01 -3.225910813421E-03 -9.878345711605E-01  3.060230877529E+00 -2.088214020094E-02  2.912329630594E-02 -8.241156104439E-03 -3.409213992228E-02 -8.617729433313E-04  1.301074278933E-07 -1.581106539285E-07 -8.289432825002E-06  6.981007304332E-02 -1.301074956995E-07  5.103237114721E-03  6.868162972081E-20 -4.766242945652E-20 -1.879920609719E-20 -2.085486003014E-03
  4.976050389332E+02  5.041291145172E+02  1.817872053918E+01  5.810229083702E-14 -4.939695267384E-02  3.316482961416E+02  4.136479814929E-01  4.501972484339E-01 -2.948712765618E-01 -2.898481319028E-03 -9.217499105392E-01  3.083347366912E+00 -2.142241529252E-02  3.082369817028E-02 -9.401282878177E-03 -3.258984962606E-02 -8.218705325812E-04 -9.150791625030E-06  6.800211495544E-07 -2.938262155759E-06  6.704985315470E-02  9.150791681444E-06  4.885025594999E-03  9.301879046174E-20 -3.085763020711E-20 -2.046647898687E-20 -2.002581449319E-03
  5.106531901012E+02  5.173729879527E+02  1.823349265426E+01  5.694062427148E-14 -4.507972667088E-02  3.335975480531E+02  4.012261253907E-01  4.381323694700E-01 -2.856623392737E-01 -2.396074073064E-03 -8.460997995101E-01  3.109426430550E+00 -2.188785580152E-02  3.241598517915E-02 -1.052812937756E-02 -3.163911305413E-02 -7.787488748931E-04 -2.728308827176E-06  6.178293020561E-07  3.108061698263E-06  6.529893187714E-02  2.728308803126E-06  4.286196687384E-03  8.984639488359E-20 -4.192884289778E-20 -3.083668535346E-20 -1.944446029699E-03
  5.240927858042E+02  5.310141775913E+02  1.828846450552E+01  5.346600759059E-14 -4.215528693150E-02  3.355648826071E+02  3.878798072693E-01  4.279557298836E-01 -2.763358265306E-01 -2.017743252349E-03 -7.956471437434E-01  3.125186648752E+00 -2.158583389136E-02  3.339912925379E-02 -1.181329536244E-02 -3.062480958014E-02 -5.390386618269E-04  8.205415873498E-07 -1.331540489064E-07  4.630945636542E-06  6.379120635577E-02 -8.205416278461E-07  3.283696295670E-03  7.578404253336E-20 -3.616389033193E-20 -4.173677786163E-20 -1.907982331593E-03
  5.379355693784E+02  5.450646029190E+02  1.834392440844E+01  4.827474386672E-14 -3.936339888246E-02  3.375585703588E+02  3.737057533467E-01  4.175556988093E-01 -2.667426115994E-01 -1.426178473748E-03 -7.485197691586E-01  3.138379261781E+00 -2.155258111968E-02  3.452926913881E-02 -1.297668801897E-02 -3.020137639875E-02 -6.964386250337E-04  2.121038891187E-07 -3.124265685932E-06  6.725839758789E-06  6.089003030024E-02 -2.121039251639E-07  1.993796303411E-03  1.025747136184E-19 -2.754631079258E-20 -2.042876270226E-20 -1.835889384237E-03
  5.521936364597E+02  5.595365410066E+02  1.839698560383E+01  4.658393852955E-14 -3.859502435991E-02  3.394709798946E+02  3.585114946006E-01  4.107342382467E-01 -2.571182227886E-01 -7.160195554836E-04 -7.405414434551E-01  3.159883168655E+00 -2.154469588069E-02  3.550649294276E-02 -1.396179706235E-02 -2.873128613139E-02 -6.727393664811E-04  5.404748688376E-06 -5.951620083763E-06  1.021189491469E-05  5.868341128348E-02 -5.404748688139E-06  1.475817321384E-03  6.716584091756E-20 -2.355358453422E-20 -7.061570070996E-21 -1.790564281027E-03
  5.668794455535E+02  5.743794455535E+02  1.845163904504E+01  4.709389750275E-14 -3.665330930776E-02  3.414460181270E+02  3.424971618409E-01  4.048855314251E-01 -2.468469455629E-01  7.905548789936E-05 -7.121841693377E-01  3.154581812928E+00 -2.164213795346E-02  3.561230568986E-02 -1.397016773641E-02 -2.828527999188E-02 -9.724130651132E-04  1.052009436100E-05 -5.422859679549E-06  9.478967970457E-06  5.499775077882E-02 -1.052009439213E-05  2.444176007002E-03  3.556240810105E-20 -2.480979726989E-21 -2.854605168901E-20 -1.701102454265E-03
  5.818794455535E+02  5.893794455535E+02  1.850010254986E+01  4.694468988889E-14 -3.401154616720E-02  3.432041172866E+02  3.273416005809E-01  4.040608802994E-01 -2.369810357760E-01  1.028363390728E-03 -6.751176868523E-01  3.100043416904E+00 -2.099198586209E-02  3.427062612573E-02 -1.327864026451E-02 -2.574212496848E-02 -1.126453216051E-03  3.420121544228E-06 -3.349474043426E-06  8.509429513618E-06  5.215733066008E-02 -3.420121548535E-06  3.190568645028E-03  7.585893212256E-20 -1.862195898571E-20 -2.192883644961E-20 -1.577644087324E-03
  5.968794455535E+02  6.043794455535E+02  1.854942236578E+01  4.758342230076E-14 -3.069374500333E-02  3.449972344411E+02  3.138010177802E-01  3.990418542691E-01 -2.266218451758E-01  2.213599333559E-03 -6.220837588457E-01  3.052270891579E+00 -2.052280696470E-02  3.314916203453E-02 -1.262635506930E-02 -2.464473704418E-02 -1.319180082269E-03 -5.198643352240E-06 -2.918759997620E-08  6.820723341731E-06  4.920358355966E-02  5.198643337493E-06  2.566454116774E-03  7.214852795928E-20 -1.556922343908E-20 -1.888562287518E-20 -1.470528291866E-03
  6.118794455535E+02  6.193794455535E+02  1.859238917666E+01  4.824539661004E-14 -2.921141437724E-02  3.465588695066E+02  3.017336911027E-01  3.935047034086E-01 -2.169724014224E-01  3.217340905108E-03 -5.999983327575E-01  3.005920951225E+00 -1.983735509689E-02  3.234445394992E-02 -1.250709885350E-02 -2.240571633026E-02 -9.851172277313E-04 -1.714148722252E-06  2.205543593663E-06  1.066133132763E-05  4.415736145707E-02  1.714148720599E-06  3.550740951698E-03  5.986064953534E-20 -1.719206261996E-20  2.213193008395E-21 -1.369653501770E-03
  6.268794455535E+02  6.343794455535E+02  1.863227014488E+01  4.695902636650E-14 -2.401375521532E-02  3.480056642205E+02  2.906813416476E-01  3.846314842910E-01 -2.068831134776E-01  4.181690637357E-03 -5.076214072870E-01  2.952852321203E+00 -1.972015157757E-02  3.164490033683E-02 -1.192474875910E-02 -2.132165011092E-02 -1.623847038743E-03 -7.238447400480E-07  1.471143402022E-06  8.994959886227E-06  4.216484212867E-02  7.238447662534E-07  4.797565282132E-03  7.831091274350E-20 -1.830985587588E-20 -3.936855812012E-21 -1.303735237149E-03
  6.418794455535E+02  6.493794455535E+02  1.867144459705E+01  4.384833696223E-14 -2.022023916053E-02  3.494232032162E+02  2.808980967206E-01  3.728945107132E-01 -1.975364555474E-01  5.200698183443E-03 -4.410111017514E-01  2.908376114721E+00 -1.907652884313E-02  3.094955729417E-02 -1.187302845107E-02 -2.092731678011E-02 -1.650085265836E-03 -1.148222729504E-06  8.785941243763E-07  5.378484886353E-06  4.401875968559E-02  1.148222692589E-06  3.365924035919E-03  6.625358448078E-20 -2.148337078942E-20 -1.646300746932E-20 -1.340258941456E-03
  6.568794455535E+02  6.643794455535E+02  1.871474811372E+01  4.130492371023E-14 -1.770813046229E-02  3.510004910197E+02  2.722630372643E-01  3.624012262424E-01 -1.881102649047E-01  6.277794169362E-03 -3.939716005981E-01  2.869449218770E+00 -1.832240721389E-02  2.986093408017E-02 -1.153852686658E-02 -2.188591617047E-02 -1.005859337616E-03 -4.587567965509E-07  2.300423188222E-06  3.688446718484E-06  4.666793768212E-02  4.587567999689E-07  2.517024887651E-03  7.091322982685E-20 -6.100094210004E-21 -2.193366421791E-20 -1.376141109049E-03
  6.718794455535E+02  6.793794455535E+02  1.875890871170E+01  4.067161169484E-14 -1.547228861630E-02  3.526141390522E+02  2.649266295204E-01  3.482657262267E-01 -1.792290800843E-01  7.073249463303E-03 -3.480123465799E-01  2.828034864662E+00 -1.785242765738E-02  2.897228887773E-02 -1.111986122018E-02 -2.200094023513E-02 -4.292177341585E-04  1.313079580043E-06  3.786478216444E-06  4.628098422554E-06  4.606749304084E-02 -1.313079623933E-06  1.072915081300E-03  9.126756924870E-20 -1.706463912029E-20 -2.455675301947E-20 -1.342174749327E-03
  6.868794455535E+02  6.943794455535E+02  1.880114091776E+01  4.023607127456E-14 -1.567831077432E-02  3.541615194757E+02  2.584733780023E-01  3.347305955905E-01 -1.702498804757E-01  7.917994114367E-03 -3.490701210602E-01  2.775752776540E+00 -1.745076420540E-02  2.800309626040E-02 -1.055233205504E-02 -2.089167612963E-02  3.987085032846E-04  1.234075954995E-06  3.025560752501E-06  7.833118584077E-06  4.554319777678E-02 -1.234075954994E-06  2.592049014583E-03  5.317305734166E-20 -1.196964079460E-20 -3.697672477815E-20 -1.294309484748E-03
  7.018794455535E+02  7.093794455535E+02  1.884433247134E+01  4.025908050218E-14 -1.060837375783E-02  3.557481630172E+02  2.519689159135E-01  3.250149054580E-01 -1.617635860393E-01  8.403517951464E-03 -2.491585079938E-01  2.734850794092E+00 -1.701370504601E-02  2.767150987516E-02 -1.065780482940E-02 -2.052264779195E-02 -8.850854648031E-04  2.196156269001E-06  1.138646843858E-06  4.401452477927E-06  4.584260063260E-02 -2.196156259041E-06  5.771467461747E-03  5.025925707180E-20 -4.847892399212E-21 -3.425616420684E-20 -1.286536368833E-03
  7.168794455535E+02  7.243794455535E+02  1.888710890779E+01  4.205540487615E-14 -4.865172394278E-03  3.573241729092E+02  2.453551076906E-01  3.215552103166E-01 -1.529247471667E-01  9.019130132829E-03 -1.400069178060E-01  2.703788760488E+00 -1.646946824800E-02  2.718028713443E-02 -1.071081888643E-02 -2.064562154238E-02 -1.510903641743E-03 -3.870373915334E-06  4.615786612001E-07  8.306424011907E-07  4.577836112319E-02  3.870373932725E-06  5.458661569070E-03  4.128425880047E-20 -2.596484773292E-20 -2.593594400958E-20 -1.274015670301E-03
  7.318794455535E+02  7.393794455535E+02  1.893016891558E+01  4.208929587958E-14 -3.831306393820E-04  3.589217976253E+02  2.384982220412E-01  3.123909251534E-01 -1.445532681182E-01  9.134548743617E-03 -4.832743128327E-02  2.677520653969E+00 -1.630169890206E-02  2.684770406395E-02 -1.054600516200E-02 -2.016617782671E-02 -1.233879704682E-03 -2.020758994350E-06  9.131664200542E-07  1.125081037386E-06  4.567219382527E-02  2.020758973774E-06  4.083346157577E-03  4.743350739735E-20 -1.614975792168E-20 -1.605350403778E-20 -1.253338546993E-03
  7.468794455535E+02  7.543794455535E+02  1.897273326817E+01  3.887183890744E-14  2.817395407660E-03  3.605103133215E+02  2.313193582995E-01  3.050555032185E-01 -1.360204302022E-01  9.457546888839E-03  1.609061908500E-02  2.645166703461E+00 -1.618825918546E-02  2.626911738564E-02 -1.008085820011E-02 -1.973858842045E-02 -1.079551526611E-03 -3.049256164658E-06  1.582744642151E-06  2.105147643172E-06  4.527705761358E-02  3.049256159181E-06  1.782606870296E-03  5.572020260250E-20 -1.948997117870E-20 -4.032229379267E-20 -1.204253999967E-03
  7.618794455535E+02  7.693794455535E+02  1.901507522832E+01  3.465910024258E-14  2.997538642372E-03  3.620986313942E+02  2.242991901955E-01  2.977115471260E-01 -1.278308559938E-01  9.264032093956E-03  2.628232812434E-02  2.613035085361E+00 -1.602790665929E-02  2.573882337863E-02 -9.710916719147E-03 -1.867580126710E-02  8.306899200418E-05 -1.275271118598E-06  8.193252203900E-07  6.274112842075E-06  4.277035192756E-02  1.275271126909E-06  1.056304458693E-03  6.018864043233E-20  4.010068628787E-21 -2.162319511765E-20 -1.121845229693E-03
  7.768794455535E+02  7.843794455535E+02  1.905295901218E+01  2.932342440335E-14  4.804540346886E-03  3.635191512140E+02  2.178151062655E-01  2.910864037310E-01 -1.195869108275E-01  9.089625908945E-03  6.641275063476E-02  2.568408593896E+00 -1.553573670319E-02  2.467838835416E-02 -9.142651651080E-03 -1.718787982915E-02 -1.064386468978E-04  1.671242093951E-06 -6.807550922488E-07  2.344352011410E-06  4.026659740361E-02 -1.671242117947E-06 -2.253592818658E-03  4.149272790409E-20  1.538088038982E-21 -1.861077011345E-20 -1.045495476465E-03
  7.918794455535E+02  7.993794455535E+02  1.909057819842E+01  2.340516560943E-14 -1.225671500027E-03  3.649341125816E+02  2.111411456815E-01  2.831878662241E-01 -1.115230261933E-01  8.227503390231E-03 -4.310005965792E-02  2.527973551664E+00 -1.486499372504E-02  2.368110422603E-02 -8.816110500930E-03 -1.641454699197E-02  1.934129475243E-03  3.122000516291E-06 -1.207929728725E-06  1.828114101670E-06  3.941980597663E-02 -3.122000544738E-06 -6.063939358025E-03  5.060551153888E-20 -2.435045360186E-21 -1.981995395895E-20 -1.012568601684E-03
  8.068794455535E+02  8.143794455535E+02  1.912684342215E+01  1.828141370924E-14 -6.552105733259E-03  3.662984074390E+02  2.040389993719E-01  2.760171327224E-01 -1.031080077538E-01  8.014555628601E-03 -1.417896925742E-01  2.497960997741E+00 -1.464972686232E-02  2.311371780000E-02 -8.463990937492E-03 -1.606436977489E-02  2.042225177035E-03  5.322044969938E-06 -2.223698237249E-06 -1.917259298184E-06  3.907196448818E-02 -5.322045022511E-06 -5.318886458165E-03  4.943878455384E-20 -6.434987560331E-21 -5.876662306566E-21 -9.952381444215E-04
  8.218794455535E+02  8.293794455535E+02  1.916380726843E+01  1.368585128038E-14 -1.120185215721E-02  3.676922022841E+02  1.965592690984E-01  2.721092473156E-01 -9.483368398629E-02  6.896684968328E-03 -2.275632413189E-01  2.464356571711E+00 -1.393302868880E-02  2.238652409279E-02 -8.453495404249E-03 -1.595603710209E-02  2.086380950164E-03  2.472464424191E-06 -1.863954578171E-06 -6.243968151185E-06  4.086702543363E-02 -2.472464439870E-06 -6.462531893495E-03  3.770828353095E-20 -2.971981105286E-21 -1.511466361525E-20 -1.007393050521E-03
  8.368794455535E+02  8.443794455535E+02  1.920347154934E+01  9.944632935420E-15 -1.866701894672E-02  3.691901716531E+02  1.882991372610E-01  2.673365187736E-01 -8.638850589034E-02  6.356635954108E-03 -3.689765305462E-01  2.433204776456E+00 -1.365081508016E-02  2.200422212299E-02 -8.353407042922E-03 -1.605120716292E-02  2.761017922438E-03 -2.897915698011E-06 -1.838480083682E-07 -8.628524478100E-06  4.006866043200E-02  2.897915663109E-06 -9.700845875201E-03  3.598294840943E-20 -6.924056624968E-21 -2.199945168455E-20 -9.637293041078E-04
  8.518794455535E+02  8.593794455535E+02  1.923892736049E+01  7.371441203390E-15 -2.937244164840E-02  3.705332781350E+02  1.790134740728E-01  2.657382648326E-01 -7.794649937692E-02  5.064996278401E-03 -5.741991402231E-01  2.403592191442E+00 -1.337945951122E-02  2.160422493705E-02 -8.224765425929E-03 -1.478368320443E-02  3.386018190456E-03 -5.451198789438E-06  9.594201303461E-07 -7.987548757289E-06  3.781024518801E-02  5.451198781350E-06 -1.047314726952E-02  6.298839352119E-21  8.139511626214E-21 -2.160008461794E-20 -9.152202806013E-04
  8.668794455535E+02  8.743794455535E+02  1.927435417116E+01  6.338152586683E-15 -3.829926926580E-02  3.718785549152E+02  1.686919900039E-01  2.627111893385E-01 -6.945233901043E-02  4.520493872126E-03 -7.455669253767E-01  2.387479402760E+00 -1.297456407997E-02  2.153012270687E-02 -8.555558627221E-03 -1.455392459300E-02  3.432766345730E-03 -4.480138314287E-06  1.365522867459E-06 -7.067290888152E-06  3.877200520031E-02  4.480138327939E-06 -1.271688611634E-02  2.903492345345E-20 -1.279769960211E-20 -1.952024525198E-20 -9.217629634617E-04
  8.818794455535E+02  8.893794455535E+02  1.931164406220E+01  5.763213763281E-15 -5.323005110253E-02  3.733002851212E+02  1.573463334059E-01  2.636247879346E-01 -6.086743253867E-02  3.607555295563E-03 -1.035963662622E+00  2.367169420761E+00 -1.241798444897E-02  2.128051312020E-02 -8.862528671453E-03 -1.504613683457E-02  4.169247510150E-03 -2.486337780575E-06  1.731057872700E-08  1.582672558725E-06  3.966710519666E-02  2.486337775348E-06 -1.316840430845E-02  3.182275594879E-20 -2.713926301690E-21 -2.474388588023E-20 -9.514339275209E-04
  8.968794455535E+02  9.043794455535E+02  1.934874477257E+01  6.164157509078E-15 -6.299014257049E-02  3.747242137172E+02  1.452081620667E-01  2.619575508831E-01 -5.223732805468E-02  3.000088018737E-03 -1.226701500698E+00  2.337013448589E+00 -1.217232825431E-02  2.075268873953E-02 -8.580360485285E-03 -1.525019458066E-02  3.531681026838E-03 -1.848224114243E-06 -2.922378052951E-06  4.231271656982E-06  3.907509704072E-02  1.848224108146E-06 -1.255283452673E-02  2.329660777098E-20 -9.036777394015E-21 -2.517511261581E-20 -9.325860582992E-04
  9.118794455535E+02  9.193794455535E+02  1.938488794300E+01  7.779336347556E-15 -7.674752324076E-02  3.761144553440E+02  1.318117348521E-01  2.616089483351E-01 -4.379066855384E-02  2.425192754964E-03 -1.498495356599E+00  2.325048854356E+00 -1.191877583457E-02  2.035592356116E-02 -8.437147726846E-03 -1.456476488135E-02  4.301137245290E-03 -8.181836418991E-07 -4.407616961726E-06  1.728011984343E-06  3.844182331129E-02  8.181836604732E-07 -1.205794763114E-02  2.951105890509E-20 -7.331056842850E-21 -3.753774101370E-20 -8.951140557540E-04
  9.268794455535E+02  9.343794455535E+02  1.942078912316E+01  7.851167126728E-15 -8.559595177321E-02  3.775020208841E+02  1.159093375211E-01  2.636483063572E-01 -3.523756835678E-02  1.855791294778E-03 -1.674445606818E+00  2.299039715303E+00 -1.101509650933E-02  1.951357820286E-02 -8.498481693525E-03 -1.407235067166E-02  3.141223911102E-03 -3.757792955764E-06 -3.767704753250E-06  5.240607252695E-06  3.969032742106E-02  3.757792913659E-06 -9.462922195474E-03  2.555401764280E-20 -9.306261095651E-21 -4.899243642237E-21 -8.728212883800E-04
  9.418794455535E+02  9.493794455535E+02  1.945930078716E+01  6.864748642218E-15 -9.452032347390E-02  3.790006977681E+02  9.650580384349E-02  2.694876235453E-01 -2.677930403415E-02  1.432581314935E-03 -1.854815657984E+00  2.288296691975E+00 -1.056644839913E-02  1.908578077878E-02 -8.519332379263E-03 -1.381779394677E-02  3.206180636590E-03 -1.501437104676E-06 -3.112565636557E-06  3.936015318470E-06  4.168097328590E-02  1.501437106821E-06 -9.893296665753E-03  1.390109895909E-20 -6.558128417879E-21 -1.373664498250E-20 -8.619255367502E-04
  9.568794455535E+02  9.643794455535E+02  1.949893429937E+01  6.408277156896E-15 -1.041696265609E-01  3.805521058417E+02  7.304456255293E-02  2.786993393421E-01 -1.851401260783E-02  6.473530954057E-04 -2.050575304376E+00  2.312782637410E+00 -1.092632325832E-02  1.918161279268E-02 -8.255289534527E-03 -1.372437358770E-02  3.372107031848E-03 -4.957726177141E-06 -1.744492994613E-06  9.101991281568E-06  4.390206801291E-02  4.957726146540E-06 -1.029491397626E-02  1.693374081648E-20 -9.250650629723E-22 -1.104823135484E-20 -8.655927362352E-04
  9.718794455535E+02  9.793794455535E+02  1.954159582802E+01  4.877340953711E-15 -1.138099261238E-01  3.822370955499E+02  4.483414924906E-02  2.976221004410E-01 -1.026159853350E-02  4.250193677949E-04 -2.249063040811E+00  2.471971946677E+00 -1.139051993997E-02  2.096680272071E-02 -9.576282780940E-03 -1.444176911049E-02  3.392926386414E-03 -5.116939466979E-06  1.455660251506E-07  9.180555949167E-06  4.860628998446E-02  5.116939462319E-06 -8.603061506752E-03  5.220465015097E-21  3.499045006680E-21 -1.787759919646E-20 -9.960108251212E-04
  9.868794455535E+02  9.943794455535E+02  1.959005580974E+01  1.693047263980E-15 -1.202744207537E-01  3.841851983398E+02  9.282798478780E-03  3.421852357497E-01 -2.869119808595E-03 -1.115691580847E-04 -2.384899171210E+00  2.450910694524E+00 -1.347177398396E-02  2.237124405946E-02 -8.899470075229E-03 -1.566751093772E-02  3.223429828705E-03 -1.609545741453E-06  3.946985036342E-07  8.756474506289E-06  2.584723971778E-02  1.609545711083E-06 -3.453963026549E-03 -1.252422147328E-20  1.205619169577E-21  3.027561703712E-20 -4.517467044529E-04
