                   y                  ym                   U                   V                   W                 U^2                 V^2                 W^2                  UV                  VW                  UW                VISC               SFSxx               SFSyy               SFSzz               SFSxy               SFSyz                dUdX                dVdX                dWdX                dUdY                dVdY                dWdY                dUdZ                dVdZ                dWdZ              SFSxym
 -4.000000000000E+00 -2.000000000000E+00  0.000000000000E+00  0.000000000000E+00  0.000000000000E+00  0.000000000000E+00  0.000000000000E+00  0.000000000000E+00  0.000000000000E+00  0.000000000000E+00  0.000000000000E+00  0.000000000000E+00  0.000000000000E+00  0.000000000000E+00  0.000000000000E+00  0.000000000000E+00  0.000000000000E+00  0.000000000000E+00  0.000000000000E+00  0.000000000000E+00  0.000000000000E+00  0.000000000000E+00  0.000000000000E+00  0.000000000000E+00  0.000000000000E+00  0.000000000000E+00  0.000000000000E+00
  2.220446049250E-16  2.000000000000E+00  6.614316747630E+00 -6.280531650305E-16 -1.063218129772E-01  4.651990465533E+01  6.915904977705E-02  8.884900704805E-01 -2.150647867911E-01 -2.366648590131E-03 -6.944532186998E-01  2.541023403166E+00 -4.581357838181E-03  2.713809881496E-02 -2.255674097693E-02 -8.877656732537E+00  1.046380369853E-01 -2.013080358529E-03 -1.525025724526E-04 -1.279947137998E-05  3.193672021787E+01  2.013080358531E-03 -4.342376050069E-01  4.129690366423E-20 -4.538689795791E-21  3.086509923732E-21 -5.265950092613E-02
  4.000000000000E+00  6.000000000000E+00  9.354573740947E+00 -1.527233779256E-15 -1.107623624999E-01  9.193916252237E+01  2.882241796328E-01  1.140652723318E+00 -5.403925753822E-01 -3.109025613380E-03 -1.012076554543E+00  7.122599183860E+00  6.197257562873E-01 -4.220258803212E-01 -1.976998759717E-01 -3.249260080852E+00 -3.446833298078E-02  5.980152208514E-04 -2.607517104118E-04  1.520183037166E-05  7.023922790055E+00 -5.980152208748E-04 -8.137431933199E-04  4.099019145929E-20 -9.230602197728E-21  3.959139496690E-20 -1.933441042881E-01
  8.000000000000E+00  1.000000000000E+01  1.012543050487E+01 -1.551443869208E-15 -1.065443595750E-01  1.061796485494E+02  3.974932720434E-01  1.118725356747E+00 -5.159206188326E-01 -2.846806363733E-03 -1.053307794918E+00  7.880472961850E+00  2.751195171278E-01 -5.691844935512E-01  2.940649764023E-01 -1.359518992540E+00 -5.982774031488E-02  3.372334667145E-04 -1.689253379129E-04 -2.098187471661E-05  2.973988740869E+00 -3.372334667035E-04  2.327751032288E-02  6.545095823121E-20 -1.133765433728E-20  6.528466669215E-20 -8.257580689693E-02
  1.200000000000E+01  1.400000000000E+01  1.084137990433E+01 -9.795711695496E-16 -9.925093463282E-02  1.211759920608E+02  4.612945702460E-01  1.109925243642E+00 -5.676694300467E-01 -2.687800127799E-03 -1.048994063800E+00  7.842342065430E+00  2.574532155500E-01 -5.321014634742E-01  2.746482479267E-01 -1.303881800632E+00 -1.493107746699E-02  2.920239300005E-04 -9.004566171175E-05 -1.386727117339E-06  2.424542359241E+00 -2.920239300279E-04  3.038991778748E-02  3.446710738255E-20 -2.946146952033E-20  1.103020893029E-19 -6.995304397734E-02
  1.600000000000E+01  1.800000000000E+01  1.133788020848E+01 -2.319440935613E-17 -9.138802511071E-02  1.320128795965E+02  5.060632592212E-01  1.101162231791E+00 -5.672461230302E-01 -2.768686220373E-03 -1.009403479382E+00  7.435796704572E+00  2.120611500941E-01 -4.885005662648E-01  2.764394161679E-01 -9.149532074601E-01 -1.272651945443E-02  2.005253531844E-04 -4.517304402564E-05  2.149420959073E-05  1.847832653262E+00 -2.005253531546E-04  2.945617505967E-02  6.273966271000E-20 -1.621335662029E-20  1.267868722647E-19 -5.238996916227E-02
  2.000000000000E+01  2.200000000000E+01  1.176538978236E+01  1.065785769823E-15 -8.453590968132E-02  1.418262080528E+02  5.411989051244E-01  1.097894527074E+00 -5.816712615418E-01 -3.008218141413E-03 -9.669158688542E-01  7.161975790275E+00  1.896735895245E-01 -4.507996566473E-01  2.611260671177E-01 -7.748511416331E-01 -1.197756802322E-02  1.642732213173E-04 -2.975677554101E-05  1.534344486763E-05  1.545215283783E+00 -1.642732213776E-04  2.391747257307E-02 -2.765329307637E-21  7.722469252728E-21  1.321146171776E-19 -4.375146818772E-02
  2.400000000000E+01  2.600000000000E+01  1.211054727415E+01  1.909162353671E-15 -7.959436304066E-02  1.499911025398E+02  5.695061718858E-01  1.091750605263E+00 -5.825799544289E-01 -3.120901412115E-03 -9.373515877424E-01  6.846020493038E+00  1.648658232344E-01 -4.136119681390E-01  2.487461449057E-01 -6.259078775198E-01 -8.282487612710E-03  3.168359540330E-05 -2.622639549164E-05 -2.744022125063E-05  1.296391543145E+00 -3.168359536840E-05  1.802884907819E-02 -4.019014594316E-21 -2.569565402617E-20  1.131723950628E-19 -3.632466693087E-02
  2.800000000000E+01  3.000000000000E+01  1.241368838911E+01  2.969950096040E-15 -7.565035502652E-02  1.573822677187E+02  5.921732181569E-01  1.088185609321E+00 -5.871531066909E-01 -3.228414956485E-03 -9.149634423256E-01  6.587505204563E+00  1.478532110634E-01 -3.833829148707E-01  2.355297038084E-01 -5.416835537350E-01 -7.850153081751E-03  1.400778460925E-04 -2.174875854908E-05 -1.288022360029E-05  1.130010328663E+00 -1.400778460776E-04  1.411651112650E-02  6.975153070846E-20  2.271569663045E-20  1.642232639722E-19 -3.145189006823E-02
  3.200000000000E+01  3.400000000000E+01  1.267554661847E+01  4.315593310951E-15 -7.244449506453E-02  1.639119875399E+02  6.100769462176E-01  1.083498586864E+00 -5.871577996070E-01 -3.313959469214E-03 -8.950975614923E-01  6.347466958840E+00  1.319174000164E-01 -3.564581717226E-01  2.245407717043E-01 -4.658280872535E-01 -6.388371611165E-03  1.230290866771E-04 -1.549352347633E-05  2.449277028884E-05  9.985295212027E-01 -1.230290866603E-04  1.179086967787E-02 -6.286135735459E-21 -3.636200432319E-21  1.600106750643E-19 -2.752662391540E-02
  3.600000000000E+01  3.800000000000E+01  1.291292127651E+01  4.742807998189E-15 -6.955621680699E-02  1.699580531291E+02  6.240171078308E-01  1.077725960415E+00 -5.881059790169E-01 -3.266520003247E-03 -8.760758558629E-01  6.138539090448E+00  1.202634858979E-01 -3.337468369163E-01  2.134833510182E-01 -4.170525477907E-01 -6.218966275230E-03  3.122105262645E-05 -8.261424454431E-06  8.310478378572E-06  9.032588648531E-01 -3.122105265348E-05  1.052414821917E-02 -1.768103093928E-21 -3.834984742180E-20  1.365134826998E-19 -2.468897621594E-02
  4.000000000000E+01  4.200000000000E+01  1.312718643065E+01  4.808530888282E-15 -6.712819915162E-02  1.755101842015E+02  6.347838064992E-01  1.071104073614E+00 -5.873138997075E-01 -3.296498343293E-03 -8.590342800803E-01  5.937681199227E+00  1.091087340392E-01 -3.127393772398E-01  2.036306432009E-01 -3.739443304672E-01 -5.490790619211E-03  4.661290999434E-08 -2.580758374402E-06  2.201850752262E-05  8.239694404474E-01 -4.661293336100E-08  8.940933469483E-03  2.323093718389E-20  1.097268534033E-20  1.436410108643E-19 -2.232383137638E-02
  4.400000000000E+01  4.600000000000E+01  1.332493091839E+01  5.367880040926E-15 -6.520844383565E-02  1.807195930144E+02  6.430567187603E-01  1.063926683377E+00 -5.865448555710E-01 -3.311645855171E-03 -8.460169099153E-01  5.754672091671E+00  1.000875402536E-01 -2.944860511571E-01  1.943985109033E-01 -3.414835807501E-01 -4.785754692328E-03  1.013033121040E-04  2.470099766649E-06  4.017438852424E-05  7.597267286461E-01 -1.013033121263E-04  6.609647274898E-03  1.662319569213E-20 -2.182383061781E-20  1.655435387381E-19 -2.044425739275E-02
  4.800000000000E+01  5.000000000000E+01  1.350713614895E+01  6.669630704207E-15 -6.397426686745E-02  1.855890747848E+02  6.493402562712E-01  1.055532393965E+00 -5.852050539055E-01 -3.322478389694E-03 -8.406243414432E-01  5.588310740146E+00  9.287616768515E-02 -2.782316369360E-01  1.853554692469E-01 -3.126600220952E-01 -3.659726962196E-03  5.768632259862E-05  5.358637442078E-06  3.240163083590E-05  7.068233482296E-01 -5.768632258491E-05  5.437259813277E-03 -2.942148399171E-20  1.813187904024E-21  1.088511273469E-19 -1.883812015992E-02
  5.200000000000E+01  5.400000000000E+01  1.367839427988E+01  9.221721476715E-15 -6.251327858779E-02  1.902275415548E+02  6.539564112152E-01  1.045428543192E+00 -5.837781162985E-01 -3.115945895530E-03 -8.319768626890E-01  5.432011801279E+00  8.607821786833E-02 -2.632511386070E-01  1.771729207395E-01 -2.901999858188E-01 -3.784626891335E-03 -2.775966937746E-05  7.112703702471E-06  1.695483997676E-05  6.617548168479E-01  2.775966935483E-05  7.587818622266E-03 -7.846173009271E-21  1.048721559553E-20  1.801748648584E-19 -1.744271822094E-02
  5.600000000000E+01  5.800000000000E+01  1.383795275015E+01  1.167145633613E-14 -6.009210243419E-02  1.946039311414E+02  6.571138278830E-01  1.033576419908E+00 -5.820818521095E-01 -3.096290590445E-03 -8.085152454903E-01  5.288093119572E+00  8.072631689487E-02 -2.500356755497E-01  1.693093586552E-01 -2.684902060945E-01 -4.183017498015E-03 -2.400581785816E-06  1.483864264897E-05  2.080230343260E-05  6.184683401657E-01  2.400581781591E-06  9.658530332627E-03 -2.417950724337E-20  2.342166379274E-20  1.793966334810E-19 -1.618192877715E-02
  6.000000000000E+01  6.200000000000E+01  1.398776344183E+01  1.419106874836E-14 -5.757050561500E-02  1.987621325452E+02  6.590529887405E-01  1.021019498410E+00 -5.802888347664E-01 -2.975650538166E-03 -7.810293572860E-01  5.151686262493E+00  7.603467753312E-02 -2.382933291026E-01  1.622586515641E-01 -2.493667113852E-01 -4.170809623851E-03  2.827939822018E-05  1.834262429362E-05  5.208874709185E-05  5.801605161686E-01 -2.827939810962E-05  1.041516620154E-02 -1.339167058606E-20 -4.179447424742E-20  1.898156109783E-19 -1.505007543180E-02
  6.400000000000E+01  6.600000000000E+01  1.412821445244E+01  1.753027757678E-14 -5.478402596861E-02  2.027017653541E+02  6.600086740477E-01  1.009189518904E+00 -5.782556799194E-01 -2.919442681876E-03 -7.488065733901E-01  5.027708060682E+00  7.129078890368E-02 -2.278510984801E-01  1.565603095755E-01 -2.321929383728E-01 -4.589091611879E-03 -3.638804696249E-05  1.437628116756E-05  3.784266054555E-05  5.475452787091E-01  3.638804689265E-05  1.175608642553E-02  3.384100357416E-20 -1.115535018052E-20  1.752564579194E-19 -1.404399237183E-02
  6.800000000000E+01  7.000000000000E+01  1.426139212768E+01  2.111606289129E-14 -5.162733694795E-02  2.064727333787E+02  6.601487075555E-01  9.976829019854E-01 -5.762029925413E-01 -2.855779143388E-03 -7.105048588211E-01  4.912871668967E+00  6.657944212806E-02 -2.180435985700E-01  1.514641564444E-01 -2.177302713728E-01 -4.803733104108E-03 -2.296017959086E-05  1.526151007372E-05 -1.281250578379E-05  5.183123416242E-01  2.296017972485E-05  1.334365742762E-02  1.891130503664E-20 -7.383548123057E-21  1.331290841505E-19 -1.317745924089E-02
  7.200000000000E+01  7.400000000000E+01  1.438723722029E+01  2.295937398533E-14 -4.817046696874E-02  2.100688135255E+02  6.596896264797E-01  9.872543402410E-01 -5.740282965781E-01 -2.844460291914E-03 -6.659652952591E-01  4.811716224272E+00  6.260889929660E-02 -2.095662267620E-01  1.469573274693E-01 -2.041973154496E-01 -5.181162523082E-03  3.896055480321E-05  2.024918519376E-05 -3.964935831997E-05  4.910856748907E-01 -3.896055483252E-05  1.403618588563E-02 -2.102476556549E-20  1.231687599202E-20  1.800960952267E-19 -1.240288257005E-02
  7.600000000000E+01  7.800000000000E+01  1.450694994690E+01  2.327029281074E-14 -4.478137657035E-02  2.135210720976E+02  6.588390079736E-01  9.774068551353E-01 -5.718261216208E-01 -2.866632501713E-03 -6.207144927484E-01  4.711042678273E+00  5.880797712662E-02 -2.013302065821E-01  1.425222294576E-01 -1.927740800915E-01 -4.996644898223E-03  1.726615127318E-05  2.415144602918E-05 -3.267258750360E-06  4.688715683399E-01 -1.726615125891E-05  1.421084143706E-02 -3.605632957169E-20 -6.173915160535E-21  1.353666615480E-19 -1.172549406205E-02
  8.000000000000E+01  8.200000000000E+01  1.462163990149E+01  2.339868258640E-14 -4.115520101376E-02  2.168547985285E+02  6.577266567826E-01  9.677219286246E-01 -5.695470554768E-01 -2.905005952585E-03 -5.702317653631E-01  4.614263805377E+00  5.542699288157E-02 -1.935313288098E-01  1.381043359274E-01 -1.824444905245E-01 -4.587950348202E-03  1.661594305010E-05  2.728253577050E-05  3.464767247366E-05  4.487979989766E-01 -1.661594303692E-05  1.411707536845E-02 -3.752847599449E-20 -1.070990414790E-20  1.446284218367E-19 -1.109742762320E-02
  8.400000000000E+01  8.600000000000E+01  1.473142471260E+01  2.350123365589E-14 -3.763382534312E-02  2.200678088710E+02  6.564707642525E-01  9.581723205720E-01 -5.672448898592E-01 -2.977833630609E-03 -5.190568511752E-01  4.522957149540E+00  5.291346018327E-02 -1.865829329565E-01  1.336694727730E-01 -1.726250043658E-01 -4.268067223156E-03  2.592185974105E-05  2.714702042274E-05  1.750553973838E-05  4.296801865793E-01 -2.592185974775E-05  1.344709308955E-02 -6.800534570763E-21 -8.212294425681E-21  1.426952637240E-19 -1.050208658618E-02
  8.800000000000E+01  9.000000000000E+01  1.483661518471E+01  2.457958836466E-14 -3.437299149927E-02  2.231669306843E+02  6.551199343987E-01  9.488711277325E-01 -5.649599813048E-01 -3.063327754173E-03 -4.713516382271E-01  4.435844309692E+00  5.012278520719E-02 -1.797425003550E-01  1.296197151466E-01 -1.634914490312E-01 -4.004672456278E-03  1.229579486215E-06  2.274155162134E-05  1.249509292689E-05  4.110918421841E-01 -1.229579491098E-06  1.279691075805E-02 -3.533700131946E-21  1.344467523896E-20  1.500397776953E-19 -9.931718956431E-03
  9.200000000000E+01  9.400000000000E+01  1.493687751794E+01  2.551272908213E-14 -3.124144061385E-02  2.261403618196E+02  6.535425524156E-01  9.393003832519E-01 -5.626353475955E-01 -3.126933910058E-03 -4.243146947191E-01  4.350190038956E+00  4.712514703569E-02 -1.732576465906E-01  1.261324995558E-01 -1.547130951552E-01 -3.855749821195E-03  1.768184947683E-05  2.091852381610E-05  4.239854712129E-05  3.926163092212E-01 -1.768184945771E-05  1.136559270659E-02  2.909381855090E-20 -3.220804013125E-20  1.430871664420E-19 -9.416492770774E-03
  9.600000000000E+01  9.800000000000E+01  1.503281922375E+01  2.616836825356E-14 -2.861906689161E-02  2.290044893329E+02  6.517490227375E-01  9.296693264360E-01 -5.603619803284E-01 -3.259851916683E-03 -3.855254545005E-01  4.267471390300E+00  4.456517890290E-02 -1.671033048747E-01  1.225381259731E-01 -1.468483169665E-01 -3.183210603277E-03  1.374365338558E-05  2.093279132892E-05  2.725776928448E-05  3.751150370273E-01 -1.374365336781E-05  9.507230819401E-03  2.717045096076E-20 -2.648512936730E-20  1.522873545587E-19 -8.935018631566E-03
  1.000000000000E+02  1.020000000000E+02  1.512442763139E+01  2.796179072428E-14 -2.644053209833E-02  2.317556310712E+02  6.497122152506E-01  9.203415540416E-01 -5.580672319988E-01 -3.356439928908E-03 -3.537529137603E-01  4.191376117053E+00  4.222382979331E-02 -1.614480787004E-01  1.192242489044E-01 -1.392774580990E-01 -2.718903183724E-03 -1.341626032258E-05  1.848491380656E-05 -2.395277187972E-05  3.597261406869E-01  1.341626033195E-05  9.150230424160E-03 -2.571244588388E-20  1.307510553943E-20  1.127810310139E-19 -8.501767686101E-03
  1.040000000000E+02  1.060000000000E+02  1.521261137270E+01  2.916423887690E-14 -2.414072014363E-02  2.344191353948E+02  6.476175005133E-01  9.113535346787E-01 -5.558158887886E-01 -3.457955668887E-03 -3.196879068326E-01  4.121044935188E+00  4.001402802344E-02 -1.563695492666E-01  1.163555212410E-01 -1.330192499850E-01 -2.612437831441E-03  1.163192907132E-05  1.734874806505E-05 -1.857412812459E-05  3.464275922665E-01 -1.163192903541E-05  9.707332394501E-03  1.171279592978E-20 -2.634939422903E-20  1.474209444820E-19 -8.111912839743E-03
  1.080000000000E+02  1.100000000000E+02  1.529758054634E+01  2.890769900653E-14 -2.167425491839E-02  2.370000919028E+02  6.455882993883E-01  9.029200903573E-01 -5.535304839733E-01 -3.566063546968E-03 -2.824456155897E-01  4.048264345647E+00  3.793728051673E-02 -1.516669585002E-01  1.137296779807E-01 -1.265781401420E-01 -2.561024371941E-03  2.341491603824E-05  1.897155612417E-05  3.273594032221E-05  3.327549467742E-01 -2.341491603618E-05  9.622883746128E-03 -2.296712053135E-20 -1.059382766603E-20  1.043171894267E-19 -7.707766222645E-03
  1.120000000000E+02  1.140000000000E+02  1.537902994889E+01  2.898085677688E-14 -1.920588381529E-02  2.394869084860E+02  6.435331970283E-01  8.947010445653E-01 -5.513108683311E-01 -3.713982116954E-03 -2.450971702756E-01  3.981168437778E+00  3.635596960321E-02 -1.473276160876E-01  1.109716464850E-01 -1.201644864449E-01 -2.727685845660E-03 -1.544787185676E-05  1.841872744345E-05  3.624187009579E-05  3.191093858707E-01  1.544787187432E-05  9.493473602892E-03  1.021723700241E-20 -3.120235247215E-20  1.317774558185E-19 -7.324916323931E-03
  1.160000000000E+02  1.180000000000E+02  1.545717172250E+01  2.867585841814E-14 -1.680498411920E-02  2.418833405139E+02  6.414576558627E-01  8.869452507427E-01 -5.490867236001E-01 -3.869437355076E-03 -2.078450573477E-01  3.921017549151E+00  3.465822071727E-02 -1.430764379904E-01  1.084182172732E-01 -1.143824605405E-01 -2.690814015488E-03 -2.243538697502E-05  1.545907681626E-05  3.021847904715E-05  3.064626807511E-01  2.243538697279E-05  8.574599018846E-03 -4.248785825565E-20  1.880812988363E-21  1.054504560375E-19 -6.974203561058E-03
  1.200000000000E+02  1.220000000000E+02  1.553220653380E+01  2.801215552919E-14 -1.489040356832E-02  2.441937205932E+02  6.394819778005E-01  8.798969101874E-01 -5.468890401354E-01 -4.010142908172E-03 -1.772868821358E-01  3.859727914279E+00  3.275172841667E-02 -1.389555421092E-01  1.062038136946E-01 -1.087753936142E-01 -2.285459435528E-03  4.996155835381E-07  1.441850819098E-05  3.068813271600E-05  2.949915978233E-01 -4.996155883069E-07  6.652167533486E-03 -5.169743539026E-20 -1.727930711291E-20  1.212337304041E-19 -6.637610391650E-03
  1.240000000000E+02  1.260000000000E+02  1.560463785906E+01  2.818611027448E-14 -1.342386433647E-02  2.464326135000E+02  6.375245936505E-01  8.729991534361E-01 -5.446981183696E-01 -4.223934717627E-03 -1.529775809227E-01  3.800678836258E+00  3.113281724413E-02 -1.349734313000E-01  1.038406140570E-01 -1.037160166021E-01 -1.886499857583E-03  2.048336307171E-05  1.476055258450E-05 -1.604100165753E-05  2.851309844424E-01 -2.048336308363E-05  5.312939897079E-03 -3.742103703968E-20 -1.690171943364E-20  1.134691114919E-19 -6.347264301132E-03
  1.280000000000E+02  1.300000000000E+02  1.567479209309E+01  2.730008182769E-14 -1.227471122907E-02  2.486088223084E+02  6.355108713723E-01  8.656084956392E-01 -5.425026537001E-01 -4.418188731919E-03 -1.335487054737E-01  3.744261975959E+00  2.954911898005E-02 -1.313080194097E-01  1.017589004284E-01 -9.946013110023E-02 -1.444395591723E-03  2.042831962350E-05  1.452069705963E-05 -2.231662531835E-05  2.758927850293E-01 -2.042831962829E-05  4.421621424870E-03  7.115241576286E-22 -5.865799508663E-21  1.181105732425E-19 -6.080238705798E-03
  1.320000000000E+02  1.340000000000E+02  1.574263690115E+01  2.570823791117E-14 -1.132676148020E-02  2.507230604279E+02  6.335137770528E-01  8.580946836397E-01 -5.403690236414E-01 -4.616269668648E-03 -1.174618799770E-01  3.689375826897E+00  2.844133684907E-02 -1.279695447945E-01  9.952820794614E-02 -9.522261231663E-02 -1.110317856405E-03  1.023287319821E-05  1.186230129417E-05  1.571843033976E-05  2.657668664679E-01 -1.023287319647E-05  3.775422154117E-03 -2.041728475533E-20  6.530456053474E-21  1.295628585070E-19 -5.814590655808E-03
  1.360000000000E+02  1.380000000000E+02  1.580770328716E+01  2.676716386156E-14 -1.038382639443E-02  2.527586379595E+02  6.316211601038E-01  8.509022908211E-01 -5.381722299341E-01 -4.823365696306E-03 -1.011237931537E-01  3.631316104278E+00  2.739081921369E-02 -1.244392287165E-01  9.704840950326E-02 -9.083582318185E-02 -5.583185703432E-04 -7.040947383345E-06  7.808454881190E-06  4.302777131056E-05  2.552570631597E-01  7.040947386518E-06  2.667139228012E-03 -3.053743341793E-20  4.946549546471E-21  1.001837755030E-19 -5.544201667018E-03
  1.400000000000E+02  1.420000000000E+02  1.587020484487E+01  2.834545268498E-14 -9.905719774483E-03  2.547217980902E+02  6.297920214363E-01  8.439479736439E-01 -5.360457179578E-01 -5.028859725314E-03 -9.219338836874E-02  3.580848024460E+00  2.631093505694E-02 -1.212511159557E-01  9.494018089724E-02 -8.683912981507E-02 -2.453826489646E-04 -2.248378426007E-05  6.980739103533E-06  3.264962626348E-05  2.452279432204E-01  2.248378426552E-05  1.135045731788E-03 -9.823369649318E-23 -1.084068703025E-20  1.166036773609E-19 -5.291298185387E-03
  1.440000000000E+02  1.460000000000E+02  1.593028269029E+01  2.835707544069E-14 -9.778270803221E-03  2.566157922092E+02  6.279694324088E-01  8.370386503589E-01 -5.339298405174E-01 -5.213988415981E-03 -8.919264240797E-02  3.531011714730E+00  2.538697660487E-02 -1.182367403060E-01  9.284976369886E-02 -8.272531704673E-02 -1.713387933306E-05 -1.010452747513E-05  8.699253677608E-06  1.603524009696E-05  2.356288939506E-01  1.010452746712E-05  7.667190981757E-04  9.910865848308E-21  2.747129626878E-21  1.240461680411E-19 -5.061859851058E-03
  1.480000000000E+02  1.500000000000E+02  1.598809217034E+01  2.895000963491E-14 -9.539078442300E-03  2.584440747766E+02  6.261519602116E-01  8.310141018888E-01 -5.317354920041E-01 -5.407229201325E-03 -8.510269929364E-02  3.485367824598E+00  2.430149496997E-02 -1.154027798189E-01  9.110128484791E-02 -7.917644671138E-02 -2.731004886524E-05 -7.630818617128E-06  7.521873093094E-06  1.428388302614E-05  2.284522406867E-01  7.630818607825E-06  7.674427488442E-04 -6.944945983901E-20 -1.639161667930E-20  1.170534599701E-19 -4.857748369319E-03
  1.520000000000E+02  1.540000000000E+02  1.604448564897E+01  2.891733026355E-14 -9.453291149881E-03  2.602321889841E+02  6.243653297578E-01  8.252898280791E-01 -5.296239443756E-01 -5.590192963076E-03 -8.417033930767E-02  3.440695994116E+00  2.326344905971E-02 -1.125190150488E-01  8.925556598973E-02 -7.633859709868E-02  2.090987350030E-04 -1.832735927375E-05  6.478707023422E-06  1.038401283384E-05  2.207800619411E-01  1.832735926016E-05  1.880894723915E-04 -4.611114608030E-20 -1.142547090439E-20  1.099800559915E-19 -4.651439266187E-03
  1.560000000000E+02  1.580000000000E+02  1.609836968808E+01  2.787488743878E-14 -9.478090614245E-03  2.619456139935E+02  6.227215101581E-01  8.200079317823E-01 -5.274707959224E-01 -5.771889575475E-03 -8.597916841721E-02  3.396734524453E+00  2.245622530858E-02 -1.100677775121E-01  8.761155220498E-02 -7.258587089628E-02  2.305957177217E-04 -9.365653330642E-06  9.735225000645E-06 -6.681550174631E-07  2.110207694047E-01  9.365653297654E-06 -3.414718796156E-05 -1.483985961850E-20 -3.595164966521E-20  9.229703513880E-20 -4.430644155256E-03
  1.600000000000E+02  1.620000000000E+02  1.615003273728E+01  2.805963866930E-14 -9.450155730401E-03  2.635938634929E+02  6.212747622758E-01  8.158603331563E-01 -5.253255537317E-01 -5.913369494067E-03 -8.801755018326E-02  3.353605270050E+00  2.151525088981E-02 -1.076530284917E-01  8.613777760314E-02 -6.911843009403E-02  2.454043387531E-04  1.251978453151E-05  1.249858131460E-05 -6.320043889912E-06  2.022096578840E-01 -1.251978452279E-05  4.890181207344E-04 -3.065933934202E-20 -9.335851082961E-21  1.209705736555E-19 -4.225581108073E-03
  1.640000000000E+02  1.660000000000E+02  1.619962289567E+01  2.771349107954E-14 -9.264831922996E-03  2.651809864584E+02  6.200216335252E-01  8.124422805336E-01 -5.231940063148E-01 -6.125962372148E-03 -8.781152507401E-02  3.310314265572E+00  2.061263415929E-02 -1.051074078871E-01  8.449477372843E-02 -6.594359826438E-02 -3.404480916515E-05 -2.632456979934E-05  1.004917309131E-05  4.032856392103E-06  1.947748272420E-01  2.632456979303E-05  1.102670777502E-03 -3.017242674794E-20 -8.066467867641E-21  1.134504295157E-19 -4.023035053802E-03
  1.680000000000E+02  1.700000000000E+02  1.624744729598E+01  2.620426271804E-14 -8.971273235536E-03  2.667158342692E+02  6.188941896945E-01  8.089189958001E-01 -5.211115312403E-01 -6.260925458951E-03 -8.548395492066E-02  3.266980152792E+00  1.974108510133E-02 -1.025703248666E-01  8.282923976401E-02 -6.291107126066E-02 -2.675816611496E-04 -5.827964299984E-05  5.929627334057E-06  3.034492032661E-06  1.883732167144E-01  5.827964298998E-05  1.664209280320E-03 -2.863023164594E-20 -1.071815812667E-20  7.200031370914E-20 -3.839978694072E-03
  1.720000000000E+02  1.740000000000E+02  1.629369618169E+01  2.580096076024E-14 -8.448894721536E-03  2.682050382152E+02  6.178432693038E-01  8.044772045893E-01 -5.188994010673E-01 -6.497802038508E-03 -7.823367350416E-02  3.223860434951E+00  1.890387752405E-02 -1.002313150543E-01  8.132743752954E-02 -6.005913821107E-02 -1.249714448035E-04 -2.530023152490E-05  5.759959208249E-06  1.479520421185E-05  1.814298170897E-01  2.530023149949E-05  1.425534889415E-03 -2.787557029523E-20 -1.315416744859E-20  8.098685056192E-20 -3.672363263079E-03
  1.760000000000E+02  1.780000000000E+02  1.633810757914E+01  2.509372440743E-14 -8.211812182054E-03  2.696394622844E+02  6.168747060315E-01  7.998566058834E-01 -5.167698766642E-01 -6.636372513892E-03 -7.650054770694E-02  3.183693890672E+00  1.812899839157E-02 -9.794707376355E-02  7.981807537211E-02 -5.744398496185E-02  3.348599004850E-06 -3.895460443602E-06  8.301183919771E-06  1.810827789609E-05  1.742936712194E-01  3.895460419316E-06  4.528860860350E-04 -2.801060651515E-20  9.595451329230E-21  1.158581542638E-19 -3.514219541492E-03
  1.800000000000E+02  1.820000000000E+02  1.638085923516E+01  2.327129056586E-14 -8.178773398255E-03  2.710238470073E+02  6.159995023617E-01  7.948661020573E-01 -5.145698107826E-01 -6.821580134599E-03 -7.845709876292E-02  3.148850954973E+00  1.747476025636E-02 -9.589677334226E-02  7.842201308570E-02 -5.508993607119E-02 -1.759132135858E-05 -1.324056300436E-06  1.016346612106E-05  6.282611752613E-06  1.684925532044E-01  1.324056272849E-06 -3.902908499174E-05 -3.471224250002E-20 -6.038125785577E-21  9.844790717161E-20 -3.377219594011E-03
  1.840000000000E+02  1.860000000000E+02  1.642237085867E+01  2.216637854172E-14 -8.224429563052E-03  2.723710437103E+02  6.152591754325E-01  7.897641913613E-01 -5.123707626172E-01 -6.953218760567E-03 -8.170754118935E-02  3.114183992054E+00  1.687914764012E-02 -9.416943534462E-02  7.729028770574E-02 -5.299336005298E-02 -9.961100847273E-05 -5.409583074775E-06  9.861780461372E-06 -1.902895947681E-06  1.629829303680E-01  5.409583052389E-06 -2.173259253067E-04 -7.951434505432E-20 -2.317941748086E-20  6.895761285303E-20 -3.241346566526E-03
  1.880000000000E+02  1.900000000000E+02  1.646237085437E+01  2.105483481428E-14 -8.315920091158E-03  2.736732641978E+02  6.147114354242E-01  7.849931511401E-01 -5.102907258214E-01 -7.100790433610E-03 -8.623835402012E-02  3.080946706015E+00  1.639126358791E-02 -9.249182948087E-02  7.610056589309E-02 -5.056645094637E-02 -1.595638939853E-04  3.831975094672E-06  6.801550418160E-06  7.906982114461E-06  1.575362028834E-01 -3.831975120726E-06 -7.978581428605E-04 -3.882839771741E-20 -1.429778413917E-20  8.294805534096E-20 -3.105728510010E-03
  1.920000000000E+02  1.940000000000E+02  1.650112259469E+01  1.939200659137E-14 -8.623362294590E-03  2.749354978712E+02  6.143431007172E-01  7.800744061429E-01 -5.080286775374E-01 -7.227128490177E-03 -9.441096903343E-02  3.045087059064E+00  1.593647596294E-02 -9.040235372569E-02  7.446587776089E-02 -4.873623871343E-02  7.197767882719E-05 -1.621059089377E-05  3.029664011407E-06  2.155163289541E-05  1.514811016648E-01  1.621059090161E-05 -1.221818128810E-03  5.276683614681E-21  4.084465914285E-21  9.393859384490E-20 -2.973363675334E-03
  1.960000000000E+02  1.980000000000E+02  1.653804165204E+01  1.893633513883E-14 -8.850800879455E-03  2.761406725152E+02  6.141223703681E-01  7.762573674695E-01 -5.059592983172E-01 -7.317163618737E-03 -1.008798154229E-01  3.010443713119E+00  1.526874975710E-02 -8.837151805476E-02  7.310276829777E-02 -4.650259108649E-02 -2.773040844091E-05 -7.545622220310E-06  2.615994529294E-06  1.099121001964E-05  1.458584182216E-01  7.545622209597E-06 -1.588779888677E-04 -2.076716574660E-20 -2.007700412832E-20  7.857333026279E-20 -2.841559608259E-03
  2.000000000000E+02  2.020600000000E+02  1.657404838212E+01  1.871658065801E-14 -8.648376974331E-03  2.773174024292E+02  6.138190619399E-01  7.722728103841E-01 -5.037342203777E-01 -7.379957397140E-03 -1.004291437072E-01  2.978230373039E+00  1.418206097149E-02 -8.534045033644E-02  7.115838936424E-02 -4.452463610550E-02  6.730205761798E-06  1.969104766664E-05  3.947664487327E-06 -1.048069518719E-05  1.395682115342E-01 -1.969104766823E-05  1.702044567607E-03 -2.456108720122E-20 -3.606351307182E-21  8.775936057477E-20 -2.746746516760E-03
  2.041200000000E+02  2.062418000000E+02  1.660998600172E+01  1.704199397342E-14 -8.010121701557E-03  2.784949356839E+02  6.135642581397E-01  7.685236808760E-01 -5.014354061469E-01 -7.448737312933E-03 -9.242025305908E-02  2.952406964561E+00  1.304970281387E-02 -8.230121897241E-02  6.925151615793E-02 -4.324200133729E-02 -5.088560941540E-04  7.997703250942E-06  4.267203591217E-06 -1.086465779403E-05  1.335262136641E-01 -7.997703311679E-06  3.097280690563E-03 -4.651552207774E-20 -1.903029719216E-20  8.393675894679E-20 -2.639702489909E-03
  2.083636000000E+02  2.105490540000E+02  1.664490334951E+01  1.516930504819E-14 -7.048911164491E-03  2.796391282740E+02  6.132799500366E-01  7.636168345152E-01 -4.991000219018E-01 -7.522460270868E-03 -7.846860744461E-02  2.926155231663E+00  1.176981362119E-02 -7.915811243145E-02  6.738829881010E-02 -4.140889731847E-02 -6.255471745146E-04 -1.341759322802E-05  5.342936537431E-06 -1.208531550161E-05  1.270727318784E-01  1.341759326333E-05  3.626117289095E-03 -1.030107931743E-20 -4.008248340146E-21  5.082403130018E-20 -2.537303951301E-03
  2.127345080000E+02  2.149855256200E+02  1.667939331321E+01  1.296950365391E-14 -6.044001233236E-03  2.807698153552E+02  6.130420483029E-01  7.585487371166E-01 -4.966720997922E-01 -7.613496822550E-03 -6.343234334973E-02  2.899298665021E+00  1.030413105853E-02 -7.601396723010E-02  6.570983617143E-02 -3.996896263325E-02 -5.955632685228E-04 -9.860963657231E-06  7.851043376994E-06 -2.153501278999E-05  1.212600691100E-01  9.860963594041E-06  3.903229821918E-03  1.856137070689E-20 -9.430843401163E-21  6.185665185781E-20 -2.451162551388E-03
  2.172365432400E+02  2.195550913886E+02  1.671312722940E+01  1.102589229409E-14 -4.875453694421E-03  2.818774074730E+02  6.128754163514E-01  7.533517270911E-01 -4.941442895118E-01 -7.650954147369E-03 -4.518007260156E-02  2.873766098899E+00  9.211850611031E-03 -7.286991628316E-02  6.365806567198E-02 -3.852291981503E-02 -6.553908395689E-04  1.122780870758E-05  1.069130408858E-05 -8.386022806593E-06  1.154067420640E-01 -1.122780870730E-05  3.663550920999E-03 -5.390645639677E-21 -1.641755717580E-20  5.893228278238E-20 -2.368452974032E-03
  2.218736395372E+02  2.242617441303E+02  1.674628772987E+01  1.030963639112E-14 -3.913779323030E-03  2.829671011059E+02  6.127655446077E-01  7.487887383171E-01 -4.915928034672E-01 -7.726800368437E-03 -3.056400722950E-02  2.850132264611E+00  8.263013879597E-03 -6.983801831542E-02  6.157500443517E-02 -3.726575788322E-02 -5.252799181967E-04  1.721100397251E-05  1.315043509467E-05 -1.972403091819E-06  1.104108943318E-01 -1.721100397552E-05  3.878849460001E-03 -6.643942650980E-20 -7.070260014382E-21  6.294314577829E-20 -2.291800437259E-03
  2.266498487233E+02  2.291095964542E+02  1.677905354223E+01  9.630552721037E-15 -2.531299412564E-03  2.840423306752E+02  6.128089637435E-01  7.446613164538E-01 -4.889120512882E-01 -7.757725921308E-03 -9.648020135918E-03  2.827601183439E+00  7.056430010707E-03 -6.652355243052E-02  5.946712241984E-02 -3.600039581095E-02 -7.455313774796E-04 -6.959086859665E-07  1.414817934205E-05 -1.315155224554E-05  1.046980072436E-01  6.959086897600E-07  4.641272449185E-03 -3.483120684478E-20 -2.297443568407E-20  7.370908405305E-20 -2.198149055125E-03
  2.315693441850E+02  2.341028843478E+02  1.681066610718E+01  8.992247773944E-15 -1.067273271416E-03  2.850807584857E+02  6.130539864842E-01  7.409977957492E-01 -4.861928608628E-01 -7.819307020702E-03  1.256671881942E-02  2.804283324823E+00  5.860720302651E-03 -6.324456196839E-02  5.738384166579E-02 -3.438636707650E-02 -7.999382114226E-04 -7.768202215054E-06  1.423969175340E-05 -2.021278657394E-05  9.945282067673E-02  7.768202215488E-06  4.460850478979E-03 -3.169420899270E-20 -9.327211472959E-21  6.844802016382E-20 -2.110366216185E-03
  2.366364245106E+02  2.392459708782E+02  1.684202674454E+01  8.984294211367E-15  2.649830882909E-04  2.861111599742E+02  6.135103734674E-01  7.377738165257E-01 -4.833670717642E-01 -7.817389796888E-03  3.268702936037E-02  2.782456390533E+00  4.444252967705E-03 -6.004378766802E-02  5.559953470027E-02 -3.311279591292E-02 -8.357468622209E-04 -2.043922759147E-06  1.442669302205E-05 -1.840048665280E-05  9.516034816988E-02  2.043922735802E-06  3.843181945033E-03  8.644740454882E-21 -2.206054980732E-21  4.094652837594E-20 -2.030970099141E-03
  2.418555172459E+02  2.445433500046E+02  1.687273833937E+01  9.908909341198E-15  1.435402196765E-03  2.871211019453E+02  6.141219258680E-01  7.349475391117E-01 -4.804662535365E-01 -7.926683639106E-03  5.009166861603E-02  2.762381661567E+00  3.038483223618E-03 -5.674309587363E-02  5.370461264939E-02 -3.188984614009E-02 -6.651296714282E-04 -1.299674495892E-05  1.453225072035E-05 -7.103981827331E-06  9.088979780440E-02  1.299674497512E-05  3.123231462407E-03  1.268462865507E-20 -3.220334584461E-20  8.048302124671E-20 -1.964468309961E-03
  2.472311827633E+02  2.499996505047E+02  1.690308890277E+01  1.125027617362E-14  2.380332295370E-03  2.881209708747E+02  6.149133747222E-01  7.322014658978E-01 -4.774265048603E-01 -7.879292886523E-03  6.376719408011E-02  2.748175117711E+00  1.688690805672E-03 -5.364089119743E-02  5.195220039155E-02 -3.113376338219E-02 -6.863166352186E-04 -1.381885584432E-05  1.546010074756E-05 -1.728219903639E-06  8.782464103887E-02  1.381885585809E-05  2.619765024190E-03 -5.617225308237E-20 -2.434184206462E-20  4.575986616771E-20 -1.921013494533E-03
  2.527681182462E+02  2.556196400198E+02  1.693351930783E+01  1.189952476832E-14  3.254201617087E-03  2.891232234855E+02  6.159210514152E-01  7.296043438343E-01 -4.744062141314E-01 -7.877738648036E-03  7.593802980491E-02  2.732635171690E+00  6.365396132763E-04 -5.047537944445E-02  4.983883983169E-02 -3.033592938273E-02 -4.255858865115E-04 -9.556865276595E-06  1.642350869229E-05  1.013176109928E-06  8.421484572536E-02  9.556865279220E-06  2.308254649096E-03 -7.836808372279E-21 -7.736382049699E-21  5.798614613266E-20 -1.870551862634E-03
  2.584711617935E+02  2.614082292204E+02  1.696311996917E+01  1.184560002171E-14  4.039420847880E-03  2.900971068954E+02  6.170070201602E-01  7.280044452732E-01 -4.711502536040E-01 -7.865790914877E-03  8.685559001821E-02  2.717943665711E+00 -5.305138045953E-04 -4.707600676634E-02  4.760652057075E-02 -2.945433047767E-02 -1.107331503421E-04 -1.055482754310E-05  1.613761706455E-05  8.739807420179E-06  8.074682583335E-02  1.055482754536E-05  1.694336586322E-03  1.470919013932E-20  7.182041546019E-21  6.818019782229E-20 -1.818403874113E-03
  2.643452966473E+02  2.673704760971E+02  1.699280279187E+01  1.187180012861E-14  4.518835996648E-03  2.910751743247E+02  6.180718408671E-01  7.251942458105E-01 -4.679235432842E-01 -7.825337212060E-03  9.171168839629E-02  2.705285805268E+00 -1.819981572432E-03 -4.375228065631E-02  4.557226222809E-02 -2.870716159457E-02  1.169103652080E-04 -1.879526186442E-06  1.494451211955E-05  8.428873478619E-06  7.749044189484E-02  1.879526193734E-06  1.783602345722E-04 -8.112435183128E-21 -5.647938101070E-21  4.205876606124E-20 -1.766684885543E-03
  2.703956555468E+02  2.735115903800E+02  1.702171557851E+01  1.261473275375E-14  4.186881192979E-03  2.920272100958E+02  6.188772636094E-01  7.227181688147E-01 -4.645287303130E-01 -7.741258056415E-03  8.219488019378E-02  2.696969062627E+00 -2.953921423599E-03 -4.069512525519E-02  4.364904667892E-02 -2.785826540765E-02  4.598042182840E-04 -3.952685450058E-06  1.322045823324E-05 -2.745244403998E-07  7.353001528019E-02  3.952685471351E-06 -9.220668979686E-04 -8.260660868092E-21 -2.079876114605E-20  5.003136948578E-20 -1.714072579482E-03
  2.766275252132E+02  2.798369380914E+02  1.705005659941E+01  1.359325528296E-14  3.796524051670E-03  2.929602301276E+02  6.194315305316E-01  7.190832348058E-01 -4.610324816647E-01 -7.639422557600E-03  7.023397577294E-02  2.688431069167E+00 -3.972583064702E-03 -3.756456340134E-02  4.153714646592E-02 -2.713943241499E-02  5.780123319826E-04 -9.146009237884E-07  1.182086175628E-05 -1.024703764662E-05  7.005680908399E-02  9.146009440847E-07 -2.018716259621E-03 -4.850370048420E-20 -4.638755256051E-20  3.591278329361E-20 -1.669156250840E-03
  2.830463509696E+02  2.863520462341E+02  1.707792704292E+01  1.342448201214E-14  2.541516990331E-03  2.938794213080E+02  6.197277450004E-01  7.144292770273E-01 -4.574287788348E-01 -7.526613928281E-03  4.355734260609E-02  2.683924562061E+00 -5.226954852584E-03 -3.436387312843E-02  3.959082798104E-02 -2.622910331131E-02  1.021269595145E-03 -9.753521595392E-07  1.145247506782E-05 -1.166023812789E-05  6.779065199602E-02  9.753521482788E-07 -2.939652385567E-03  1.692948546003E-21  1.435947676171E-22  2.528504720380E-20 -1.627329985611E-03
  2.896577414987E+02  2.930626076211E+02  1.710609325771E+01  1.231840266365E-14  1.356187136454E-03  2.948095076330E+02  6.197109143230E-01  7.103567946145E-01 -4.536297430285E-01 -7.341226755797E-03  1.691647682085E-02  2.685488784604E+00 -6.338632918033E-03 -3.109893159956E-02  3.743756451695E-02 -2.578233999144E-02  1.042151601577E-03  6.743509363720E-06  1.161430785587E-05 -6.432052197945E-06  6.630013203321E-02 -6.743509369505E-06 -3.830499371728E-03  1.586047769667E-21 -2.578054623399E-20 -2.524685058190E-21 -1.590921681274E-03
  2.964674737436E+02  2.999744858498E+02  1.713439008961E+01  1.193513054591E-14 -7.209285145302E-04  2.957466432809E+02  6.194081430036E-01  7.080592281655E-01 -4.498008427673E-01 -7.249425971640E-03 -2.430480051901E-02  2.688483788998E+00 -7.551723735001E-03 -2.778854717794E-02  3.534027091210E-02 -2.517390175620E-02  1.546591613905E-03  5.146922067410E-06  1.060733217840E-05 -8.521842692429E-06  6.469744394667E-02 -5.146922080074E-06 -6.095760488733E-03  2.445422149982E-21 -3.300581529997E-20  5.013177942880E-20 -1.568050999195E-03
  3.034814979559E+02  3.070937204253E+02  1.716286311490E+01  1.280721651416E-14 -4.015326141834E-03  2.966941383838E+02  6.189130998792E-01  7.059976353952E-01 -4.458895656156E-01 -7.068464809566E-03 -8.488835377315E-02  2.693791471325E+00 -8.677101142445E-03 -2.439122138063E-02  3.306832252254E-02 -2.500955128887E-02  2.165707409859E-03 -9.303855039353E-06  8.667774104020E-06 -8.762106553280E-06  6.322789047842E-02  9.303855039407E-06 -8.312956063355E-03 -1.427411797349E-20 -8.643387538301E-21  3.665542759908E-20 -1.548598704385E-03
  3.107059428946E+02  3.144265320380E+02  1.719149441939E+01  1.426905757903E-14 -8.261488583766E-03  2.976484304049E+02  6.183171040683E-01  7.042858975532E-01 -4.417955143205E-01 -6.946613426036E-03 -1.609914807429E-01  2.700989625917E+00 -9.874638667327E-03 -2.115501309047E-02  3.102965175783E-02 -2.460042791100E-02  2.543912983045E-03 -8.961902391876E-06  8.619688743673E-06  4.139592905478E-07  6.097995480585E-02  8.961902406708E-06 -9.521781208579E-03 -1.915976796523E-20 -1.884905246670E-20  3.637378238582E-20 -1.522111277494E-03
  3.181471211814E+02  3.219793279992E+02  1.721959001897E+01  1.634675265520E-14 -1.286357785824E-02  2.985912232114E+02  6.175672431867E-01  7.017185668532E-01 -4.374901436267E-01 -6.762079274419E-03 -2.438252125446E-01  2.712651025970E+00 -1.104626154441E-02 -1.784487025604E-02  2.889113180039E-02 -2.413527498687E-02  2.780205650727E-03  1.591826228550E-06  8.482796078319E-06  6.696166399039E-06  5.945480810433E-02 -1.591826202378E-06 -1.034928987006E-02 -2.245592158868E-20 -2.363832110642E-20  2.504218073366E-20 -1.507919124158E-03
  3.258115348169E+02  3.297587078391E+02  1.724850419095E+01  1.808712670378E-14 -1.813429054043E-02  2.995635072185E+02  6.166381219795E-01  6.992796886067E-01 -4.331923652213E-01 -6.622365809683E-03 -3.384433354867E-01  2.728093717174E+00 -1.195362791794E-02 -1.491310737672E-02  2.686673529531E-02 -2.412645424049E-02  2.871269350410E-03 -8.426525762384E-06  6.293051800280E-06  5.834105566684E-06  5.928077231409E-02  8.426525748218E-06 -1.129783432614E-02  1.210224808830E-20 -3.908015340407E-20  4.855224272291E-20 -1.511682900285E-03
  3.337058808614E+02  3.377714690743E+02  1.727813757590E+01  1.917158156765E-14 -2.397072602088E-02  3.005614398401E+02  6.156675823659E-01  6.982386605421E-01 -4.286634068048E-01 -6.410695149856E-03 -4.427669802424E-01  2.743853932711E+00 -1.300211490747E-02 -1.158723321941E-02  2.458934812697E-02 -2.422933584218E-02  3.068637003119E-03 -4.917374553759E-06  4.679608252630E-06  8.129027529207E-06  5.761284090841E-02  4.917374568433E-06 -1.263610698241E-02 -1.982493483633E-20 -1.523953934435E-20 -1.023681632595E-20 -1.502779041383E-03
  3.418370572872E+02  3.460246131465E+02  1.730709714433E+01  2.044621416619E-14 -3.095916514056E-02  3.015352367020E+02  6.148107329366E-01  6.963724717030E-01 -4.241041636696E-01 -6.206259618979E-03 -5.670575605405E-01  2.764550076235E+00 -1.393207918413E-02 -8.137843526297E-03  2.206992271061E-02 -2.388176875402E-02  3.704591666575E-03 -1.995957407171E-06  3.696200053736E-06  8.413110585904E-06  5.705006137773E-02  1.995957408532E-06 -1.326372068610E-02  9.942741452769E-21 -2.707441495135E-20  8.607305259092E-21 -1.511554453034E-03
  3.502121690058E+02  3.545253515409E+02  1.733789461045E+01  2.138292552282E-14 -3.786759296004E-02  3.025736246541E+02  6.139275433758E-01  6.949783711202E-01 -4.193449974316E-01 -5.980983517117E-03 -6.889792900347E-01  2.789882034959E+00 -1.505529408240E-02 -4.855585138444E-03  1.991087922058E-02 -2.454779303231E-02  3.813257615259E-03  6.094546094154E-06  2.451104563516E-06  1.034364728838E-05  5.879788583106E-02 -6.094546089624E-06 -1.261943134492E-02  3.079441166223E-20 -4.599218649095E-20 -2.445557212097E-20 -1.558867692748E-03
  3.588385340760E+02  3.632811120872E+02  1.737051940557E+01  2.174557987381E-14 -4.460419929184E-02  3.036749257647E+02  6.128035622551E-01  6.947212314577E-01 -4.145520556318E-01 -5.663841192644E-03 -8.068065330894E-01  2.816032047032E+00 -1.617497838741E-02 -1.210587499258E-03  1.738556588647E-02 -2.540356115573E-02  3.675867529798E-03  9.303036308133E-06  6.715709418981E-07  9.185727437044E-06  6.016808487784E-02 -9.303036316747E-06 -1.166716317338E-02  5.597913930411E-20 -4.431257681795E-20  1.135545693917E-20 -1.608351761635E-03
  3.677236900983E+02  3.722995454498E+02  1.740469815232E+01  2.190804944865E-14 -5.086710269427E-02  3.048304188146E+02  6.112357837024E-01  6.961678972903E-01 -4.095644933620E-01 -5.553181422536E-03 -9.169835412383E-01  2.841758132135E+00 -1.727804309619E-02  1.971016180041E-03  1.530702691685E-02 -2.611715726721E-02  2.994642878649E-03  6.746288207657E-06 -1.163843605335E-07  2.348137947945E-06  6.100711903696E-02 -6.746288208751E-06 -1.004410329546E-02  2.906207369832E-20 -4.195199355458E-20 -5.217713061048E-21 -1.640892576893E-03
  3.768754008012E+02  3.815885318133E+02  1.744028112874E+01  2.246368716041E-14 -5.609548866299E-02  3.060374825587E+02  6.090091524572E-01  6.969735038135E-01 -4.044275021386E-01 -5.323626557904E-03 -1.008263454920E+00  2.871918677914E+00 -1.828345607674E-02  5.061155111935E-03  1.322230096473E-02 -2.641407195658E-02  2.629444547661E-03  4.085315968722E-06  8.104596985721E-07  4.653743484807E-07  6.126798608841E-02 -4.085315973533E-06 -7.572854842152E-03 -2.302671920400E-20 -2.261109571640E-20  3.235374384598E-24 -1.668968396043E-03
  3.863016628253E+02  3.911561877677E+02  1.747686412084E+01  2.345271199466E-14 -5.976569631059E-02  3.072774949645E+02  6.062812729349E-01  6.980957402663E-01 -3.989409356813E-01 -5.327033925366E-03 -1.071248867321E+00  2.907326738035E+00 -1.941949180900E-02  8.428255823375E-03  1.099123598599E-02 -2.711347846192E-02  2.332284826218E-03  2.117417015203E-06  2.266888088817E-06  1.290096947684E-06  6.287310898710E-02 -2.117417013932E-06 -6.776286664611E-03  3.156849824614E-20 -5.092541638302E-20 -1.556183779877E-20 -1.750199970428E-03
  3.960107127100E+02  4.010108734007E+02  1.751652864608E+01  2.417463972060E-14 -6.430273331242E-02  3.086225466463E+02  6.031700205188E-01  6.987651645105E-01 -3.933017070503E-01 -5.212226798649E-03 -1.149249215947E+00  2.943811422736E+00 -2.011378834101E-02  1.149574381674E-02  8.618044524163E-03 -2.892298361408E-02  2.612001693702E-03 -5.281513719969E-06  4.609141686676E-06 -7.720390376040E-06  6.394404369324E-02  5.281513716483E-06 -7.287026082305E-03  5.831859682800E-20 -1.746960712910E-20 -1.502428629756E-21 -1.829956145071E-03
  4.060110340913E+02  4.111611996027E+02  1.755676955914E+01  2.441407030244E-14 -6.888695105893E-02  3.099882607790E+02  5.997007687322E-01  7.008271305032E-01 -3.874644169455E-01 -5.404329989904E-03 -1.227716297828E+00  2.985280584168E+00 -2.106293446414E-02  1.474826361294E-02  6.314670851597E-03 -2.980050446948E-02  2.780634552648E-03 -8.862393803599E-06  7.722061580564E-06 -1.291857440386E-05  6.673677763219E-02  8.862393805219E-06 -6.659975818856E-03  5.888958502077E-20 -2.472658685773E-20 -1.368788951848E-20 -1.929884556620E-03
  4.163113651141E+02  4.216160355908E+02  1.760248525774E+01  2.448905430293E-14 -7.290171841618E-02  3.115459029409E+02  5.956271159760E-01  7.028040321588E-01 -3.813944058102E-01 -5.134957481603E-03 -1.297015891504E+00  3.030260067738E+00 -2.189828759901E-02  1.782121522390E-02  4.077072374868E-03 -3.207996161376E-02  2.730375061880E-03 -4.643825874660E-06  1.053148379636E-05 -1.282677697567E-05  7.096746026971E-02  4.643825886925E-06 -4.862220559731E-03 -4.891420284227E-22 -4.171645438830E-20  9.618267283174E-21 -2.052443052626E-03
  4.269207060675E+02  4.323845166585E+02  1.765090623195E+01  2.401055396173E-14 -7.534091225367E-02  3.132069840328E+02  5.907621736345E-01  7.021639121653E-01 -3.749895820166E-01 -5.501478931618E-03 -1.338726250829E+00  3.078029128473E+00 -2.284664014515E-02  2.086570068602E-02  1.980939458896E-03 -3.354045028631E-02  2.330779690119E-03 -6.753292194154E-06  1.182033210680E-05 -1.415865255161E-05  7.292621823228E-02  6.753292178847E-06 -5.364397755804E-03  3.981940114277E-20 -1.412005999554E-20 -1.958109910156E-20 -2.132685283603E-03
  4.378483272495E+02  4.434760521583E+02  1.770209852344E+01  2.300396505228E-14 -8.021110921610E-02  3.149703988575E+02  5.852892085657E-01  7.040156014347E-01 -3.684524545715E-01 -5.416285980416E-03 -1.426078121076E+00  3.123226997562E+00 -2.392646505805E-02  2.410721627893E-02 -1.807512214981E-04 -3.454706469131E-02  3.041274478478E-03 -7.023255637772E-06  1.247822387893E-05 -1.778826406982E-05  7.411071578018E-02  7.023255628846E-06 -6.396211300869E-03  4.837832108614E-20 -3.332768692281E-20  1.104674127289E-21 -2.169295737129E-03
  4.491037770670E+02  4.549003337230E+02  1.775515343254E+01  2.239283931893E-14 -8.431090879429E-02  3.168081977896E+02  5.790800714546E-01  7.069962513920E-01 -3.616096646797E-01 -5.752882541075E-03 -1.498984348711E+00  3.173790471577E+00 -2.490019648424E-02  2.691744154510E-02 -2.017245060580E-03 -3.485701539352E-02  2.612740890262E-03 -3.543590725917E-06  1.557742877763E-05 -1.675223650847E-05  7.400714422698E-02  3.543590714602E-06 -4.681307806218E-03  3.056535779144E-20 -2.616744012866E-20 -2.341171701166E-20 -2.180474484313E-03
  4.606968903790E+02  4.666673437347E+02  1.780930097598E+01  2.216858583278E-14 -8.698398794057E-02  3.186864946550E+02  5.717414706600E-01  7.068289950078E-01 -3.544169661512E-01 -5.812407359064E-03 -1.546809027576E+00  3.222890489436E+00 -2.568582027758E-02  2.971152561714E-02 -4.025705339699E-03 -3.490323121183E-02  1.943180920821E-03 -3.579584683358E-06  2.052445899836E-05 -1.247401142281E-05  7.189361237445E-02  3.579584677821E-06 -1.626090575312E-03  3.305557820502E-20 -2.257512192598E-20 -1.649123122662E-20 -2.175683317144E-03
  4.726377970904E+02  4.787873640468E+02  1.786244934642E+01  2.241363171451E-14 -8.675969177929E-02  3.205349202326E+02  5.628515143356E-01  7.030470956752E-01 -3.471126289837E-01 -6.007471882259E-03 -1.545568115492E+00  3.284882386106E+00 -2.641287167645E-02  3.246860912673E-02 -6.055737449144E-03 -3.481580162132E-02  9.069862867168E-04 -1.277349264787E-06  2.366787136791E-05 -9.615852151940E-06  7.089802649055E-02  1.277349273756E-06 -8.816428659594E-05  2.010115853048E-20 -4.259885463083E-20 -3.022735182368E-20 -2.194599491937E-03
  4.849369310031E+02  4.912709849682E+02  1.791834568366E+01  2.204067310607E-14 -8.717177042654E-02  3.224874266051E+02  5.528271270522E-01  6.987049094919E-01 -3.393072400465E-01 -6.257276135414E-03 -1.557625220749E+00  3.342866382023E+00 -2.731647161738E-02  3.515960048897E-02 -7.843128871295E-03 -3.538964467509E-02  8.944504727366E-04  2.814336520288E-06  2.265878350176E-05 -2.420784684718E-06  6.972943670366E-02 -2.814336547535E-06 -1.577060758869E-03  7.501943620130E-20 -3.314020354850E-20 -6.777768333731E-21 -2.188229243255E-03
  4.976050389332E+02  5.041291145172E+02  1.797291997971E+01  2.045915925101E-14 -8.930999008471E-02  3.244065863711E+02  5.420354155531E-01  6.898508824473E-01 -3.316758119336E-01 -6.191329958502E-03 -1.596419105724E+00  3.409374363430E+00 -2.812465124431E-02  3.790128573697E-02 -9.776634491993E-03 -3.462091720361E-02  1.690394390102E-03  6.769060769131E-06  1.872718566355E-05  8.833503702034E-07  6.812578689093E-02 -6.769060752782E-06 -2.595384223515E-03  3.220284032483E-20 -4.245923268248E-21  6.551781025258E-22 -2.166727078975E-03
  5.106531901012E+02  5.173729879527E+02  1.802947071929E+01  1.929635213190E-14 -9.143631649532E-02  3.264056439193E+02  5.309084700256E-01  6.828671915638E-01 -3.234896465239E-01 -6.374268060856E-03 -1.639535967829E+00  3.478807510226E+00 -2.853783555597E-02  4.010997979663E-02 -1.157214424093E-02 -3.489297372709E-02  1.356403456603E-03  2.578464538212E-06  1.665295714321E-05  1.176105957577E-06  6.810287007330E-02 -2.578464551466E-06 -3.952148696354E-03  1.833157110782E-20 -9.960294096429E-21 -3.997189180090E-20 -2.195850753224E-03
  5.240927858042E+02  5.310141775913E+02  1.808735659463E+01  1.794173895101E-14 -9.599436553361E-02  3.284603760678E+02  5.196029547875E-01  6.734312598707E-01 -3.150316304241E-01 -6.219126274205E-03 -1.726357877037E+00  3.564480126650E+00 -2.871894202485E-02  4.243205916279E-02 -1.371311713814E-02 -3.570868150688E-02  2.097431721156E-03 -2.023639022025E-06  1.515783199866E-05 -3.670283886947E-06  7.095247394302E-02  2.023639006456E-06 -5.070452160231E-03  2.576195390150E-20 -1.819130279495E-20 -3.915931345285E-20 -2.308839601565E-03
  5.379355693784E+02  5.450646029190E+02  1.815229077702E+01  1.603341880559E-14 -1.002396415830E-01  3.307718086545E+02  5.076734715541E-01  6.603048344085E-01 -3.064773700379E-01 -6.335326087614E-03 -1.813119603149E+00  3.651547594970E+00 -2.899424436058E-02  4.480355196341E-02 -1.580930760376E-02 -3.837340911848E-02  2.435951611572E-03  1.869856301735E-06  1.214031847813E-05 -3.318967230255E-06  7.228844247510E-02 -1.869856317655E-06 -5.347729040675E-03  2.165688503618E-20 -1.989926670427E-20 -2.242719705133E-20 -2.421197141547E-03
  5.521936364597E+02  5.595365410066E+02  1.821618584826E+01  1.517514007972E-14 -1.055113267217E-01  3.330547919430E+02  4.948557256090E-01  6.462281714011E-01 -2.979964353108E-01 -6.268923762010E-03 -1.912377594024E+00  3.731287436507E+00 -2.929729377840E-02  4.691932563441E-02 -1.762203185562E-02 -3.871411395079E-02  2.458557347988E-03  5.046392519167E-06  9.582024040856E-06 -2.607321989166E-06  7.093780086023E-02 -5.046392518232E-06 -5.096855710521E-03  8.250391247967E-21 -2.617845229158E-20 -3.153778314703E-20 -2.450493107771E-03
  5.668794455535E+02  5.743794455535E+02  1.828247190825E+01  1.513240458865E-14 -1.095928457557E-01  3.354299461927E+02  4.826265838792E-01  6.260968186203E-01 -2.889393821207E-01 -6.329771347379E-03 -1.990511199033E+00  3.767623350513E+00 -2.973889725751E-02  4.813511951475E-02 -1.839622225702E-02 -3.939870880142E-02  1.831623432441E-03  6.964496338345E-06  6.832282679629E-06 -2.811407801243E-06  6.855918025209E-02 -6.964496353703E-06 -3.129235963942E-03  2.519022782787E-20 -4.174455005524E-20 -3.129089070685E-20 -2.398582757609E-03
  5.818794455535E+02  5.893794455535E+02  1.834469014539E+01  1.502462795381E-14 -1.113897166949E-01  3.376656161252E+02  4.718277391203E-01  6.054726224393E-01 -2.800178359145E-01 -6.382011687869E-03 -2.028185295471E+00  3.730122253378E+00 -2.971566254640E-02  4.727563808154E-02 -1.755997553504E-02 -3.648692691862E-02  6.077923873806E-04  5.622804451120E-06  4.205292340493E-06 -3.648804884816E-06  6.483514935565E-02 -5.622804453369E-06 -2.585287685959E-04  1.548901108352E-20 -2.744082256482E-20 -1.236496702586E-20 -2.211102636556E-03
  5.968794455535E+02  6.043794455535E+02  1.840400927364E+01  1.549052321600E-14 -1.100879850589E-01  3.398008396054E+02  4.616450188706E-01  5.824584859154E-01 -2.708992840658E-01 -6.603736851449E-03 -2.007998284512E+00  3.687904827307E+00 -2.956084702467E-02  4.637897851824E-02 -1.681813149372E-02 -3.480353725566E-02 -1.159236095262E-03  1.607502282871E-06  3.330671787562E-06 -6.815528976026E-06  6.383883093235E-02 -1.607502290519E-06  9.448901038082E-04  2.363534403135E-20 -2.649664673046E-20 -1.747543874531E-20 -2.164549663720E-03
  6.118794455535E+02  6.193794455535E+02  1.846434662143E+01  1.581109722315E-14 -1.096174742117E-01  3.419833378022E+02  4.516604021046E-01  5.633604415396E-01 -2.616804105690E-01 -6.665636921319E-03 -2.002240399245E+00  3.648681253666E+00 -2.887301542601E-02  4.554586542958E-02 -1.667285000430E-02 -3.463406356191E-02 -4.553171923329E-04  4.857368421205E-07  4.543819721342E-06 -4.147800093984E-06  6.473252613972E-02 -4.857368401914E-07 -1.522254830123E-04  3.532011544139E-20 -1.929778470322E-20 -2.439791162982E-20 -2.178975655529E-03
  6.268794455535E+02  6.343794455535E+02  1.852531880685E+01  1.532514682286E-14 -1.103730101054E-01  3.441973246549E+02  4.415115335628E-01  5.437415930943E-01 -2.520821697262E-01 -6.828634622223E-03 -2.021507432914E+00  3.606022227484E+00 -2.872827393911E-02  4.492953089940E-02 -1.620125695988E-02 -3.510669920630E-02  1.417534651414E-04  3.314680112108E-06  5.856945448332E-06 -1.778573714618E-06  6.596130135410E-02 -3.314680101854E-06 -5.324088973400E-04  1.998311301200E-20 -8.399320916149E-21 -4.513668367406E-20 -2.195291213014E-03
  6.418794455535E+02  6.493794455535E+02  1.858802809228E+01  1.440702302828E-14 -1.106273329911E-01  3.464838939905E+02  4.315922548213E-01  5.254267114180E-01 -2.426072184093E-01 -7.028854195125E-03 -2.032461966192E+00  3.554678352641E+00 -2.771050490289E-02  4.363841733710E-02 -1.592791243452E-02 -3.476535586640E-02 -6.676119903530E-05  5.996869339496E-06  6.500312026911E-06 -3.648042165514E-06  6.495791657777E-02 -5.996869349187E-06  3.261461310731E-04  4.443682598336E-20 -1.122012306179E-20 -2.940633216099E-20 -2.126467636540E-03
  6.568794455535E+02  6.643794455535E+02  1.864719345863E+01  1.359312315485E-14 -1.097566554652E-01  3.486447635286E+02  4.215395752549E-01  5.109634842455E-01 -2.326678102916E-01 -6.941351589083E-03 -2.023740293121E+00  3.522902769260E+00 -2.678267120415E-02  4.275506139932E-02 -1.597239019529E-02 -3.358827647204E-02 -4.085165654062E-04  3.466315774475E-07  7.604537464422E-06  4.822533059598E-06  6.437618766889E-02 -3.466315786424E-07  2.345040619828E-03  2.468736001204E-20 -4.618639660062E-21 -4.224522479145E-20 -2.113013196525E-03
  6.718794455535E+02  6.793794455535E+02  1.870880212832E+01  1.331315902427E-14 -1.061912193057E-01  3.509032789281E+02  4.107660587727E-01  4.979243080042E-01 -2.226144764296E-01 -7.199506526905E-03 -1.967620020627E+00  3.480518049094E+00 -2.571393706119E-02  4.174744059250E-02 -1.603350353152E-02 -3.374119986313E-02 -1.072152299995E-03 -2.460877243709E-06  7.867209868967E-06  3.462680895735E-06  6.391981931306E-02  2.460877229358E-06  9.449651696423E-04  3.993851980435E-20 -2.224705185342E-20 -6.514521951797E-20 -2.078429145481E-03
  6.868794455535E+02  6.943794455535E+02  1.876706377891E+01  1.330897718421E-14 -1.079802970073E-01  3.530467880765E+02  3.997665561712E-01  4.870382695482E-01 -2.122709678065E-01 -7.332297836889E-03 -2.005745295162E+00  3.437825128270E+00 -2.533524881068E-02  4.099679895119E-02 -1.566155014134E-02 -3.274827582165E-02  1.454168923658E-04  4.344732270052E-06  6.882716116890E-06 -5.442588461089E-06  6.358759558187E-02 -4.344732270021E-06 -1.342104030814E-03  5.504633573011E-20 -2.327753939302E-20 -4.631412208533E-20 -2.042600741736E-03
  7.018794455535E+02  7.093794455535E+02  1.882804201373E+01  1.391861452482E-14 -1.087624559846E-01  3.553017858555E+02  3.885821012937E-01  4.720779844049E-01 -2.018934847273E-01 -7.368835396978E-03 -2.024451502650E+00  3.373578246657E+00 -2.518343008189E-02  4.015165698412E-02 -1.496822690239E-02 -3.232296218757E-02  4.391260052983E-04  4.586041639872E-06  4.956599880476E-06 -1.781990531739E-06  6.210228563529E-02 -4.586041629396E-06 -2.132972549116E-03  3.083708703567E-20 -7.051350949594E-21 -2.500888855318E-20 -1.945851537998E-03
  7.168794455535E+02  7.243794455535E+02  1.888351770599E+01  1.504257829410E-14 -1.120024441152E-01  3.573562941871E+02  3.769023480845E-01  4.629045909471E-01 -1.912202241907E-01 -7.035897711296E-03 -2.088527576650E+00  3.311754477822E+00 -2.433327139796E-02  3.889014410126E-02 -1.455687270294E-02 -2.995273524606E-02  1.330724793908E-03  5.107504239803E-07  3.916813596769E-06  1.984319448332E-06  5.991735315782E-02 -5.107504183426E-07 -2.318472273621E-03  3.551764234102E-20 -1.154201443940E-20 -3.490928383621E-20 -1.842083819613E-03
  7.318794455535E+02  7.393794455535E+02  1.894039273121E+01  1.524044432322E-14 -1.130766612726E-01  3.594702764696E+02  3.646092734057E-01  4.476341583994E-01 -1.807092067168E-01 -6.877173805168E-03 -2.115343556628E+00  3.249623208150E+00 -2.371490723614E-02  3.788033656498E-02 -1.416542932914E-02 -2.921927724332E-02  7.300545484386E-04 -1.153917559612E-08  2.800010455150E-06 -3.171319459549E-06  5.855052263387E-02  1.153916692305E-08 -2.709719860287E-04 -7.704290452410E-21 -1.393998545594E-20 -5.486148389275E-20 -1.777623720404E-03
  7.468794455535E+02  7.543794455535E+02  1.899330243646E+01  1.417059236157E-14 -1.124864428746E-01  3.614397979636E+02  3.516683749051E-01  4.324244172139E-01 -1.699014318642E-01 -6.355718824488E-03 -2.109046869424E+00  3.209028223737E+00 -2.298693963158E-02  3.725989697062E-02 -1.427295733937E-02 -2.784801971381E-02 -1.407207578330E-04  4.160693921005E-07 -1.397863446720E-06 -1.762053830133E-06  5.933876506039E-02 -4.160693953737E-07  3.703350859989E-04  2.434522282624E-20 -1.910673190230E-20 -4.482360900017E-20 -1.775478712508E-03
  7.618794455535E+02  7.693794455535E+02  1.905164827122E+01  1.238049651224E-14 -1.123635884886E-01  3.636243060919E+02  3.379706700290E-01  4.112757042244E-01 -1.593208287417E-01 -5.708317555508E-03 -2.118192838340E+00  3.158568650333E+00 -2.229567785217E-02  3.632524405216E-02 -1.402956619997E-02 -2.881110855515E-02 -4.416024006388E-06 -3.681364590516E-06 -5.240056014728E-06  2.654048685635E-07  5.988873782862E-02  3.681364595447E-06  1.046845549497E-03  1.667606898272E-20 -6.267412369361E-21 -1.882741544692E-20 -1.744527653351E-03
  7.768794455535E+02  7.843794455535E+02  1.910555108747E+01  1.009610682094E-14 -1.105104638135E-01  3.656456053731E+02  3.239049949340E-01  3.964623742609E-01 -1.484646860052E-01 -5.243291291280E-03 -2.092024233045E+00  3.109130917496E+00 -2.196237559650E-02  3.545745894371E-02 -1.349508334664E-02 -2.691511276276E-02 -2.622111054449E-04 -3.470577054314E-06 -5.692931865961E-06  5.599687522144E-07  5.927472832653E-02  3.470577044592E-06 -5.041227865149E-05  1.277725221793E-20 -5.342199515151E-21 -3.708407008993E-20 -1.682012010360E-03
  7.918794455535E+02  7.993794455535E+02  1.916274701255E+01  7.582587914038E-15 -1.124426479214E-01  3.677978406593E+02  3.099490358841E-01  3.791261131193E-01 -1.380914032900E-01 -4.776620130558E-03 -2.139761371010E+00  3.056742796374E+00 -2.149682363077E-02  3.469612601394E-02 -1.319930238310E-02 -2.705329585145E-02  9.543382657610E-04  1.714761064450E-06 -3.590140668234E-06  2.021268939530E-06  5.764018325943E-02 -1.714761080511E-06 -5.770527225677E-04  2.089059886079E-20 -8.812186006072E-21 -4.953965283854E-20 -1.642439947835E-03
  8.068794455535E+02  8.143794455535E+02  1.921366119462E+01  5.418546976850E-15 -1.115796268809E-01  3.697223682823E+02  2.959884036076E-01  3.644421412649E-01 -1.275659459626E-01 -4.247693787821E-03 -2.134282158762E+00  2.981066224445E+00 -2.084436280658E-02  3.323709427712E-02 -1.239273147045E-02 -2.487759848813E-02  3.848331969410E-04  1.867284814992E-06 -5.115227674489E-07  1.206454518328E-06  5.192055976439E-02 -1.867284833948E-06 -8.356896146790E-04  2.151132643358E-20 -1.244505956043E-20 -3.675967349421E-20 -1.462788313552E-03
  8.218794455535E+02  8.293794455535E+02  1.926014684255E+01  3.872160115696E-15 -1.140109500824E-01  3.714813529681E+02  2.811170786729E-01  3.518891697291E-01 -1.172709199173E-01 -4.049469059401E-03 -2.191615085240E+00  2.916555796479E+00 -2.007292265612E-02  3.215707256510E-02 -1.208414990837E-02 -2.201423829212E-02  6.219265434793E-04  1.706854559107E-06  5.302251048251E-07 -2.343862603007E-06  4.758837875034E-02 -1.706854564984E-06 -3.411721440155E-03  2.537026120333E-20 -8.414427751166E-21 -3.184912174435E-20 -1.316162465744E-03
  8.368794455535E+02  8.443794455535E+02  1.930289587581E+01  2.528653790986E-15 -1.179658866141E-01  3.731024048277E+02  2.650791065719E-01  3.393265749102E-01 -1.067948463165E-01 -3.677870654824E-03 -2.278061011936E+00  2.876942407595E+00 -1.950317388128E-02  3.147950325066E-02 -1.197632936906E-02 -2.025310622577E-02  1.009929492943E-03 -4.786499476087E-06 -7.126887738016E-07 -2.336135318552E-06  4.581303333294E-02  4.786499463914E-06 -4.456240830862E-03  4.021789104420E-20 -1.310864036362E-20 -2.176755469715E-20 -1.240775013852E-03
  8.518794455535E+02  8.593794455535E+02  1.934602546620E+01  1.237367847073E-15 -1.223639333780E-01  3.747386696366E+02  2.478739755953E-01  3.273684067104E-01 -9.647896665592E-02 -3.506731107400E-03 -2.370416465607E+00  2.840698875879E+00 -1.909699938071E-02  3.069020395170E-02 -1.159320457140E-02 -1.968443164725E-02  1.379974559591E-03 -5.227767613743E-06 -3.075550469497E-06 -4.223561147554E-06  4.485506916920E-02  5.227767610116E-06 -3.537718035108E-03  1.069452831561E-20 -1.557997792423E-20 -1.082959928097E-20 -1.215529728179E-03
  8.668794455535E+02  8.743794455535E+02  1.938698802562E+01  6.054601264793E-16 -1.246304482964E-01  3.762984859495E+02  2.301163353725E-01  3.153022452663E-01 -8.622215208367E-02 -3.560016096468E-03 -2.420526690114E+00  2.797352259746E+00 -1.857101246147E-02  2.975904266896E-02 -1.118803020696E-02 -1.903107845252E-02  7.917557569947E-04  2.814028450825E-06 -5.236019157903E-06 -6.324831813385E-06  4.148863455400E-02 -2.814028441127E-06 -3.555011849834E-03  3.461218729680E-20 -1.218860441533E-20 -5.409624405059E-21 -1.149279094269E-03
  8.818794455535E+02  8.893794455535E+02  1.942383079269E+01  4.912152860396E-16 -1.290591008048E-01  3.777030219844E+02  2.121582448993E-01  3.089359705324E-01 -7.575752914868E-02 -2.916183179373E-03 -2.516268380537E+00  2.733658061121E+00 -1.801228061452E-02  2.856633726191E-02 -1.055405664737E-02 -1.745529719390E-02  1.068928095834E-03  8.814023750819E-06 -5.824852263883E-06 -6.753095953392E-07  3.762594763819E-02 -8.814023752798E-06 -2.240623476741E-03  2.470106298991E-20 -1.871461118398E-20 -1.838764194490E-20 -1.013529756119E-03
  8.968794455535E+02  9.043794455535E+02  1.945755704954E+01  9.565519672646E-16 -1.288199452726E-01  3.789921540397E+02  1.934267618704E-01  3.049343106262E-01 -6.531190255478E-02 -2.904868880252E-03 -2.520546403613E+00  2.680991229254E+00 -1.739338398286E-02  2.758567695544E-02 -1.019229297255E-02 -1.508251553630E-02  1.364322125695E-04  6.399669461787E-06 -5.990774522045E-06 -7.244191371732E-07  3.646683613885E-02 -6.399669459442E-06 -1.487145731370E-03  1.385118981210E-20 -1.353623523811E-20 -2.066114521194E-20 -9.183187299410E-04
  9.118794455535E+02  9.193794455535E+02  1.949220899174E+01  1.785996408636E-15 -1.318206829431E-01  3.803258508906E+02  1.734884730379E-01  3.062749628987E-01 -5.541117114620E-02 -2.168594490891E-03 -2.590882661687E+00  2.636934793316E+00 -1.674186632246E-02  2.666717949752E-02 -9.925313175332E-03 -1.446300851743E-02  5.221666122011E-04  1.484699405749E-06 -6.047368632104E-06  1.087335056877E-07  3.673363807495E-02 -1.484699398708E-06  5.319267283822E-04  2.153303807996E-20 -1.614200887121E-20 -2.077630019122E-20 -8.861712689445E-04
  9.268794455535E+02  9.343794455535E+02  1.952642057007E+01  1.771870844491E-15 -1.278091760875E-01  3.816531069288E+02  1.514116187854E-01  3.067875274812E-01 -4.484006086719E-02 -2.017663685143E-03 -2.524451515097E+00  2.604249776797E+00 -1.622408151970E-02  2.589110973806E-02 -9.667028218246E-03 -1.357562706442E-02 -9.904186673803E-04  2.069722078928E-06 -4.292787574628E-06  7.437448822144E-07  3.485591172552E-02 -2.069722096251E-06  3.163597529260E-03  7.505439921004E-21 -3.633914641817E-21 -1.900281261187E-20 -7.837715374111E-04
  9.418794455535E+02  9.493794455535E+02  1.955756292670E+01  1.387118718499E-15 -1.258811498434E-01  3.828679747251E+02  1.260738918428E-01  3.115005629597E-01 -3.492431134396E-02 -1.462970204940E-03 -2.496467057067E+00  2.593942371642E+00 -1.635458103177E-02  2.522141921673E-02 -8.866838184792E-03 -1.149027027697E-02 -9.990436004335E-04  2.877933490917E-06 -2.106576459565E-06 -1.136893036408E-06  3.176048669241E-02 -2.877933490790E-06  2.781967889338E-03 -3.702360583736E-21 -3.843740608197E-21 -2.092670704819E-20 -6.656949868103E-04
  9.568794455535E+02  9.643794455535E+02  1.958599550376E+01  1.503349239077E-15 -1.225671194084E-01  3.839830619664E+02  9.582947598155E-02  3.251561812235E-01 -2.448861247514E-02 -1.260819047049E-03 -2.440424224236E+00  2.609644687811E+00 -1.650257337134E-02  2.506445624246E-02 -8.561882871471E-03 -1.036380759434E-02 -1.155225448446E-03  1.280660797930E-06 -2.124274159140E-06 -1.700959596967E-06  3.511866094650E-02 -1.280660807183E-06  7.844291581381E-04 -1.005011653298E-20  4.486700466896E-22 -2.238406306552E-20 -7.162916366440E-04
  9.718794455535E+02  9.793794455535E+02  1.962342702921E+01  1.396309283475E-15 -1.244114118737E-01  3.854673448694E+02  5.901276882334E-02  3.546458301838E-01 -1.438831066397E-02 -7.405809203298E-04 -2.484929146924E+00  2.804186777346E+00 -1.718105263355E-02  2.749085770636E-02 -1.030980507304E-02 -1.312915874400E-02  3.459190007325E-05 -6.066660802600E-06 -2.741901887844E-06 -3.638334581624E-06  4.914387853139E-02  6.066660801716E-06 -1.593003103079E-03 -1.372193874275E-20  3.422282998213E-21  9.681305752179E-22 -1.052749809430E-03
  9.868794455535E+02  9.943794455535E+02  1.967812993418E+01  5.510350928444E-16 -1.255842399216E-01  3.876584049023E+02  1.220771834694E-02  4.159931463202E-01 -4.196259855240E-03 -2.908536491618E-04 -2.517454153002E+00  2.839225206126E+00 -1.901532968973E-02  3.028964027655E-02 -1.127431058653E-02 -1.835333690907E-02 -5.151255615840E-06 -8.008887965098E-06 -1.464792285631E-06 -5.481254519426E-06  2.917986593536E-02  8.008887955694E-06 -6.184938877136E-04 -1.035309404287E-20  1.596886347918E-21 -2.111147730791E-20 -5.389203517970E-04
