                   y                  ym                   U                   V                   W                 U^2                 V^2                 W^2                  UV                  VW                  UW                VISC               SFSxx               SFSyy               SFSzz               SFSxy               SFSyz                dUdX                dVdX                dWdX                dUdY                dVdY                dWdY                dUdZ                dVdZ                dWdZ              SFSxym
 -4.000000000000E+00 -2.000000000000E+00  0.000000000000E+00  0.000000000000E+00  0.000000000000E+00  0.000000000000E+00  0.000000000000E+00  0.000000000000E+00  0.000000000000E+00  0.000000000000E+00  0.000000000000E+00  0.000000000000E+00  0.000000000000E+00  0.000000000000E+00  0.000000000000E+00  0.000000000000E+00  0.000000000000E+00  0.000000000000E+00  0.000000000000E+00  0.000000000000E+00  0.000000000000E+00  0.000000000000E+00  0.000000000000E+00  0.000000000000E+00  0.000000000000E+00  0.000000000000E+00  0.000000000000E+00
  2.220446049250E-16  2.000000000000E+00  1.019024415476E+01 -1.105947075817E-15 -8.487325345124E-02  1.065732021133E+02  5.583548765928E-02  7.627331491474E-01 -1.669654455264E-01 -1.290409619980E-03 -8.767778531930E-01  1.028373982225E+00 -1.851052005929E-03  7.252607208943E-03 -5.401555202381E-03 -5.386957191026E+00  3.166955252689E-02 -1.158138846838E-03 -1.073335947810E-04  3.206178808842E-05  4.385122591526E+01  1.158138846850E-03 -3.694642796776E-01  4.555242797150E-20 -3.417280098747E-21 -2.357481011139E-20 -1.151908440732E-02
  4.000000000000E+00  6.000000000000E+00  1.173552388168E+01 -2.881554659236E-15 -9.988103463010E-02  1.405061290167E+02  2.222161691216E-01  7.604548860578E-01 -3.264698528072E-01 -4.470088123392E-04 -1.199474386407E+00  5.679608633389E+00  2.382567825506E-01 -2.565549095050E-01  1.829812696253E-02 -1.186345950475E+00 -8.039824658608E-02  3.470339938012E-04 -1.747909562600E-04 -7.594948422036E-06  4.102072005138E+00 -3.470339937875E-04 -2.542041302751E-02  4.607626855089E-20 -2.289408231201E-21  2.544931340522E-21 -8.390109507214E-02
  8.000000000000E+00  1.000000000000E+01  1.224088739069E+01 -2.596365686105E-15 -9.752943663032E-02  1.522406963808E+02  2.687470143034E-01  7.052695755070E-01 -3.183857745059E-01 -7.235676812727E-04 -1.223155386565E+00  5.939384460457E+00  1.350484235994E-01 -3.363478444593E-01  2.012994208589E-01 -6.773580763117E-01 -1.598825681654E-02  2.582074250462E-04 -1.086314212509E-04  1.707548981149E-05  1.953746883391E+00 -2.582074250678E-04  1.096328037784E-02  1.927402390240E-20 -1.433880283335E-21  5.305022384995E-20 -4.087149020484E-02
  1.200000000000E+01  1.400000000000E+01  1.271239218884E+01 -3.825980331162E-16 -9.433996235316E-02  1.639746700349E+02  2.939457183448E-01  6.875977519053E-01 -3.430040439570E-01 -4.167168420705E-04 -1.228307071357E+00  5.841137977565E+00  1.280085030572E-01 -3.099887743632E-01  1.819802712988E-01 -6.390861552612E-01  8.518132455651E-04  1.327499850294E-04 -6.919163744970E-05 -2.057475078330E-05  1.614738432219E+00 -1.327499849437E-04  1.544398377483E-02  5.007744046039E-20  1.005388969483E-20  8.118166586920E-20 -3.470050619059E-02
  1.600000000000E+01  1.800000000000E+01  1.304835589921E+01  1.111067256717E-16 -8.986285786766E-02  1.725403264431E+02  3.140451989399E-01  6.732402893088E-01 -3.428967639438E-01 -4.724671666031E-04 -1.200795231178E+00  5.491375674035E+00  1.055477233361E-01 -2.753330714019E-01  1.697853480658E-01 -4.615104108054E-01 -1.914146607726E-04  1.036947533642E-04 -4.861205143307E-05 -1.825395317979E-05  1.259913668655E+00 -1.036947533445E-04  1.944553576343E-02  4.669339700305E-20 -3.960866585628E-21  8.571138650553E-20 -2.664342362705E-02
  2.000000000000E+01  2.200000000000E+01  1.334234221261E+01 -2.273322300082E-15 -8.470116547916E-02  1.802652541637E+02  3.308077603912E-01  6.648516800822E-01 -3.505113326184E-01 -3.328688362805E-04 -1.156937910092E+00  5.258979365422E+00  9.447248337319E-02 -2.501434980385E-01  1.556710146730E-01 -3.972778448694E-01 -3.010270022616E-03  8.232043868187E-05 -3.478903173110E-05 -9.698592696603E-06  1.067743057351E+00 -8.232043878007E-05  2.107065263122E-02  2.671916581571E-20  2.458105185154E-20  1.228196542582E-19 -2.255887264005E-02
  2.400000000000E+01  2.600000000000E+01  1.358219137415E+01 -5.208493358833E-15 -7.938145036795E-02  1.866838117140E+02  3.448104816704E-01  6.570685086572E-01 -3.514381991767E-01 -4.961633619235E-04 -1.104076761541E+00  5.016504562094E+00  8.230796134986E-02 -2.282849885041E-01  1.459770271531E-01 -3.245274480172E-01 -3.235108061592E-03  3.243583941310E-05 -2.332416622314E-05  3.955883265974E-06  9.043064013756E-01 -3.243583940400E-05  1.932429115883E-02  2.762812321279E-20 -2.066524292884E-20  1.429644510507E-19 -1.892939979417E-02
  2.800000000000E+01  3.000000000000E+01  1.379452809852E+01 -8.106593666022E-15 -7.502800031368E-02  1.924761949327E+02  3.561764530966E-01  6.514968288835E-01 -3.543456465149E-01 -5.631071971653E-04 -1.059863009696E+00  4.816487736859E+00  7.380494306295E-02 -2.107365600493E-01  1.369316169880E-01 -2.833297695716E-01 -2.989035597967E-03  4.063878542570E-05 -1.664251340850E-05  1.255466748554E-05  7.935223589055E-01 -4.063878529137E-05  1.573303453482E-02 -2.447886670403E-20 -7.211092938436E-21  1.650917194502E-19 -1.649405328838E-02
  3.200000000000E+01  3.400000000000E+01  1.397897062709E+01 -1.186074126645E-14 -7.147187141168E-02  1.975788195956E+02  3.652052188070E-01  6.456240347403E-01 -3.549558231116E-01 -6.218223550249E-04 -1.023043107274E+00  4.630702762802E+00  6.610626733427E-02 -1.953401785931E-01  1.292339112606E-01 -2.448081625382E-01 -2.952027394534E-03  4.293215423057E-05 -1.398319511341E-05  1.307989815110E-05  7.043616174167E-01 -4.293215439715E-05  1.387153641412E-02 -6.195656677330E-21  9.842081906805E-21  1.160674136858E-19 -1.449839346770E-02
  3.600000000000E+01  3.800000000000E+01  1.414668809409E+01 -1.843014210574E-14 -6.807832113765E-02  2.022835090358E+02  3.722843001754E-01  6.397435256981E-01 -3.560538967731E-01 -6.906053483574E-04 -9.869473098344E-01  4.474896515254E+00  6.012523563273E-02 -1.824900086272E-01  1.223647729902E-01 -2.199219719213E-01 -3.153061376204E-03  2.152273440802E-05 -1.183682285542E-05  5.495178816928E-06  6.377794256828E-01 -2.152273442706E-05  1.257738083139E-02  4.377802404346E-20 -2.013209120449E-20  1.804913702533E-19 -1.302547974179E-02
  4.000000000000E+01  4.200000000000E+01  1.429785828002E+01 -2.454373322057E-14 -6.519493641459E-02  2.065724481963E+02  3.777234560556E-01  6.335408897201E-01 -3.563131673382E-01 -7.777142022698E-04 -9.545662641529E-01  4.327608759499E+00  5.458663874395E-02 -1.709756915873E-01  1.163890528425E-01 -1.972398424874E-01 -2.603276703084E-03 -2.234620301948E-06 -9.837834046996E-06 -6.880112350821E-06  5.811149781524E-01  2.234620032597E-06  1.118471479095E-02  1.111921279445E-20  1.207703358105E-20  1.252928200032E-19 -1.176323879948E-02
  4.400000000000E+01  4.600000000000E+01  1.443722141891E+01 -2.638539184594E-14 -6.248078262330E-02  2.105697883136E+02  3.818031140757E-01  6.265052764664E-01 -3.566975274269E-01 -8.671418438673E-04 -9.221764106186E-01  4.196543914593E+00  5.013715612436E-02 -1.610971582611E-01  1.109600021364E-01 -1.796374727579E-01 -2.343576700824E-03  2.500867868399E-05 -7.071500177043E-06 -8.835194361436E-06  5.356846537903E-01 -2.500867875657E-05  1.223328098857E-02  2.234093471813E-20  5.927061510144E-21  1.514496956418E-19 -1.072973349603E-02
  4.800000000000E+01  5.000000000000E+01  1.456573160389E+01 -2.666389996529E-14 -5.907862990391E-02  2.142918340759E+02  3.847510684594E-01  6.195693542297E-01 -3.567419728683E-01 -9.173669490847E-04 -8.779876288487E-01  4.078659444482E+00  4.630518834879E-02 -1.525847533213E-01  1.062795649734E-01 -1.640833562538E-01 -3.138781886955E-03  2.530472101499E-05 -4.903580013654E-06 -1.534728652734E-05  4.961677457380E-01 -2.530472095616E-05  1.429822455471E-02 -3.325384576428E-21  1.159422092747E-20  1.587572568427E-19 -9.857458938109E-03
  5.200000000000E+01  5.400000000000E+01  1.468534623621E+01 -2.621893269624E-14 -5.534870644767E-02  2.177864895437E+02  3.868085001343E-01  6.122106010197E-01 -3.568169766351E-01 -9.903680580880E-04 -8.273838872591E-01  3.967873644717E+00  4.322595021965E-02 -1.449765668774E-01  1.017506166567E-01 -1.512613336391E-01 -3.213334742320E-03 -1.033519214280E-05 -3.889976692913E-06 -1.992415499339E-05  4.625600170661E-01  1.033519184541E-05  1.456120260917E-02  9.011112868278E-21 -6.038139124773E-21  1.493803161109E-19 -9.102207149129E-03
  5.600000000000E+01  5.800000000000E+01  1.479694265041E+01 -2.488252283615E-14 -5.178665200328E-02  2.210724347021E+02  3.882373969707E-01  6.047096474603E-01 -3.566695279381E-01 -1.051043547429E-03 -7.779457811189E-01  3.862789878223E+00  4.001618856904E-02 -1.377611146562E-01  9.774492608717E-02 -1.401884093618E-01 -3.133456022055E-03 -7.777877023858E-06 -6.607687730413E-07 -1.282121775835E-05  4.329392143592E-01  7.777877081010E-06  1.378265531876E-02  8.498831071440E-21 -3.920930123255E-21  1.561794286916E-19 -8.465143261255E-03
  6.000000000000E+01  6.200000000000E+01  1.490179907703E+01 -1.865389440137E-14 -4.842727190576E-02  2.241820407440E+02  3.891981621260E-01  5.975576868239E-01 -3.564868362010E-01 -1.138475638890E-03 -7.305632889518E-01  3.769201935413E+00  3.751097513626E-02 -1.314760435050E-01  9.396506836800E-02 -1.308457034834E-01 -3.003623292644E-03  1.716768452642E-05  3.078879087489E-06 -5.994104236848E-06  4.075445340648E-01 -1.716768393675E-05  1.295221071691E-02 -1.737777492588E-20 -5.767853984859E-21  1.176233996550E-19 -7.907660401431E-03
  6.400000000000E+01  6.600000000000E+01  1.500078430109E+01 -1.103510830168E-14 -4.529377596745E-02  2.271385678057E+02  3.898168541336E-01  5.900730342794E-01 -3.562976805367E-01 -1.196773394369E-03 -6.858192193499E-01  3.683729170684E+00  3.548580543996E-02 -1.260604046072E-01  9.057459916631E-02 -1.221650122457E-01 -2.830989512523E-03 -6.237329306596E-06  4.425570135720E-06 -1.174836019380E-05  3.851979397154E-01  6.237329169718E-06  1.182321574536E-02 -1.087620024742E-20  4.943603784540E-21  1.366781427862E-19 -7.397470396382E-03
  6.800000000000E+01  7.000000000000E+01  1.509440047096E+01 -4.701113630323E-15 -4.249607212812E-02  2.299517015035E+02  3.902151928528E-01  5.823471105818E-01 -3.560530410758E-01 -1.264695362889E-03 -6.452968277128E-01  3.600497898697E+00  3.327137352919E-02 -1.207526733645E-01  8.748129983615E-02 -1.146143261838E-01 -2.604687340867E-03 -3.055006279904E-05  5.919389621090E-06 -1.546767753849E-05  3.633796008328E-01  3.055006312796E-05  9.961680972225E-03 -8.796065575679E-21 -1.155300721321E-21  1.364880827217E-19 -6.923505972776E-03
  7.200000000000E+01  7.400000000000E+01  1.518243605990E+01 -5.571630252073E-15 -4.029602196832E-02  2.326139162672E+02  3.904837214097E-01  5.744359180479E-01 -3.557724492235E-01 -1.318599538006E-03 -6.131112612489E-01  3.518871606554E+00  3.132539110766E-02 -1.157692686666E-01  8.444387755759E-02 -1.069075225403E-01 -1.902594852964E-03  6.320910910341E-07  8.017854355560E-06 -6.622968957675E-06  3.436460809782E-01 -6.320911868634E-07  7.948198439596E-03  1.966690687895E-20 -1.738159921325E-20  1.457065667488E-19 -6.484030564106E-03
  7.600000000000E+01  7.800000000000E+01  1.526627717074E+01 -1.623991421664E-14 -3.852061926121E-02  2.351601507441E+02  3.906307391823E-01  5.669910647868E-01 -3.554321143484E-01 -1.333783064243E-03 -5.871456095260E-01  3.443529611867E+00  2.920670250343E-02 -1.109976802056E-01  8.179097770172E-02 -1.005891297383E-01 -1.612752069007E-03  2.252255603830E-06  7.218213599398E-06 -9.701692542649E-06  3.266978433905E-01 -2.252255796084E-06  6.935886147291E-03 -3.016321434391E-20 -1.809380299051E-20  1.190479019928E-19 -6.105137564226E-03
  8.000000000000E+01  8.200000000000E+01  1.534585118038E+01 -2.311805550233E-14 -3.682890151985E-02  2.375879543287E+02  3.906354224071E-01  5.607134654819E-01 -3.550598628667E-01 -1.361882482028E-03 -5.620816513603E-01  3.375816788976E+00  2.751204357811E-02 -1.068603643069E-01  7.934832072942E-02 -9.477596608809E-02 -1.515426878150E-03 -1.556974653092E-06  4.289669392043E-06 -1.568905574866E-05  3.101586181656E-01  1.556974877455E-06  5.371279697289E-03  9.813314391167E-21  7.143423856342E-21  1.467225319718E-19 -5.750397811625E-03
  8.400000000000E+01  8.600000000000E+01  1.542137746627E+01 -3.057007367154E-14 -3.583214662045E-02  2.399030665684E+02  3.904961506144E-01  5.551506296654E-01 -3.546879329025E-01 -1.372024460165E-03 -5.467732733434E-01  3.312762524427E+00  2.609006132309E-02 -1.033612561446E-01  7.727119482101E-02 -8.928765971386E-02 -1.304308363314E-03  9.206882297617E-06  2.017683616414E-06 -1.163774308654E-05  2.945888993688E-01 -9.206882473385E-06  2.849933319320E-03  9.366339788020E-21 -3.611390273913E-21  1.279208968298E-19 -5.420057926414E-03
  8.800000000000E+01  9.000000000000E+01  1.549317660919E+01 -4.393573149973E-14 -3.539815751937E-02  2.421145105855E+02  3.901903680811E-01  5.496756643360E-01 -3.542400267299E-01 -1.390170156731E-03 -5.401174729463E-01  3.254198823248E+00  2.461003066051E-02 -1.000459950529E-01  7.543596439292E-02 -8.415560271890E-02 -8.602276167883E-04  2.614227037980E-06  1.069560460217E-07 -3.462303537656E-06  2.814074096872E-01 -2.614227043677E-06  1.166201775016E-03 -7.200731716285E-21  7.805123368060E-21  1.048379179843E-19 -5.122526990429E-03
  9.200000000000E+01  9.400000000000E+01  1.556209135057E+01 -5.135339693994E-14 -3.523704139155E-02  2.442457853659E+02  3.897892683042E-01  5.446052398343E-01 -3.538729709376E-01 -1.389276300735E-03 -5.383645082609E-01  3.202137471699E+00  2.319355142090E-02 -9.700524704764E-02  7.381169562631E-02 -7.985992537853E-02 -4.737206433408E-04 -5.480522362309E-06 -1.136587839621E-06 -3.149284688355E-06  2.697403151016E-01  5.480522280535E-06  6.332700110746E-04 -3.268373787530E-20 -5.229099251751E-21  9.584673270779E-20 -4.867089749020E-03
  9.600000000000E+01  9.800000000000E+01  1.562805935295E+01 -5.360149534876E-14 -3.508227922581E-02  2.462966139217E+02  3.894256382482E-01  5.397845036051E-01 -3.534110472070E-01 -1.368864692656E-03 -5.370705396522E-01  3.148464233361E+00  2.209066158173E-02 -9.403204647737E-02  7.194138489378E-02 -7.578271633868E-02 -6.978395053305E-05 -2.279927285739E-06 -1.440017830746E-06 -6.326999119151E-06  2.573771533569E-01  2.279927352422E-06  7.409902671597E-04 -4.697394153700E-21  1.250488215618E-21  9.238663452038E-20 -4.609301203997E-03
  1.000000000000E+02  1.020000000000E+02  1.569080761019E+01 -5.959360638066E-14 -3.489179301173E-02  2.482554637446E+02  3.891479953734E-01  5.347755074814E-01 -3.529392566349E-01 -1.341286381503E-03 -5.353074457049E-01  3.095989792634E+00  2.113772307845E-02 -9.130722171816E-02  7.016949863986E-02 -7.171618550724E-02  2.843627866426E-05  4.496876464946E-06 -1.265098336833E-06 -4.933817109577E-06  2.450493579623E-01 -4.496876580225E-06  7.830376499372E-04  4.463844660887E-22  3.947883134021E-21  8.225498688079E-20 -4.368798495924E-03
  1.040000000000E+02  1.060000000000E+02  1.575059507163E+01 -6.098488959198E-14 -3.471669992070E-02  2.501269051446E+02  3.889224576428E-01  5.297376578528E-01 -3.524426694633E-01 -1.319961185485E-03 -5.348599098508E-01  3.047175617618E+00  2.018577255935E-02 -8.872806950698E-02  6.854229694834E-02 -6.820864133499E-02  2.093403082607E-04  1.139279106949E-05 -6.342865863577E-07 -2.496742201929E-06  2.346133802515E-01 -1.139279085849E-05  3.964824147176E-04  3.241883311268E-21  7.629035365319E-21  1.000110215623E-19 -4.174537480982E-03
  1.080000000000E+02  1.100000000000E+02  1.580814641837E+01 -5.811163789754E-14 -3.472503990891E-02  2.519349571926E+02  3.887566061537E-01  5.247013927466E-01 -3.519289043059E-01 -1.281741979224E-03 -5.376626800192E-01  3.001709774010E+00  1.945581237601E-02 -8.645957861638E-02  6.700376623964E-02 -6.530909936158E-02  2.334778293804E-04  8.847165469337E-06 -6.779562315887E-07  5.903460595476E-06  2.266036354341E-01 -8.847165553446E-06 -7.815958562518E-04  9.401946623851E-21 -7.951821885768E-21  1.188703844850E-19 -3.995410070062E-03
  1.120000000000E+02  1.140000000000E+02  1.586391642467E+01 -6.028868954992E-14 -3.514537302206E-02  2.536928300526E+02  3.886792989179E-01  5.194783347877E-01 -3.514310447297E-01 -1.289528822613E-03 -5.469616802650E-01  2.956430557408E+00  1.851423673490E-02 -8.387168587139E-02  6.535744913622E-02 -6.256720467924E-02  2.808699105992E-04 -4.170269102079E-06 -6.254105574084E-07  1.568784458132E-05  2.191286894969E-01  4.170269282284E-06 -2.127927399602E-03  2.036354642792E-20 -5.289853890836E-21  1.337481574393E-19 -3.824883041673E-03
  1.160000000000E+02  1.180000000000E+02  1.591769375661E+01 -6.216533740324E-14 -3.578688738195E-02  2.553931898064E+02  3.887294215879E-01  5.143483543758E-01 -3.508738395432E-01 -1.238492060914E-03 -5.593746617214E-01  2.909145384072E+00  1.779069186887E-02 -8.160013541372E-02  6.380944354453E-02 -5.964970777428E-02  4.140412640286E-04  6.027957585551E-06  7.592812296811E-07  1.316990816867E-05  2.099601971835E-01 -6.027957759454E-06 -2.217010991262E-03  1.257163193455E-20  4.802644180172E-21  1.266904063404E-19 -3.630150175689E-03
  1.200000000000E+02  1.220000000000E+02  1.596888377427E+01 -6.132790831883E-14 -3.623987976992E-02  2.570163685234E+02  3.888223868690E-01  5.093501749147E-01 -3.503445615276E-01 -1.203355585524E-03 -5.685047998868E-01  2.865455775275E+00  1.698209033709E-02 -7.936331020602E-02  6.238121986825E-02 -5.663913421767E-02  2.632887349874E-04  9.999472046251E-06  2.468774091646E-06  3.159599260705E-06  2.019512031862E-01 -9.999472047036E-06 -1.828643202213E-03 -2.114897873188E-20  7.949693863336E-21  9.234425499836E-20 -3.466532759105E-03
  1.240000000000E+02  1.260000000000E+02  1.601864812347E+01 -6.380545975830E-14 -3.672105401115E-02  2.585983533173E+02  3.888413343463E-01  5.048592389369E-01 -3.498227344657E-01 -1.156264248125E-03 -5.777989998930E-01  2.826979634512E+00  1.632089227879E-02 -7.747629077082E-02  6.115539849057E-02 -5.436238309103E-02  1.872211507431E-04  4.748752931173E-06  3.971710351756E-06  3.694336755353E-06  1.951704199265E-01 -4.748753182009E-06 -1.932203528899E-03  8.337307032514E-21 -7.248638840515E-21  1.028573621992E-19 -3.321436467544E-03
  1.280000000000E+02  1.300000000000E+02  1.606643579292E+01 -6.774290084328E-14 -3.720773554222E-02  2.601199282577E+02  3.888103766897E-01  5.005194181268E-01 -3.492378371959E-01 -1.137817031744E-03 -5.868905673639E-01  2.793247533147E+00  1.570066211647E-02 -7.583733056564E-02  6.013666844887E-02 -5.212998724570E-02  2.354563523385E-04  3.858259355270E-06  5.337564708285E-06  1.313705858494E-05  1.877356471845E-01 -3.858259141463E-06 -1.944478989720E-03  3.542410141924E-20 -1.790724372902E-21  8.369878835351E-20 -3.184856361390E-03
  1.320000000000E+02  1.340000000000E+02  1.611249858877E+01 -6.975232891282E-14 -3.766501667461E-02  2.615901338677E+02  3.887932572382E-01  4.964636040813E-01 -3.487063403853E-01 -1.097556980733E-03 -5.954287722650E-01  2.759550939209E+00  1.504887798362E-02 -7.429348890473E-02  5.924461092147E-02 -4.985308327679E-02  3.229182758086E-04  1.150624326405E-05  6.047509326549E-06  1.346415692119E-05  1.820705798180E-01 -1.150624354227E-05 -2.027493892655E-03  1.239983422077E-20 -2.432195160147E-20  8.530699259181E-20 -3.058935417031E-03
  1.360000000000E+02  1.380000000000E+02  1.615747711953E+01 -7.643601159998E-14 -3.821236654979E-02  2.630294116463E+02  3.889031169403E-01  4.929478334413E-01 -3.480948502013E-01 -1.067642223317E-03 -6.057663069002E-01  2.726906251143E+00  1.427535957037E-02 -7.255430322365E-02  5.827894365359E-02 -4.808488629992E-02  3.621989058203E-04  4.932431770122E-06  5.654821834496E-06  7.076839443319E-06  1.759622286474E-01 -4.932431527993E-06 -2.129411794100E-03 -2.549550617969E-21 -1.620899016809E-20  7.473140329795E-20 -2.937340021546E-03
  1.400000000000E+02  1.420000000000E+02  1.620046194640E+01 -8.443480535696E-14 -3.871901588151E-02  2.644085732171E+02  3.891221973916E-01  4.900904283495E-01 -3.474922934160E-01 -1.013249062920E-03 -6.155094977263E-01  2.692895597915E+00  1.349026095585E-02 -7.091504705060E-02  5.742478609464E-02 -4.597513274326E-02  3.937885976534E-04  1.083712264835E-06  5.501395912918E-06  8.206768086117E-06  1.683061267769E-01 -1.083712703663E-06 -2.744612687166E-03  4.670065853356E-20 -9.909183079198E-21  7.264315924260E-20 -2.811852102113E-03
  1.440000000000E+02  1.460000000000E+02  1.624159316973E+01 -8.612481532342E-14 -3.954750142069E-02  2.657298618553E+02  3.893351767216E-01  4.874905623855E-01 -3.468553175536E-01 -9.964073615188E-04 -6.301588265067E-01  2.661908627662E+00  1.287750772435E-02 -6.938220199810E-02  5.650469427342E-02 -4.405512631151E-02  6.321295120739E-04  4.645561140598E-06  6.834994369209E-06  3.928408542189E-06  1.619011336774E-01 -4.645561143456E-06 -3.976470304603E-03 -9.778923838720E-21 -2.201878583127E-21  7.283922573863E-20 -2.700768412121E-03
  1.480000000000E+02  1.500000000000E+02  1.628137859379E+01 -8.694057178465E-14 -4.069015074932E-02  2.670106336118E+02  3.895615393580E-01  4.851525719055E-01 -3.462448843983E-01 -9.529006668398E-04 -6.497220392636E-01  2.633803361938E+00  1.249800793650E-02 -6.802559009127E-02  5.552758215558E-02 -4.239654776533E-02  9.337850572233E-04  6.967972793503E-06  8.939797998553E-06 -5.237434694074E-06  1.562568807289E-01 -6.967972966990E-06 -4.432888344247E-03  4.313458073299E-20 -8.194301970591E-21  1.073679756178E-19 -2.595973224617E-03
  1.520000000000E+02  1.540000000000E+02  1.631969251976E+01 -8.882351798523E-14 -4.178158004613E-02  2.682463700683E+02  3.898753148697E-01  4.829209239220E-01 -3.455626598174E-01 -9.230912962931E-04 -6.687778599523E-01  2.605492888501E+00  1.209385294601E-02 -6.670638322020E-02  5.461253027363E-02 -4.063381179248E-02  1.040232496159E-03  1.183191786597E-05  1.041662181206E-05 -2.704909175591E-06  1.514210005545E-01 -1.183191785438E-05 -4.479191912727E-03  1.466398934638E-20 -1.198141879132E-20  5.249697563082E-20 -2.497849058740E-03
  1.560000000000E+02  1.580000000000E+02  1.635709066253E+01 -8.933013602557E-14 -4.294158385939E-02  2.694552311758E+02  3.902504231942E-01  4.805690043186E-01 -3.448791747946E-01 -8.667085803079E-04 -6.890906735537E-01  2.578484955392E+00  1.165765814444E-02 -6.534515747754E-02  5.368749933249E-02 -3.941079584004E-02  9.591048446690E-04  8.490663566360E-06  1.043872114642E-05  2.594565557999E-06  1.468325675232E-01 -8.490663757658E-06 -4.578003082976E-03  1.989355990301E-20 -1.686741365072E-20  7.546459078497E-20 -2.417581882587E-03
  1.600000000000E+02  1.620000000000E+02  1.639311273249E+01 -8.903523289009E-14 -4.406949499849E-02  2.706212276626E+02  3.906782561593E-01  4.785395228832E-01 -3.441969486409E-01 -8.186177860115E-04 -7.092935156228E-01  2.551670920752E+00  1.114955617082E-02 -6.412960158635E-02  5.298004541621E-02 -3.795918105868E-02  7.819927718421E-04  6.322293826988E-06  9.677112986439E-06 -8.297036476750E-07  1.415461140710E-01 -6.322293735640E-06 -3.816657488555E-03 -1.565448520840E-21 -1.362304090164E-20  7.493434484604E-20 -2.320528777617E-03
  1.640000000000E+02  1.660000000000E+02  1.642784288017E+01 -8.803269253612E-14 -4.485669797227E-02  2.717467953160E+02  3.912277431840E-01  4.768906506434E-01 -3.434806638339E-01 -7.564026337729E-04 -7.239510653856E-01  2.527151797742E+00  1.075413598424E-02 -6.302381646083E-02  5.226968047699E-02 -3.638553467404E-02  6.477226040681E-04  8.456441109463E-06  9.652714864343E-06 -1.038352562750E-06  1.375169151518E-01 -8.456441119256E-06 -3.189373346453E-03  7.340255208898E-21 -3.377812041247E-20  6.480976568153E-20 -2.235937654851E-03
  1.680000000000E+02  1.700000000000E+02  1.646186790100E+01 -8.656346675342E-14 -4.567154676412E-02  2.728514210332E+02  3.919278046250E-01  4.752659945952E-01 -3.427482873287E-01 -6.908640755025E-04 -7.394289597732E-01  2.501183213516E+00  1.022978848951E-02 -6.177345824280E-02  5.154366975259E-02 -3.512426713450E-02  6.559046043241E-04  7.292278176259E-06  1.026761414728E-05  2.517189725194E-06  1.329344293202E-01 -7.292278143844E-06 -3.506715062669E-03  2.866043235271E-20  1.165545543489E-21  5.414167346643E-20 -2.149025658434E-03
  1.720000000000E+02  1.740000000000E+02  1.649435699233E+01 -8.736356863631E-14 -4.662101963710E-02  2.739088789333E+02  3.927079284391E-01  4.736853501929E-01 -3.420389075255E-01 -6.506280149541E-04 -7.571533935013E-01  2.475486786713E+00  9.877152494659E-03 -6.064504090843E-02  5.076788841498E-02 -3.359496124782E-02  7.356763150051E-04  3.889774979378E-06  9.934778971923E-06 -2.494016035073E-07  1.271277375621E-01 -3.889775077802E-06 -4.213538987020E-03  3.041521198609E-20 -8.932540326151E-21  5.751870661057E-20 -2.053428494603E-03
  1.760000000000E+02  1.780000000000E+02  1.652547286996E+01 -8.845051282837E-14 -4.780650923830E-02  2.749231988051E+02  3.935059041486E-01  4.722310408468E-01 -3.412896765062E-01 -5.925740418516E-04 -7.784165149509E-01  2.451207431697E+00  9.538208224506E-03 -5.961372625905E-02  5.007551803419E-02 -3.209655634483E-02  9.196962454694E-04 -4.828032753557E-06  8.644707138361E-06  6.254113315364E-06  1.216179473343E-01  4.828032715939E-06 -4.801845386049E-03  7.533837619826E-20 -9.663259372976E-22  8.067903607137E-20 -1.962709783060E-03
  1.800000000000E+02  1.820000000000E+02  1.655516805715E+01 -8.764864962291E-14 -4.902441019519E-02  2.758936647482E+02  3.942902412289E-01  4.710212322787E-01 -3.405500378586E-01 -5.422280223558E-04 -7.999544934679E-01  2.431774312598E+00  9.254071281459E-03 -5.872597922823E-02  4.947190794632E-02 -3.068837425565E-02  8.866795806498E-04 -4.921552532259E-06  7.627194956935E-06  1.250056949251E-05  1.174153026970E-01  4.921552408496E-06 -4.798371857523E-03  5.539372648416E-20 -1.951553144049E-20  6.554902269013E-20 -1.892102123879E-03
  1.840000000000E+02  1.860000000000E+02  1.658420147078E+01 -8.822571550641E-14 -5.017135835246E-02  2.768442260178E+02  3.951057957310E-01  4.695337706912E-01 -3.397390293100E-01 -4.527078346033E-04 -8.202415443947E-01  2.410618774183E+00  8.933846938316E-03 -5.769192668013E-02  4.875807974236E-02 -2.983441543478E-02  8.200095573353E-04 -5.192622638096E-06  6.919590832248E-06  4.414371695085E-06  1.138227992348E-01  5.192622597552E-06 -4.606343677576E-03  4.556276641363E-20 -1.276036550773E-20  6.321699616511E-20 -1.829291199710E-03
  1.880000000000E+02  1.900000000000E+02  1.661211747067E+01 -9.021675333870E-14 -5.130989393147E-02  2.777598457171E+02  3.959490260909E-01  4.682193794999E-01 -3.390012759666E-01 -4.047045720704E-04 -8.402400424839E-01  2.389793063907E+00  8.778799455032E-03 -5.678883365523E-02  4.801003420009E-02 -2.877885265289E-02  8.288943218794E-04 -6.716231784998E-06  6.584437105289E-06 -2.087744641010E-06  1.101788420729E-01  6.716231710345E-06 -5.014284111764E-03  5.246487897418E-20 -1.172864690849E-21  7.564931286807E-20 -1.771689037871E-03
  1.920000000000E+02  1.940000000000E+02  1.663932019434E+01 -9.023795541815E-14 -5.266230800513E-02  2.786531146633E+02  3.967332783746E-01  4.667911097396E-01 -3.381581407760E-01 -3.302182586522E-04 -8.635621522970E-01  2.368943695950E+00  8.515157361596E-03 -5.588399852247E-02  4.736884116077E-02 -2.779991895365E-02  9.413777186164E-04 -6.627639836858E-06  6.887975755023E-06 -1.546101185367E-06  1.065668975046E-01  6.627639885661E-06 -6.146975517120E-03  5.850570750278E-20 -8.860941403592E-21  5.733311856010E-20 -1.703988599738E-03
  1.960000000000E+02  1.980000000000E+02  1.666542890610E+01 -8.725559829068E-14 -5.435007970293E-02  2.795123983981E+02  3.974645246541E-01  4.659275737047E-01 -3.374082678409E-01 -2.635449130183E-04 -8.922448734580E-01  2.351241499101E+00  8.232715749996E-03 -5.509379970078E-02  4.686108395010E-02 -2.670805197553E-02  9.504163282808E-04 -7.623039393235E-06  7.196230091483E-06 -2.457741549312E-06  1.040624478824E-01  7.623039427718E-06 -7.170382121682E-03  6.637434403509E-20 -8.153900505923E-21  6.044330386392E-20 -1.646245536270E-03
  2.000000000000E+02  2.020600000000E+02  1.669137895356E+01 -8.407923951977E-14 -5.623175698071E-02  2.803664955870E+02  3.980657576440E-01  4.647198445898E-01 -3.365415663165E-01 -1.759560188714E-04 -9.241647421058E-01  2.334479341982E+00  7.575602975843E-03 -5.329588971514E-02  4.572028673960E-02 -2.614684066414E-02  1.295026377808E-03 -4.186549100545E-06  6.533359348303E-06 -5.541102066473E-06  1.020731967285E-01  4.186549142001E-06 -8.068911550961E-03  5.223606314830E-20 -1.318384468024E-20  5.902118297867E-20 -1.626731517841E-03
  2.041200000000E+02  2.062418000000E+02  1.671801930569E+01 -8.352010012411E-14 -5.850759102173E-02  2.812457552678E+02  3.986138078200E-01  4.636802988693E-01 -3.356369960100E-01 -9.976530650757E-05 -9.628174685356E-01  2.320999768144E+00  6.813972078817E-03 -5.148241011461E-02  4.466843803668E-02 -2.586265070314E-02  1.566626304446E-03 -6.457289292868E-06  5.201006391458E-06 -4.995608478022E-06  9.960167364866E-02  6.457289044792E-06 -8.382445052727E-03  2.115699420580E-20 -1.448796866953E-20  4.875843335309E-20 -1.596415429015E-03
  2.083636000000E+02  2.105490540000E+02  1.674422029204E+01 -8.505860107690E-14 -6.068180789896E-02  2.821119615262E+02  3.990234073089E-01  4.625706061163E-01 -3.347157727093E-01  3.091014886828E-05 -9.998790236526E-01  2.306692275063E+00  6.117823680500E-03 -4.981550988915E-02  4.369768620821E-02 -2.522543808968E-02  1.536549563407E-03 -2.922373949560E-06  4.482495326401E-06 -7.757681962015E-06  9.632601221784E-02  2.922374380167E-06 -8.170854663131E-03  8.603916672247E-20 -1.653422244776E-20  8.335042840482E-20 -1.557108115245E-03
  2.127345080000E+02  2.149855256200E+02  1.677065023517E+01 -8.789014785057E-14 -6.298436686309E-02  2.829872284585E+02  3.993170701654E-01  4.614231671224E-01 -3.337696652684E-01  1.076955172519E-04 -1.039022707880E+00  2.293019670730E+00  5.397820121959E-03 -4.807427046457E-02  4.267645034360E-02 -2.462158734540E-02  1.622956706651E-03  1.205659214109E-06  4.017594897921E-06 -7.071676281405E-06  9.349232866407E-02 -1.205659535757E-06 -9.047272476748E-03  6.314500261322E-20 -6.583076173278E-21  7.752230513598E-20 -1.518027724300E-03
  2.172365432400E+02  2.195550913886E+02  1.679684490667E+01 -8.896193605274E-14 -6.578280877041E-02  2.838554541099E+02  3.994707971329E-01  4.606984575179E-01 -3.327751402484E-01  1.986184366483E-04 -1.086589061012E+00  2.282036869179E+00  4.810129479679E-03 -4.648358879891E-02  4.167345931934E-02 -2.393935576827E-02  1.860328737627E-03  2.009028549221E-06  2.810097114375E-06 -1.140113793421E-07  9.051960921554E-02 -2.009028431078E-06 -9.698062717788E-03  2.851373931138E-20  2.800267287616E-21  7.173840658904E-20 -1.482650761001E-03
  2.218736395372E+02  2.242617441303E+02  1.682311322319E+01 -8.891540451688E-14 -6.858182162065E-02  2.847285495032E+02  3.994655471954E-01  4.603427190248E-01 -3.316958273526E-01  3.106860709179E-04 -1.134680650078E+00  2.272852441503E+00  4.182023191174E-03 -4.485629130287E-02  4.067426811143E-02 -2.354193781803E-02  1.770426416754E-03  1.932052819566E-06  1.613840651293E-06 -3.341382212057E-06  8.826013022586E-02 -1.932052953323E-06 -9.108118871316E-03  4.690674986090E-20  7.428632406084E-21  4.289855921173E-20 -1.455804919855E-03
  2.266498487233E+02  2.291095964542E+02  1.684951171991E+01 -9.169911648948E-14 -7.120028722010E-02  2.856072449511E+02  3.994048447288E-01  4.595318364202E-01 -3.306560516795E-01  3.926796939429E-04 -1.179843654481E+00  2.262643880596E+00  3.579289970670E-03 -4.307534988792E-02  3.949605991680E-02 -2.313741205033E-02  1.645714992681E-03  7.211909983787E-06  8.019591956509E-07 -9.908827454682E-06  8.634849230610E-02 -7.211909885182E-06 -8.517015420594E-03  3.696028112858E-20  3.118157217839E-21  3.879596953090E-20 -1.435013147256E-03
  2.315693441850E+02  2.341028843478E+02  1.687619287212E+01 -9.525810826129E-14 -7.382933840653E-02  2.864967347379E+02  3.993269811221E-01  4.591174305722E-01 -3.294577958961E-01  5.013225157850E-04 -1.225431267810E+00  2.252391082174E+00  2.774462002515E-03 -4.118762409474E-02  3.841316209279E-02 -2.270784125747E-02  1.672024934736E-03  9.365361300266E-06 -2.248471285158E-07 -7.005649616093E-06  8.432817710098E-02 -9.365361348433E-06 -8.382950625155E-03  5.061743298537E-20  6.069693488919E-21  6.331589258497E-20 -1.408521444153E-03
  2.366364245106E+02  2.392459708782E+02  1.690290326263E+01 -9.599473984447E-14 -7.651922275607E-02  2.873875817651E+02  3.992615666414E-01  4.586551850900E-01 -3.283052933702E-01  5.725723286969E-04 -1.272123900629E+00  2.242619865950E+00  2.080175566948E-03 -3.926401491732E-02  3.718383935063E-02 -2.237037626400E-02  1.686739759199E-03  8.615420871002E-06 -1.306169248653E-06 -1.020066190473E-05  8.223432229160E-02 -8.615420994496E-06 -7.868126065841E-03  5.600084769400E-20 -5.519842869283E-21  5.994116023264E-20 -1.385887706034E-03
  2.418555172459E+02  2.445433500046E+02  1.692981661718E+01 -9.300743844792E-14 -7.897470122648E-02  2.882854370324E+02  3.992896617660E-01  4.589846987596E-01 -3.269998664327E-01  6.455463194911E-04 -1.314399058622E+00  2.233055970340E+00  1.315178985686E-03 -3.731785059612E-02  3.600267161030E-02 -2.202843247441E-02  1.583277135999E-03  1.366314433913E-05 -1.387656637210E-06 -1.476142949905E-05  7.898935531267E-02 -1.366314432937E-05 -7.984621589587E-03  1.031372200802E-19  1.040003403630E-20  4.438283388406E-20 -1.354289002036E-03
  2.472311827633E+02  2.499996505047E+02  1.695596167315E+01 -8.961443772378E-14 -8.190506496897E-02  2.891587442220E+02  3.994314867845E-01  4.597074556175E-01 -3.257793888063E-01  6.921953568868E-04 -1.364622487537E+00  2.221752335546E+00  5.337955902310E-04 -3.541235683181E-02  3.487856124166E-02 -2.130796419979E-02  1.768619038066E-03  1.455009913649E-05 -7.213609222338E-07 -1.553531938218E-05  7.567613782150E-02 -1.455009905427E-05 -8.754576056930E-03  9.884515676522E-20 -1.210681233870E-20  2.460270827436E-20 -1.314384956858E-03
  2.527681182462E+02  2.556196400198E+02  1.698217359667E+01 -8.962504328101E-14 -8.504772825018E-02  2.900358885878E+02  3.996185880196E-01  4.596213706096E-01 -3.243953137525E-01  8.208752616774E-04 -1.419053277298E+00  2.211590212836E+00 -1.287971714385E-04 -3.335185646834E-02  3.348065363905E-02 -2.080103419603E-02  1.848477784733E-03  9.908655167772E-06 -4.437454617291E-07 -1.583356561685E-05  7.201591537351E-02 -9.908655245713E-06 -8.890189284048E-03  1.055151264201E-19  8.413305446653E-22  2.691215694762E-20 -1.272460743462E-03
  2.584711617935E+02  2.614082292204E+02  1.700729017458E+01 -9.156171379536E-14 -8.824310995145E-02  2.908761735211E+02  3.997548106583E-01  4.591757982111E-01 -3.230004646136E-01  8.978156275133E-04 -1.474585572182E+00  2.203696912110E+00 -8.413036439901E-04 -3.122787186373E-02  3.206917550772E-02 -1.990769708081E-02  1.959660718058E-03  5.965070302879E-06 -1.141907568425E-06 -1.556373328170E-05  6.866082025160E-02 -5.965070260518E-06 -8.411227238701E-03  8.904571382388E-20 -1.395829605733E-20  2.627317564471E-20 -1.228380574783E-03
  2.643452966473E+02  2.673704760971E+02  1.703258499914E+01 -9.146644986552E-14 -9.121413332510E-02  2.917243868616E+02  3.997848401675E-01  4.591004166393E-01 -3.214906811587E-01  1.022379066404E-03 -1.526594977568E+00  2.195630563446E+00 -1.326188731730E-03 -2.931526291336E-02  3.064145164511E-02 -1.940050165695E-02  1.718360449930E-03  1.593081214420E-06 -2.910409518995E-06 -1.363397841234E-05  6.704296274944E-02 -1.593081184916E-06 -6.668978046995E-03  6.086200097304E-20 -9.537175717979E-22  4.877804142848E-20 -1.194135866587E-03
  2.703956555468E+02  2.735115903800E+02  1.705796979221E+01 -8.669088764988E-14 -9.330118478170E-02  2.925778187945E+02  3.997178262875E-01  4.590464927525E-01 -3.199885234607E-01  1.051038933325E-03 -1.562885460593E+00  2.187343037515E+00 -1.956459200284E-03 -2.725020808307E-02  2.920666728288E-02 -1.892722254477E-02  1.335584419890E-03 -1.496907275872E-06 -4.195439187978E-06 -1.233864904905E-05  6.585689670586E-02  1.496907389161E-06 -4.649541292020E-03  6.585054348835E-20 -1.697946530131E-20  4.602898970144E-20 -1.179954342326E-03
  2.766275252132E+02  2.798369380914E+02  1.708386362820E+01 -8.035729008564E-14 -9.487467527453E-02  2.934482164352E+02  3.995604678592E-01  4.589296475399E-01 -3.183139903434E-01  1.114133628004E-03 -1.591255488297E+00  2.185024251967E+00 -2.583101836415E-03 -2.512835613144E-02  2.771145796769E-02 -1.884252545573E-02  1.158639769513E-03 -4.534550902812E-06 -4.288927456650E-06 -9.790934545771E-06  6.405786349926E-02  4.534551033630E-06 -2.398074054010E-03  7.897546739997E-20 -8.532808384691E-21  2.875328901488E-20 -1.165613457481E-03
  2.830463509696E+02  2.863520462341E+02  1.710935416784E+01 -7.918510273845E-14 -9.524800166607E-02  2.943075041042E+02  3.993300941862E-01  4.579934953768E-01 -3.166162873010E-01  1.176007844883E-03 -1.600243709673E+00  2.181694791109E+00 -3.253734082907E-03 -2.302680722635E-02  2.628054130914E-02 -1.844018191331E-02  5.540080345896E-04 -9.290591008707E-06 -3.423597925783E-06 -1.123607179348E-05  6.227822229474E-02  9.290590955404E-06  1.605015776669E-04  1.115165872145E-19 -2.688389849918E-20  2.575382823574E-20 -1.147797747076E-03
  2.896577414987E+02  2.930626076211E+02  1.713531315350E+01 -8.145388490580E-14 -9.474338105150E-02  2.951809191498E+02  3.990056110916E-01  4.560626113894E-01 -3.148686525483E-01  1.288508186398E-03 -1.594624295557E+00  2.179021023084E+00 -3.972765930703E-03 -2.084223130459E-02  2.481499723510E-02 -1.835122879838E-02  1.699473636343E-04 -4.278970972632E-06 -1.860066870195E-06 -9.424010735253E-06  6.036244396109E-02  4.278971002953E-06  2.023128141485E-03  1.061084646078E-19 -1.503554849423E-20  2.456331747837E-20 -1.131166046623E-03
  2.964674737436E+02  2.999744858498E+02  1.716073697777E+01 -8.161228993318E-14 -9.351214589844E-02  2.960382821801E+02  3.986807460505E-01  4.536918095595E-01 -3.129194898314E-01  1.412927857810E-03 -1.576333233844E+00  2.181422991767E+00 -4.678103081572E-03 -1.870941307559E-02  2.338751615737E-02 -1.791722250690E-02 -5.380490025934E-05 -3.310928751335E-06 -9.249869970735E-07 -9.923139116102E-06  5.949791379547E-02  3.310928729905E-06  3.132285681629E-03  6.670499165802E-20  4.669442339277E-21  2.557448958934E-20 -1.127871641435E-03
  3.034814979559E+02  3.070937204253E+02  1.718748055596E+01 -7.858300548185E-14 -9.197862797789E-02  2.969424948308E+02  3.982528982574E-01  4.519863294786E-01 -3.108867506786E-01  1.493636468190E-03 -1.553423275101E+00  2.183810727477E+00 -5.482412695531E-03 -1.655975599743E-02  2.204216869331E-02 -1.814616015136E-02 -2.209309096578E-04 -3.231950029309E-06 -3.467936164497E-08 -1.458582126698E-05  5.802764546852E-02  3.231950085213E-06  3.610368285064E-03  5.451458309069E-20  5.606344070640E-22  3.283666829939E-20 -1.114476358799E-03
  3.107059428946E+02  3.144265320380E+02  1.721313333454E+01 -7.208136615800E-14 -9.022679457469E-02  2.978113110543E+02  3.976803465432E-01  4.513897284467E-01 -3.087403419608E-01  1.676659236764E-03 -1.526666829322E+00  2.188188813190E+00 -6.367177473185E-03 -1.444340256412E-02  2.081058003758E-02 -1.749769210674E-02 -4.334100270477E-04 -9.463299302028E-07  7.791735153298E-07 -1.716510152272E-05  5.582353783602E-02  9.463299891184E-07  3.400488559282E-03  8.150741283118E-20 -3.282653361991E-20  4.155994621070E-21 -1.096498143643E-03
  3.181471211814E+02  3.219793279992E+02  1.723940556930E+01 -6.047234259206E-14 -8.878612528167E-02  2.987027556097E+02  3.970367514660E-01  4.497246100541E-01 -3.064634773769E-01  1.787546657489E-03 -1.506293825989E+00  2.196956366360E+00 -6.996770232301E-03 -1.210955711643E-02  1.910632734889E-02 -1.754165145842E-02 -2.856407129941E-04 -1.242288615227E-06  8.631835763306E-07 -1.625537203114E-05  5.392536686681E-02  1.242288816093E-06  3.569123203820E-03  7.287196790675E-20 -2.141854923203E-20  9.419249719866E-21 -1.076186959626E-03
  3.258115348169E+02  3.297587078391E+02  1.726479995298E+01 -4.837711419971E-14 -8.677926023063E-02  2.995654146260E+02  3.963038178605E-01  4.461317636417E-01 -3.039462539699E-01  1.977549295572E-03 -1.476538895591E+00  2.208384068982E+00 -7.695400745158E-03 -9.901599632183E-03  1.759700037709E-02 -1.687770136941E-02 -4.889319729726E-04 -5.225325189016E-07  1.660637150183E-06 -1.568921115990E-05  5.192213692947E-02  5.225324578803E-07  4.662107853574E-03  1.106084490133E-19  1.568241324598E-20  1.546067355935E-20 -1.056259614610E-03
  3.337058808614E+02  3.377714690743E+02  1.729066776458E+01 -3.768301447792E-14 -8.416341853106E-02  3.004446691489E+02  3.954921421265E-01  4.427796476630E-01 -3.013154611478E-01  2.097399563758E-03 -1.435300329335E+00  2.225050193930E+00 -8.238304044441E-03 -7.956975421343E-03  1.619527946546E-02 -1.698101323867E-02 -7.103608941909E-04  1.228329052898E-06  2.861153554438E-06 -1.526611693339E-05  5.171432607302E-02 -1.228328938982E-06  5.747655546866E-03  6.545250234783E-20 -1.019675878642E-20  2.341209724406E-20 -1.064706626803E-03
  3.418370572872E+02  3.460246131465E+02  1.731738992352E+01 -2.868526235410E-14 -8.093141173523E-02  3.013547890198E+02  3.948187206572E-01  4.395644899650E-01 -2.984694921099E-01  2.287901249947E-03 -1.383381240249E+00  2.236267084364E+00 -8.806924657958E-03 -5.733479350736E-03  1.454040400885E-02 -1.707560835912E-02 -8.939016663631E-04 -3.359623403367E-06  3.487085521993E-06 -1.278586634963E-05  5.119897799454E-02  3.359623407919E-06  5.846975337892E-03  8.890590555545E-20 -1.802336713735E-20  8.941032586769E-21 -1.067428429015E-03
  3.502121690058E+02  3.545253515409E+02  1.734426537122E+01 -2.347440579593E-14 -7.804526050635E-02  3.022694891260E+02  3.942466561318E-01  4.380051091610E-01 -2.955237126557E-01  2.389047997256E-03 -1.336910722927E+00  2.249425102612E+00 -9.345414065803E-03 -3.871975673081E-03  1.321738973826E-02 -1.711481762647E-02 -7.538498113021E-04 -7.586437553856E-06  4.666770755447E-06 -1.318292060471E-05  5.074196565315E-02  7.586437610396E-06  6.124662881878E-03  9.212445097846E-20 -2.705844163580E-21 -8.645853836283E-21 -1.074588779102E-03
  3.588385340760E+02  3.632811120872E+02  1.737209687371E+01 -2.062861654272E-14 -7.434216018355E-02  3.032183169449E+02  3.935891757919E-01  4.341103115468E-01 -2.923796644541E-01  2.616947479636E-03 -1.276855952494E+00  2.264971307809E+00 -9.971686483406E-03 -1.657030657276E-03  1.162871714019E-02 -1.742856797669E-02 -1.085138185316E-03 -1.051476042425E-05  6.846844584870E-06 -1.254514553544E-05  5.094977340192E-02  1.051476043109E-05  6.999161042095E-03  4.268267411486E-20 -4.389388229107E-23  3.983377629787E-21 -1.106339698946E-03
  3.677236900983E+02  3.722995454498E+02  1.740084941789E+01 -2.008140113253E-14 -7.029325777059E-02  3.041994141361E+02  3.927295193360E-01  4.307825568792E-01 -2.891146389080E-01  2.855666651958E-03 -1.209148641648E+00  2.288294713053E+00 -1.074462964625E-02  5.237835005716E-04  1.022084614495E-02 -1.784297999073E-02 -1.206011984290E-03 -3.236226143028E-06  8.793201258342E-06 -9.210851101604E-06  5.118891106681E-02  3.236226132278E-06  8.756773302612E-03  6.109368605004E-20 -2.851783932388E-20 -4.129981132351E-21 -1.127015346863E-03
  3.768754008012E+02  3.815885318133E+02  1.743065095982E+01 -1.882927545075E-14 -6.433165415778E-02  3.052151412601E+02  3.918630859895E-01  4.255993862042E-01 -2.855689727711E-01  3.158110734212E-03 -1.109464620162E+00  2.313715121091E+00 -1.148652809005E-02  2.771949216848E-03  8.714578872936E-03 -1.831674922105E-02 -1.940112210933E-03  2.517080569598E-06  9.261680037139E-06 -9.174360733950E-06  5.105005747834E-02 -2.517080604602E-06  1.096533705420E-02  8.614478545982E-20 -1.448771650003E-20 -1.525661778402E-21 -1.153102764625E-03
  3.863016628253E+02  3.911561877677E+02  1.746101625557E+01 -1.278960249339E-14 -5.737192036021E-02  3.062544649239E+02  3.909265511831E-01  4.206535072971E-01 -2.820222074528E-01  3.493839679317E-03 -9.914476055329E-01  2.342702033074E+00 -1.207795059896E-02  4.631244591297E-03  7.446706007626E-03 -1.842373932351E-02 -2.325715965177E-03  4.348751737750E-06  8.843237735899E-06 -1.254756544229E-05  5.067957878189E-02 -4.348751692703E-06  1.224555342892E-02  5.964809682191E-20 -1.239667506991E-20  4.105357828586E-21 -1.154119856239E-03
  3.960107127100E+02  4.010108734007E+02  1.749218209486E+01 -7.212808186367E-15 -4.946095352075E-02  3.073219113744E+02  3.899102391641E-01  4.169748499303E-01 -2.780365262956E-01  3.632672196714E-03 -8.564459405295E-01  2.365487449016E+00 -1.269727701810E-02  6.660447324136E-03  6.036829693934E-03 -1.866724865914E-02 -2.617308301277E-03 -9.342571245237E-07  7.733126377286E-06 -9.490864122609E-06  5.085058491346E-02  9.342571531432E-07  1.324089464815E-02  6.224352331735E-20 -1.608150630470E-20 -1.866786361702E-20 -1.167666887677E-03
  4.060110340913E+02  4.111611996027E+02  1.752457065070E+01 -8.588071443230E-15 -4.080995409983E-02  3.084350417625E+02  3.886186058718E-01  4.113296393642E-01 -2.741871753032E-01  4.010820044235E-03 -7.067875726079E-01  2.391888330852E+00 -1.329824447836E-02  8.583810158811E-03  4.714434319549E-03 -1.875303650145E-02 -2.955678839815E-03 -1.123378321491E-06  5.569293129343E-06 -9.031504909578E-06  5.143660859166E-02  1.123378286828E-06  1.400249544842E-02  8.231467039071E-20  3.452822623192E-21 -2.243761423902E-20 -1.187421261573E-03
  4.163113651141E+02  4.216160355908E+02  1.755838401644E+01 -1.232121306025E-14 -3.144335842273E-02  3.095981706425E+02  3.867042251019E-01  4.068861847554E-01 -2.699313509886E-01  4.103825155751E-03 -5.454023272035E-01  2.419592538437E+00 -1.383987324538E-02  1.054974115071E-02  3.290132094527E-03 -1.916725202425E-02 -3.202425433842E-03 -2.628917455183E-06  3.728648353547E-06 -1.364286981095E-05  5.080035010604E-02  2.628917479941E-06  1.275831620936E-02  8.483818111580E-20 -1.800843571672E-20 -1.797303200061E-20 -1.186182420216E-03
  4.269207060675E+02  4.323845166585E+02  1.759195104499E+01 -1.607259955914E-14 -2.390364721430E-02  3.107549377447E+02  3.843210025611E-01  4.004019765009E-01 -2.657475776037E-01  4.562242894021E-03 -4.167880678998E-01  2.449435151245E+00 -1.438715415214E-02  1.268989480889E-02  1.697259343274E-03 -1.887346583391E-02 -2.683862872005E-03 -2.950567962104E-06  2.087471633137E-06 -1.277975269483E-05  5.028977524601E-02  2.950567879759E-06  1.068070343363E-02  6.312724996725E-20  3.990559566655E-21 -6.221197592250E-21 -1.191643243130E-03
  4.378483272495E+02  4.434760521583E+02  1.762709676669E+01 -2.246320743709E-14 -1.687086280141E-02  3.119676310372E+02  3.815988564407E-01  3.957619832405E-01 -2.610007513462E-01  4.791260736326E-03 -2.952550261371E-01  2.480986596725E+00 -1.501128691431E-02  1.468903348476E-02  3.222534294847E-04 -1.935284510672E-02 -2.233586540558E-03 -4.604460414352E-06  1.216533910216E-06 -1.411880305802E-05  5.060492943196E-02  4.604460426546E-06  1.044845363334E-02  7.880576825275E-20 -1.739014100985E-20 -1.775270576570E-20 -1.226464261186E-03
  4.491037770670E+02  4.549003337230E+02  1.766313127021E+01 -2.830832125424E-14 -9.231661568604E-03  3.132138972750E+02  3.784648071978E-01  3.903965036689E-01 -2.565808540571E-01  5.467439802783E-03 -1.619930495478E-01  2.525777810874E+00 -1.544768370532E-02  1.646440058662E-02 -1.016716881738E-03 -1.982303251741E-02 -2.481748522636E-03  5.317791041315E-07  2.579650840292E-06 -9.601448389479E-06  5.043397078421E-02 -5.317792057892E-07  8.043041484354E-03  6.278086450774E-20 -1.700867650801E-20 -2.617017738723E-20 -1.253815208344E-03
  4.606968903790E+02  4.666673437347E+02  1.770017433809E+01 -2.947898356265E-14 -5.206016578231E-03  3.144964350811E+02  3.748967711490E-01  3.835576875361E-01 -2.515750263448E-01  5.733027467351E-03 -8.971444971971E-02  2.575816562661E+00 -1.579117338912E-02  1.835939000667E-02 -2.568216617678E-03 -2.028400122741E-02 -1.190530133751E-03  3.542610544321E-06  3.987203377802E-06 -3.934694363267E-06  5.050405474176E-02 -3.542610585065E-06  6.319194273708E-03  6.348739712039E-20 -9.919821856285E-21 -2.737762597116E-20 -1.271324821274E-03
  4.726377970904E+02  4.787873640468E+02  1.773856323629E+01 -2.240981915371E-14  2.342186898664E-04  3.158285547162E+02  3.709022442436E-01  3.776789133886E-01 -2.469129041448E-01  6.325785533714E-03  6.654151995111E-03  2.617008387173E+00 -1.605779005664E-02  1.987613559405E-02 -3.818345537736E-03 -2.050875395939E-02 -1.691906756163E-03  7.566028187993E-06  4.333922935526E-06  5.078044443607E-07  5.105932685099E-02 -7.566028119356E-06  6.056680950995E-03  4.956889993887E-20 -1.326991837991E-20 -1.763078792100E-20 -1.302742671594E-03
  4.849369310031E+02  4.912709849682E+02  1.777870647790E+01 -1.058053196561E-14  4.124820086259E-03  3.172257368399E+02  3.664426351034E-01  3.725401294064E-01 -2.417322076144E-01  6.457274439846E-03  7.428285156832E-02  2.671485073697E+00 -1.662668211767E-02  2.185207060416E-02 -5.225388486075E-03 -2.136298520782E-02 -1.030783779670E-03  4.144100069484E-06  5.031421935428E-06 -4.511170093727E-07  5.192430672920E-02 -4.144100121478E-06  4.335339794676E-03  6.472217267866E-20 -1.766740702814E-21 -2.702987230272E-20 -1.353363290739E-03
  4.976050389332E+02  5.041291145172E+02  1.782078883762E+01  4.968705731145E-15  7.123788289395E-03  3.186925370974E+02  3.615628960158E-01  3.638594485259E-01 -2.366094635491E-01  6.954385557845E-03  1.240419072416E-01  2.728143660966E+00 -1.707234520604E-02  2.352157476968E-02 -6.449229563848E-03 -2.186431561884E-02 -8.008742944608E-04  3.355554509448E-06  5.553750578591E-06  3.481073252608E-06  5.240847301000E-02 -3.355554374966E-06  3.959603720629E-03  6.323897881424E-20 -1.313556588849E-20 -3.771180311226E-20 -1.382220495753E-03
  5.106531901012E+02  5.173729879527E+02  1.786415996920E+01  1.773936676083E-14  1.060321112331E-02  3.202091036797E+02  3.558908467525E-01  3.574903352462E-01 -2.311568711333E-01  7.292478030310E-03  1.826916581924E-01  2.795201675051E+00 -1.746590966985E-02  2.541045067358E-02 -7.944541003654E-03 -2.227953999130E-02 -6.434052629588E-04  2.824238738585E-06  5.032972922998E-06  2.815227770764E-06  5.167552170265E-02 -2.824238723225E-06  3.879711131629E-03  7.875510996226E-20 -8.719724946409E-21 -2.840865499905E-20 -1.393063389296E-03
  5.240927858042E+02  5.310141775913E+02  1.790754077300E+01  1.864933536737E-14  1.364095642167E-02  3.217342381976E+02  3.494208156786E-01  3.522247693154E-01 -2.256989146355E-01  7.843356860893E-03  2.330289743557E-01  2.852759943599E+00 -1.811984040420E-02  2.693634420388E-02 -8.816503799560E-03 -2.218970170103E-02 -5.395630818839E-04 -1.290187686490E-06  5.537369141750E-06 -1.333665731332E-06  5.181325208730E-02  1.290187654582E-06  3.984632490651E-03  2.574051867216E-20 -1.942458895552E-20 -2.704845752872E-20 -1.386744657544E-03
  5.379355693784E+02  5.450646029190E+02  1.795376759165E+01  1.565771803301E-14  1.748776505276E-02  3.233633309813E+02  3.426346552591E-01  3.493678697096E-01 -2.198159863255E-01  8.220233548786E-03  2.974607997446E-01  2.920645579858E+00 -1.820459359806E-02  2.833728822216E-02 -1.013269462419E-02 -2.252442945106E-02 -7.342049614385E-04 -5.942136611490E-06  9.047249468832E-06 -4.143086283704E-06  5.244034999513E-02  5.942136577285E-06  4.318737463139E-03  7.495836283590E-20 -1.796418336426E-20 -6.679432885939E-20 -1.425680066859E-03
  5.521936364597E+02  5.595365410066E+02  1.800102127386E+01  1.960011580121E-14  2.133219091181E-02  3.250311785272E+02  3.354040469026E-01  3.473336919000E-01 -2.138810347817E-01  8.630943696944E-03  3.629640828913E-01  2.986839963043E+00 -1.823887403288E-02  2.961600300286E-02 -1.137712896936E-02 -2.334869414964E-02 -9.381944005144E-04 -6.316864383424E-06  1.052920294993E-05 -2.776256159164E-06  5.360137998114E-02  6.316864401328E-06  4.851969800122E-03  5.848436981356E-20 -1.469237841894E-20 -3.861531225547E-20 -1.511628285372E-03
  5.668794455535E+02  5.743794455535E+02  1.805222027217E+01  2.697593971118E-14  2.638585755462E-02  3.268354291083E+02  3.280450765462E-01  3.462104046161E-01 -2.072100059665E-01  9.096677871139E-03  4.563152443881E-01  3.036456489729E+00 -1.819946777475E-02  3.057884626000E-02 -1.237937848518E-02 -2.479839449665E-02 -1.131674905239E-03 -3.056328620537E-06  8.164052115674E-06 -6.029342757590E-07  5.563407367903E-02  3.056328610144E-06  4.006799131455E-03  5.785357213670E-20 -2.813669673788E-20 -2.833810805728E-20 -1.579095564081E-03
  5.818794455535E+02  5.893794455535E+02  1.810538683444E+01  3.102081005263E-14  2.882533310076E-02  3.287217311900E+02  3.208960476395E-01  3.470480852513E-01 -2.009534931211E-01  9.264301530188E-03  5.054470160199E-01  3.002915150317E+00 -1.786387657754E-02  3.022151307611E-02 -1.235763649871E-02 -2.511092966567E-02 -3.140883521061E-04 -4.950559879964E-06  6.348795063193E-06 -5.608718610095E-07  5.570893017277E-02  4.950559886497E-06  1.754842684273E-03  5.310618196130E-20 -1.334424864502E-20 -3.461180111121E-20 -1.561141181452E-03
  5.968794455535E+02  6.043794455535E+02  1.815671524433E+01  3.490076449774E-14  2.967010252144E-02  3.305474960691E+02  3.137590286815E-01  3.468481224717E-01 -1.943290370410E-01  9.497799462933E-03  5.267232727941E-01  2.969657019022E+00 -1.752450026213E-02  2.976602822323E-02 -1.224152796167E-02 -2.481297443674E-02  6.424143118852E-04 -5.774958022375E-06  5.375695590655E-06  1.090615589275E-06  5.643530190830E-02  5.774958015742E-06  1.817002922739E-03  5.646844469566E-20 -1.113122890958E-20 -6.542001164457E-21 -1.553779668013E-03
  6.118794455535E+02  6.193794455535E+02  1.821116796847E+01  4.039458835423E-14  3.224815543598E-02  3.324959650638E+02  3.065836070256E-01  3.466580243238E-01 -1.879357600850E-01  9.594721901460E-03  5.777331081244E-01  2.955311952081E+00 -1.735113091413E-02  2.977782204591E-02 -1.242669113181E-02 -2.514027360491E-02  1.077420665390E-04 -1.605616992415E-06  4.406423546200E-06  2.742023816810E-06  5.770707916968E-02  1.605616997541E-06  2.343024704309E-03  3.996616725918E-20 -2.560076131662E-21 -1.242550076098E-21 -1.572188408368E-03
  6.268794455535E+02  6.343794455535E+02  1.826484520666E+01  4.255476331559E-14  3.407521478483E-02  3.344241076339E+02  2.994839749391E-01  3.440211869572E-01 -1.811561068802E-01  9.455971091370E-03  6.134795312712E-01  2.936358447642E+00 -1.700120962675E-02  2.942049528643E-02 -1.241928565958E-02 -2.513384262145E-02 -9.641662722622E-06 -5.555087530217E-06  3.083865873159E-06  7.201958318070E-06  5.844722528421E-02  5.555087559963E-06  1.248617250511E-03  3.654626113365E-20 -1.806058315554E-20 -1.296469293294E-20 -1.582338272483E-03
  6.418794455535E+02  6.493794455535E+02  1.832072236081E+01  3.923965116957E-14  3.458892059609E-02  3.364350509301E+02  2.916830851363E-01  3.390805698325E-01 -1.743144467834E-01  9.590831982385E-03  6.247233772549E-01  2.913490382343E+00 -1.645559430047E-02  2.897224938350E-02 -1.251665508289E-02 -2.540297046096E-02  3.661830244220E-04 -4.086170931791E-06  1.704007183082E-06  4.014325189316E-06  5.852578478759E-02  4.086170876530E-06  2.718767917198E-04  4.041658884701E-20 -1.449980420258E-20 -2.192899871885E-20 -1.565908064699E-03
  6.568794455535E+02  6.643794455535E+02  1.837459171328E+01  3.661165569209E-14  3.457204305711E-02  3.383847222636E+02  2.835718281003E-01  3.326794619165E-01 -1.674628142491E-01  9.061547707745E-03  6.240389477838E-01  2.871884668981E+00 -1.617031673606E-02  2.827418067417E-02 -1.210386393806E-02 -2.457454692957E-02  3.463728797564E-04 -1.817891480654E-06  2.401320041880E-06  5.412923136491E-06  5.762052746274E-02  1.817891493939E-06  9.831945909381E-04  6.012331784001E-20 -2.329637983971E-20 -2.544412053657E-20 -1.524623708006E-03
  6.718794455535E+02  6.793794455535E+02  1.842879746857E+01  3.844262856540E-14  3.641335955963E-02  3.403515665204E+02  2.753088389767E-01  3.279720577470E-01 -1.605395788378E-01  9.241264205143E-03  6.559117570499E-01  2.829945048012E+00 -1.582357366094E-02  2.734291298649E-02 -1.151933932521E-02 -2.416377015654E-02 -4.512653937780E-04  2.058990507797E-06  5.378194148752E-06  5.959275539954E-06  5.720184526367E-02 -2.058990558887E-06  6.518959758088E-04  5.434588100554E-20 -1.753582405751E-20 -1.459617335041E-20 -1.476956390405E-03
  6.868794455535E+02  6.943794455535E+02  1.848185434166E+01  3.934210307070E-14  3.578788688903E-02  3.422832125092E+02  2.667913981742E-01  3.203821993291E-01 -1.534209304127E-01  8.836809598966E-03  6.434515644253E-01  2.799893556853E+00 -1.600060932948E-02  2.708820970785E-02 -1.108760037823E-02 -2.305843750051E-02  3.349308842221E-06 -8.323045780670E-07  6.436831161816E-06  2.405353488915E-06  5.512448727170E-02  8.323045763044E-07 -2.627503315888E-04  4.193245034027E-20 -7.270055245095E-21 -1.688649699658E-20 -1.396310711156E-03
  7.018794455535E+02  7.093794455535E+02  1.853213166583E+01  3.806555591568E-14  3.593032460508E-02  3.441140862962E+02  2.582173547241E-01  3.148719811664E-01 -1.461813197068E-01  9.059546777201E-03  6.464691306255E-01  2.757069929903E+00 -1.564439647880E-02  2.649598727020E-02 -1.085159079134E-02 -2.171897605302E-02 -7.019552303350E-05  1.185824712170E-06  5.502913007260E-06  3.195743583237E-06  5.321046328192E-02 -1.185824717298E-06 -3.615493437712E-04  4.997501295425E-20 -1.151307437964E-20 -3.484232916976E-20 -1.352345444596E-03
  7.168794455535E+02  7.243794455535E+02  1.858160957148E+01  4.126507685900E-14  3.512017262421E-02  3.459163690168E+02  2.499584779125E-01  3.060785802883E-01 -1.389164225621E-01  8.606181172491E-03  6.336560840287E-01  2.727723621579E+00 -1.536457300765E-02  2.623366575954E-02 -1.086909275156E-02 -2.155357466355E-02  5.508860950645E-04 -1.859770779628E-06  4.127975473095E-06  6.576957369562E-06  5.132093116646E-02  1.859770811510E-06 -6.678692859723E-04  5.397185901667E-20 -5.859001517671E-21 -3.397757513465E-20 -1.320428586644E-03
  7.318794455535E+02  7.393794455535E+02  1.862834967178E+01  4.431536648059E-14  3.467548226914E-02  3.476194360382E+02  2.420829673333E-01  2.995752426590E-01 -1.316559556865E-01  8.399993677526E-03  6.286967220002E-01  2.689537316872E+00 -1.507227046934E-02  2.569353170900E-02 -1.062126123946E-02 -2.063276979770E-02  4.874157426789E-04 -5.682724546765E-06  2.798593105161E-06  6.405070840938E-06  5.094237887346E-02  5.682724515578E-06 -2.653831680840E-03  2.185132564530E-20 -2.063746191466E-20 -5.332361969719E-21 -1.281793579682E-03
  7.468794455535E+02  7.543794455535E+02  1.867713289035E+01  4.400737384456E-14  3.011419970114E-02  3.494065830160E+02  2.342078469280E-01  2.902003570793E-01 -1.243173324468E-01  7.926405352058E-03  5.459827406347E-01  2.660569649884E+00 -1.491860562303E-02  2.520403353726E-02 -1.028542791423E-02 -2.057879819184E-02  9.567879839137E-04 -3.928190788728E-06  2.314372308608E-06  5.659739514451E-06  5.150858465275E-02  3.928190802848E-06 -2.886405148291E-03  2.821187978215E-20 -1.120845374171E-20 -1.597761060207E-20 -1.273070873357E-03
  7.618794455535E+02  7.693794455535E+02  1.872494854331E+01  4.201069266768E-14  2.921529108695E-02  3.511598813629E+02  2.262828628305E-01  2.810328002120E-01 -1.168700373911E-01  7.395338694771E-03  5.328881222766E-01  2.614750092874E+00 -1.432921866633E-02  2.439001826299E-02 -1.006079959680E-02 -2.006400287493E-02  1.022128643716E-04 -8.968730858031E-07  1.466133721242E-06  7.831964850522E-06  5.088056694490E-02  8.968730845581E-07 -1.139327794512E-03  3.375220374511E-20 -6.495722761715E-21 -1.946086412418E-20 -1.250114222306E-03
  7.768794455535E+02  7.843794455535E+02  1.877252935554E+01  3.607865771184E-14  2.796162848174E-02  3.529119198526E+02  2.180070677476E-01  2.714504194959E-01 -1.097368518102E-01  6.885047942936E-03  5.114498956468E-01  2.563214188300E+00 -1.379631781243E-02  2.349101827701E-02 -9.694700464256E-03 -1.973262094962E-02  2.387870679228E-04  4.538709677870E-06  7.636490015753E-07  5.920289939846E-06  5.041092607348E-02 -4.538709713318E-06 -1.828154544931E-03  1.650159978940E-20 -3.389636436702E-21 -2.001871181481E-20 -1.210111992577E-03
  7.918794455535E+02  7.993794455535E+02  1.881945697985E+01  2.900668854416E-14  2.579660807471E-02  3.546423847566E+02  2.094816627144E-01  2.621284648484E-01 -1.022873351956E-01  6.056211665640E-03  4.743648662931E-01  2.511132456695E+00 -1.327589206856E-02  2.260016295347E-02 -9.324270884790E-03 -1.898250182475E-02  2.636772587755E-04  6.678189356968E-06  1.929905005124E-07  2.467618788345E-06  4.807955234697E-02 -6.678189372044E-06 -8.677627835947E-04  1.884621433316E-20 -1.821859282522E-20 -2.326356535192E-20 -1.141188888245E-03
  8.068794455535E+02  8.143794455535E+02  1.886267473959E+01  2.334357620398E-14  2.632845836049E-02  3.562439514749E+02  2.007245204670E-01  2.532691257888E-01 -9.500900123842E-02  5.537709479766E-03  4.867143341621E-01  2.476207131167E+00 -1.284390747121E-02  2.186071913032E-02 -9.016811659229E-03 -1.746747445796E-02 -1.696493299351E-04  6.307106801967E-06  1.035888275495E-06 -9.650302556519E-07  4.572244601180E-02 -6.307106873847E-06 -8.607939339280E-04  2.034910691490E-20 -1.815770891458E-20 -3.198418160303E-20 -1.068882644023E-03
  8.218794455535E+02  8.293794455535E+02  1.890519901185E+01  1.717039357918E-14  2.416551689557E-02  3.578267537810E+02  1.918231689231E-01  2.435077578739E-01 -8.747627018889E-02  4.646765355113E-03  4.463090038505E-01  2.434530405013E+00 -1.232528424123E-02  2.095439974379E-02 -8.629115502757E-03 -1.671104393082E-02  2.882471470779E-04  6.528530570994E-06  2.579586832135E-06 -2.647524346562E-06  4.359385127048E-02 -6.528530591411E-06 -1.731430483490E-03  1.222383140686E-20 -5.954555316495E-21 -2.198360566987E-20 -9.981212557554E-04
  8.368794455535E+02  8.443794455535E+02  1.894442821703E+01  1.339681837687E-14  2.307098805186E-02  3.592886716574E+02  1.821275169440E-01  2.345614757080E-01 -8.003189256154E-02  3.969296775905E-03  4.272330136821E-01  2.382964245163E+00 -1.222213894344E-02  2.037994001074E-02 -8.157801067188E-03 -1.518130561355E-02  3.164433068573E-04  5.005272783104E-06  3.169776747428E-06 -2.722703133263E-06  4.151666629943E-02 -5.005272831395E-06 -2.628795665550E-03  4.037020604690E-20 -3.081988882492E-20 -1.905195055197E-20 -9.182355277096E-04
  8.518794455535E+02  8.593794455535E+02  1.898305335461E+01  1.363387498963E-14  1.922737286566E-02  3.607350237899E+02  1.713179107824E-01  2.246561504264E-01 -7.263053016528E-02  2.982550161625E-03  3.575050084749E-01  2.344405382933E+00 -1.216043382861E-02  1.998416156711E-02 -7.823727738460E-03 -1.422551921186E-02  1.074112474630E-03 -1.672275817289E-07  2.738297542920E-06  6.128506965519E-06  3.926105067247E-02  1.672275789902E-07 -4.739794466104E-03  2.820062876836E-20 -1.745198880206E-20 -2.592052661802E-20 -8.570224231900E-04
  8.668794455535E+02  8.743794455535E+02  1.901805508445E+01  1.528268137041E-14  1.417748883033E-02  3.620457176834E+02  1.593656353745E-01  2.178217783690E-01 -6.501186023265E-02  2.380531707643E-03  2.645136488603E-01  2.296725230722E+00 -1.213453485401E-02  1.977780428144E-02 -7.643269427310E-03 -1.319009448111E-02  1.705483613602E-03 -1.061089167366E-06  1.883328257418E-06  8.946417586380E-06  3.580959515782E-02  1.061089160329E-06 -6.633627579280E-03  3.405018856782E-20 -2.076426433930E-20 -1.769656263690E-20 -7.874847219869E-04
  8.818794455535E+02  8.893794455535E+02  1.905019154424E+01  1.511297684220E-14  6.798250334054E-03  3.632523358207E+02  1.464034248947E-01  2.114928944986E-01 -5.761515622275E-02  1.634352461331E-03  1.262017394280E-01  2.273185547769E+00 -1.202564583810E-02  1.953176622880E-02 -7.506120390352E-03 -1.205904398700E-02  1.844454795919E-03 -2.481438137404E-06  1.989452876517E-06  4.790992938182E-06  3.372515302102E-02  2.481438132150E-06 -6.049364677781E-03  1.626147739402E-20 -1.428750151944E-20 -9.688837006266E-21 -7.325744244509E-04
  8.968794455535E+02  9.043794455535E+02  1.908127700323E+01  1.514772566639E-14  2.844388514139E-03  3.644213644271E+02  1.328562604164E-01  2.078208879978E-01 -4.995951349830E-02  1.301883838976E-03  5.429545834663E-02  2.230843902725E+00 -1.163821803274E-02  1.863582061791E-02 -6.997602584875E-03 -1.123259543211E-02  1.308646778642E-03 -1.368778188421E-06  2.028941548320E-06  8.218282418656E-08  3.166846242492E-02  1.368778155917E-06 -6.060628208749E-03  1.945196674102E-20 -1.721322291944E-20 -4.022348962497E-20 -6.558635633153E-04
  9.118794455535E+02  9.193794455535E+02  1.910956498581E+01  1.739121433669E-14 -4.565690764787E-03  3.654874398463E+02  1.187367186652E-01  2.043646508715E-01 -4.247144079459E-02  6.454825695347E-04 -8.328522919280E-02  2.185532202510E+00 -1.118901811347E-02  1.794046028943E-02 -6.751442175775E-03 -1.000369208171E-02  1.752854876988E-03 -9.743123602854E-07  1.960924798966E-06 -3.600066438976E-06  2.995560017681E-02  9.743123880140E-07 -6.753879103491E-03  1.232303662850E-20 -1.347555924766E-20 -2.662756910785E-20 -6.174445327355E-04
  9.268794455535E+02  9.343794455535E+02  1.913743998658E+01  1.850481790369E-14 -9.834208335313E-03  3.665427804450E+02  1.033642605765E-01  2.053225560349E-01 -3.477548698424E-02  3.701286702946E-04 -1.820393991300E-01  2.145467448249E+00 -1.070714966245E-02  1.727039401020E-02 -6.563244347658E-03 -9.646490642683E-03  1.421099125825E-03  9.330833531942E-08  7.167639100547E-07 -3.814619903528E-06  2.887968875882E-02 -9.330839202904E-08 -6.855008279403E-03  1.381297636859E-20 -2.044595919702E-20 -2.677432198112E-20 -5.808236416023E-04
  9.418794455535E+02  9.493794455535E+02  1.916371892260E+01  1.727167772229E-14 -1.743870387567E-02  3.675436838839E+02  8.582005600126E-02  2.094729093538E-01 -2.689050562004E-02 -2.141622664222E-04 -3.270880839979E-01  2.138519951091E+00 -1.070755819382E-02  1.687896123234E-02 -6.171403038743E-03 -8.878269012427E-03  1.986651133377E-03  3.721020516049E-06 -3.295074698077E-07  1.276723524994E-06  2.826159651425E-02 -3.721020502374E-06 -1.042456020323E-02 -1.571115801221E-21  3.684029215488E-22 -1.538338111501E-20 -5.442987300324E-04
  9.568794455535E+02  9.643794455535E+02  1.919045466321E+01  1.483644833146E-14 -2.937348354022E-02  3.685670561640E+02  6.519896722252E-02  2.170930491013E-01 -1.897235662518E-02 -4.090354754039E-04 -5.545459911801E-01  2.149861350097E+00 -1.036035137977E-02  1.651733536079E-02 -6.156983980798E-03 -8.474918652341E-03  2.709326500123E-03  6.406291378824E-06  3.124431286392E-07  2.163365472842E-07  3.290260127135E-02 -6.406291446619E-06 -1.201081755159E-02  3.650421602492E-21  7.905306949112E-22 -9.098986749348E-21 -5.591782908076E-04
  9.718794455535E+02  9.793794455535E+02  1.922543145286E+01  9.921626888121E-15 -3.993867173479E-02  3.699137149512E+02  4.029524534084E-02  2.340587766798E-01 -1.102929287765E-02 -3.042775587869E-04 -7.603442151983E-01  2.309487790108E+00 -1.104643002176E-02  1.867008177737E-02 -7.623651755932E-03 -1.003360246899E-02  2.623953822681E-03  3.395359542619E-06 -1.619882089706E-07  1.238962868714E-06  4.227189124160E-02 -3.395359550492E-06 -8.738781931039E-03  1.925242018851E-20  8.347105948124E-22  1.354558795794E-21 -7.637399365862E-04
  9.868794455535E+02  9.943794455535E+02  1.926970553456E+01  3.094846608443E-15 -4.574870908916E-02  3.716442936459E+02  8.365211854985E-03  2.768320604474E-01 -3.242910773440E-03 -1.632643172933E-04 -8.731644917468E-01  2.273383599131E+00 -1.212611341200E-02  1.804686341433E-02 -5.920750001775E-03 -1.256909668362E-02  1.603729994937E-03  1.806848723748E-06 -4.344395792513E-07 -9.167259533190E-07  2.361953930977E-02 -1.806848781111E-06 -3.099863609991E-03  1.661005522030E-20  2.665447573772E-21  3.502310602624E-21 -3.540578355499E-04
