                   y                  ym                   U                   V                   W                 U^2                 V^2                 W^2                  UV                  VW                  UW                VISC               SFSxx               SFSyy               SFSzz               SFSxy               SFSyz                dUdX                dVdX                dWdX                dUdY                dVdY                dWdY                dUdZ                dVdZ                dWdZ              SFSxym
 -4.000000000000E+00 -2.000000000000E+00  0.000000000000E+00  0.000000000000E+00  0.000000000000E+00  0.000000000000E+00  0.000000000000E+00  0.000000000000E+00  0.000000000000E+00  0.000000000000E+00  0.000000000000E+00  0.000000000000E+00  0.000000000000E+00  0.000000000000E+00  0.000000000000E+00  0.000000000000E+00  0.000000000000E+00  0.000000000000E+00  0.000000000000E+00  0.000000000000E+00  0.000000000000E+00  0.000000000000E+00  0.000000000000E+00  0.000000000000E+00  0.000000000000E+00  0.000000000000E+00  0.000000000000E+00
  2.220446049250E-16  2.000000000000E+00  1.201455510085E+01 -1.463261916329E-15 -6.729840438651E-02  1.464659898066E+02  4.077286671548E-02  5.472349282669E-01 -1.183803898929E-01 -5.565063383808E-04 -8.138725045646E-01  6.014302996264E-01 -5.151769984227E-04  2.448739297382E-03 -1.933562299054E-03 -3.666400749561E+00  1.355020160144E-02 -3.894881114274E-04 -3.567728371565E-05 -1.152360554946E-05  5.014694396971E+01  3.894881113870E-04 -3.025477565954E-01  7.508006479152E-21  3.195707521256E-21  8.906988738159E-22 -4.539812323516E-03
  4.000000000000E+00  6.000000000000E+00  1.305906512770E+01 -3.798865519031E-15 -8.387936030557E-02  1.723033491992E+02  1.624945320230E-01  4.889184310851E-01 -2.162518681354E-01  1.378096765436E-04 -1.106453298460E+00  4.466161895278E+00  1.202972247170E-01 -1.651054706354E-01  4.480824591972E-02 -5.981909765402E-01 -5.789739833990E-02  1.194464782478E-04 -5.847016693067E-05  9.646603545443E-06  2.830560089990E+00 -1.194464782842E-04 -3.774871236009E-02  6.051999344577E-21  2.077583636476E-21  3.387991369171E-20 -4.514046324225E-02
  8.000000000000E+00  1.000000000000E+01  1.342969133811E+01 -5.280176487739E-15 -8.620833511305E-02  1.818546064384E+02  1.907495909528E-01  4.429209912176E-01 -2.121518398437E-01 -1.948214704165E-04 -1.171100723027E+00  4.694055838182E+00  7.895624900193E-02 -2.148516241379E-01  1.358953751364E-01 -3.987713161379E-01 -6.031223374706E-04  6.370617227980E-05 -3.603571280671E-05  3.116986875943E-06  1.423651856237E+00 -6.370617229743E-05 -7.073053426257E-03  2.095540277834E-20 -2.180606077292E-21  4.306847863552E-20 -2.408691150321E-02
  1.200000000000E+01  1.400000000000E+01  1.377088680670E+01 -6.201668880402E-15 -8.745687428511E-02  1.910819268846E+02  2.046918921413E-01  4.302497449506E-01 -2.247479512369E-01 -1.743227449230E-05 -1.219397035813E+00  4.617677560832E+00  7.365954587767E-02 -1.984811341720E-01  1.248215882955E-01 -3.692753649331E-01  6.890887139091E-03  4.340863180548E-05 -2.377149543009E-05  9.453084525873E-06  1.180848592737E+00 -4.340863188129E-05 -2.139009728771E-03 -1.840231468586E-21 -1.769566433935E-21  6.598111345004E-20 -2.035842955812E-02
  1.600000000000E+01  1.800000000000E+01  1.402012039332E+01 -5.689462229611E-15 -8.728644679963E-02  1.979399490955E+02  2.158161515522E-01  4.206474795556E-01 -2.234956273503E-01 -1.598160310977E-04 -1.239032796312E+00  4.356496277246E+00  6.078005627372E-02 -1.757584683609E-01  1.149784120857E-01 -2.756294865366E-01  4.774000916571E-03  4.001560896052E-05 -1.902443071629E-05  1.581255898481E-05  9.422057595347E-01 -4.001560894305E-05  4.492428105938E-05  2.250548225112E-21  1.226858586735E-20  8.593171188757E-20 -1.610606760258E-02
  2.000000000000E+01  2.200000000000E+01  1.424194823774E+01 -3.758845611070E-15 -8.744845415238E-02  2.041734876158E+02  2.251999162805E-01  4.170628284829E-01 -2.267929585213E-01 -1.258459337725E-04 -1.261143697056E+00  4.179689042353E+00  5.415323523310E-02 -1.595668497908E-01  1.054136145581E-01 -2.426500055667E-01  3.072931161431E-03  1.879855728550E-05 -1.621079228770E-05  1.658390555284E-05  8.131091376112E-01 -1.879855735453E-05 -7.485030589027E-04 -5.529850336743E-21  1.299533964542E-20  8.507296062424E-20 -1.391749918286E-02
  2.400000000000E+01  2.600000000000E+01  1.442668800587E+01 -1.629281634376E-15 -8.768605595290E-02  2.094360107445E+02  2.330781625602E-01  4.138038790449E-01 -2.262009166906E-01 -2.713724368050E-04 -1.281250405687E+00  3.992874689448E+00  4.732540865927E-02 -1.454815386672E-01  9.815613000837E-02 -2.025437998484E-01  2.323925717130E-03  1.930869181215E-05 -1.511294743464E-05  1.758951058784E-05  7.024182492047E-01 -1.930869177012E-05 -1.809283632543E-03  1.898776313550E-20 -6.142933004775E-21  9.018233403695E-20 -1.193458891189E-02
  2.800000000000E+01  3.000000000000E+01  1.459318447692E+01  6.893543172635E-16 -8.835070346780E-02  2.142453391835E+02  2.394994087312E-01  4.118307414034E-01 -2.268805845800E-01 -3.014600426469E-04 -1.307353290689E+00  3.844063729210E+00  4.244554965011E-02 -1.346092963793E-01  9.216374672739E-02 -1.803129470329E-01  1.913379910665E-03  3.040198437716E-05 -1.467387430717E-05  1.494021951714E-05  6.270108073519E-01 -3.040198441748E-05 -3.651561051203E-03  8.881267462827E-21 -7.060616005085E-22  9.974998642296E-20 -1.059696813870E-02
  3.200000000000E+01  3.400000000000E+01  1.474021889140E+01  3.515708756381E-15 -8.950190792912E-02  2.185377409708E+02  2.446202540137E-01  4.096186656342E-01 -2.261519528134E-01 -4.483184386137E-04 -1.339048283708E+00  3.707322458680E+00  3.805204238964E-02 -1.252127580800E-01  8.716071569157E-02 -1.588683314532E-01  1.761544896958E-03  8.017526060109E-06 -1.524140499142E-05  1.386925780945E-05  5.631500756138E-01 -8.017525972875E-06 -5.978445373363E-03 -2.788317867793E-21 -7.072952489254E-22  1.030211780929E-19 -9.455707926242E-03
  3.600000000000E+01  3.800000000000E+01  1.487476530460E+01  6.249379558403E-15 -9.134081670774E-02  2.225071879350E+02  2.485239515602E-01  4.077393812599E-01 -2.259004360157E-01 -4.376574405622E-04 -1.380108668089E+00  3.589044781156E+00  3.470569975470E-02 -1.172784744092E-01  8.257277465563E-02 -1.441308238588E-01  1.851428992582E-03  1.230156173459E-05 -1.681550722843E-05  9.381416814621E-06  5.152479395839E-01 -1.230156176237E-05 -6.992561345981E-03  4.725070355326E-21  7.750267070315E-21  9.827374486796E-20 -8.603779181399E-03
  4.000000000000E+01  4.200000000000E+01  1.499783397425E+01  7.715705588185E-15 -9.300758855664E-02  2.261705072965E+02  2.513145743892E-01  4.062514740745E-01 -2.250066287289E-01 -5.457569905714E-04 -1.417705918075E+00  3.479503363650E+00  3.183168493315E-02 -1.103329530723E-01  7.850126813946E-02 -1.311190377961E-01  1.443828389855E-03  1.508663220604E-05 -1.806141417661E-05  3.982624116261E-06  4.762024447352E-01 -1.508663215259E-05 -6.383784318522E-03  3.583235150466E-20  9.491146732463E-21  6.642005979830E-20 -7.875134287226E-03
  4.400000000000E+01  4.600000000000E+01  1.511287806925E+01  7.564872899832E-15 -9.453061211319E-02  2.296245839048E+02  2.531941447227E-01  4.051290785488E-01 -2.243548473042E-01 -5.530272900841E-04 -1.452831496830E+00  3.382297131123E+00  2.944695597686E-02 -1.044590090361E-01  7.501205305798E-02 -1.209893802264E-01  1.160356922674E-03  2.383234466658E-06 -1.867724520322E-05  1.532398680119E-06  4.448189779601E-01 -2.383234482690E-06 -5.000986825322E-03  3.143148367359E-20 -1.395469996424E-20  9.656647914783E-20 -7.282586388939E-03
  4.800000000000E+01  5.000000000000E+01  1.522026073117E+01  7.783228561075E-15 -9.550115560894E-02  2.328713828555E+02  2.543831302132E-01  4.033261874253E-01 -2.233116290829E-01 -6.414645660087E-04 -1.479153975653E+00  3.290589705247E+00  2.727843533871E-02 -9.890392429845E-02  7.162548896002E-02 -1.120986533762E-01  6.606711223616E-04 -1.569969790088E-06 -1.906339565560E-05 -2.523520095070E-06  4.164992618794E-01  1.569969775952E-06 -3.034725939644E-03  1.115179979767E-20  3.627494227463E-21  8.418340004840E-20 -6.765377281166E-03
  5.200000000000E+01  5.400000000000E+01  1.532112839676E+01  9.584453293954E-15 -9.603872632514E-02  2.359426067115E+02  2.550488590121E-01  4.013984315783E-01 -2.223875794348E-01 -6.970376525391E-04 -1.498381159450E+00  3.206295395254E+00  2.553118572413E-02 -9.405010957442E-02  6.851892384929E-02 -1.045346923744E-01  3.886449339095E-04 -3.896391307790E-06 -1.940426028424E-05 -1.062871649759E-06  3.912808684505E-01  3.896391399539E-06 -1.723660503692E-03 -6.718300346822E-21 -2.891696865738E-21  9.895800403605E-20 -6.310902340586E-03
  5.600000000000E+01  5.800000000000E+01  1.541590637743E+01  1.090192530474E-14 -9.633045311085E-02  2.388464768937E+02  2.552366912963E-01  3.995653895684E-01 -2.212966568428E-01 -7.511108843345E-04 -1.513149994571E+00  3.125376397033E+00  2.401504866993E-02 -8.975832483432E-02  6.574327616450E-02 -9.735781782389E-02  2.734643395006E-04  8.433102160459E-07 -1.962655766535E-05  1.944168956751E-07  3.682801028356E-01 -8.433102724255E-07 -1.629111804090E-03  8.478649967533E-22 -2.845915582786E-21  1.027947540844E-19 -5.889942386702E-03
  6.000000000000E+01  6.200000000000E+01  1.550526974144E+01  1.134954809171E-14 -9.680761754100E-02  2.416015386909E+02  2.549926061386E-01  3.972848934839E-01 -2.202885487279E-01 -8.146309065732E-04 -1.530173135189E+00  3.052678006025E+00  2.250826990667E-02 -8.578164781307E-02  6.327337790634E-02 -9.131457065437E-02  2.321174051599E-04 -3.025286805303E-06 -1.913782190868E-05  3.052672435972E-06  3.475043944832E-01  3.025286742730E-06 -1.402754156781E-03  6.547940909844E-21  2.074998237269E-21  1.124788124727E-19 -5.518931397985E-03
  6.400000000000E+01  6.600000000000E+01  1.558964804549E+01  1.109184845028E-14 -9.700661932049E-02  2.442187745472E+02  2.543971414498E-01  3.950269803397E-01 -2.191978883265E-01 -8.522991572498E-04 -1.542207337511E+00  2.983285654279E+00  2.094787719809E-02 -8.222813635788E-02  6.128025916107E-02 -8.522700958342E-02 -2.502527582656E-04  2.913811450421E-06 -1.810734741544E-05  3.407365065746E-06  3.292122890562E-01 -2.913811585339E-06  3.032394038569E-04  1.915844775369E-20  3.739387033361E-21  1.044668695959E-19 -5.168853475284E-03
  6.800000000000E+01  7.000000000000E+01  1.566985047170E+01  1.130872889184E-14 -9.665490994643E-02  2.467180238685E+02  2.534950160355E-01  3.923199201115E-01 -2.180159665509E-01 -8.974479345688E-04 -1.544791077825E+00  2.916266800333E+00  1.957916331481E-02 -7.891819552100E-02  5.933903220622E-02 -8.009683499858E-02 -7.595854082671E-04  6.711735232514E-06 -1.687431305903E-05  4.989278441452E-06  3.128121558748E-01 -6.711735141888E-06  2.809056104991E-03  2.209136792893E-20  4.396400102468E-21  9.613075305313E-20 -4.850441366242E-03
  7.200000000000E+01  7.400000000000E+01  1.574603450975E+01  1.298835706232E-14 -9.561219798282E-02  2.491025087091E+02  2.523494864899E-01  3.891947198843E-01 -2.168584788516E-01 -9.653498535331E-04 -1.536343355996E+00  2.855830941782E+00  1.847959524069E-02 -7.610390360597E-02  5.762430836488E-02 -7.528811376799E-02 -1.135678469784E-03  6.794456289794E-06 -1.568252464999E-05  3.739060600329E-06  2.981077460830E-01 -6.794456314019E-06  4.129230609436E-03  3.754088657173E-21  3.701188433824E-21  8.275243538642E-20 -4.572821066924E-03
  7.600000000000E+01  7.800000000000E+01  1.581887965153E+01  1.503916124122E-14 -9.460603485218E-02  2.513926367946E+02  2.510812018152E-01  3.858880533403E-01 -2.156438076414E-01 -1.027791311480E-03 -1.527707075413E+00  2.795945007110E+00  1.749624135637E-02 -7.324523793043E-02  5.574899657354E-02 -7.109151518312E-02 -1.069979069184E-03  3.977752109367E-06 -1.408231926794E-05 -1.378403805937E-06  2.859922474053E-01 -3.977752033546E-06  4.126035390597E-03 -2.172486166375E-20 -1.343805804701E-20  8.224567101969E-20 -4.329540223329E-03
  8.000000000000E+01  8.200000000000E+01  1.588900634513E+01  1.585821231276E-14 -9.356523254986E-02  2.536067440861E+02  2.497662027900E-01  3.823031829936E-01 -2.144161532342E-01 -1.108270118793E-03 -1.518186382529E+00  2.738010400284E+00  1.646278216361E-02 -7.040559086854E-02  5.394280870451E-02 -6.745914045380E-02 -1.067944978201E-03  6.972622311989E-06 -1.178665852662E-05 -1.940956368425E-06  2.732413639601E-01 -6.972622369368E-06  4.693946118073E-03 -9.292628276934E-22  6.653908376888E-21  9.142475638951E-20 -4.094921297489E-03
  8.400000000000E+01  8.600000000000E+01  1.595549873957E+01  1.730286382200E-14 -9.227557810762E-02  2.557139287355E+02  2.484135336141E-01  3.784171820926E-01 -2.131953414836E-01 -1.157441658598E-03 -1.504327220193E+00  2.682696408745E+00  1.561038620892E-02 -6.780207473055E-02  5.219168852181E-02 -6.357765852126E-02 -1.126522047324E-03  1.023825500311E-05 -9.739288528288E-06 -1.485602734584E-06  2.614186164139E-01 -1.023825496934E-05  5.935380343097E-03  1.433639298037E-20 -2.719161003349E-21  9.399152688506E-20 -3.872882960743E-03
  8.800000000000E+01  9.000000000000E+01  1.601971743647E+01  2.132985100755E-14 -9.061103430104E-02  2.577574593818E+02  2.470768938736E-01  3.738821609868E-01 -2.119646513391E-01 -1.240473237760E-03 -1.483871517332E+00  2.628636435753E+00  1.477585743558E-02 -6.522042371611E-02  5.044456628010E-02 -6.045099101669E-02 -1.422119772193E-03  3.558346965622E-06 -8.347578896492E-06 -2.844278630929E-06  2.508693547853E-01 -3.558346975420E-06  7.924993030880E-03 -8.498397447266E-21 -3.582814839003E-21  7.784917964190E-20 -3.678382920573E-03
  9.200000000000E+01  9.400000000000E+01  1.608092858029E+01  2.331774225023E-14 -8.831208308966E-02  2.597120283710E+02  2.457100302755E-01  3.686098940169E-01 -2.106870688370E-01 -1.299656701218E-03 -1.452286607723E+00  2.577259701325E+00  1.390972935998E-02 -6.286901769271E-02  4.895928833239E-02 -5.718643423323E-02 -1.710570420966E-03 -5.529869000441E-06 -7.075812044130E-06 -6.082896413484E-06  2.397834531643E-01  5.529869042541E-06  1.029310069803E-02 -5.609333272081E-21  1.177519717572E-20  7.083828834516E-20 -3.487758012873E-03
  9.600000000000E+01  9.800000000000E+01  1.613960188957E+01  2.414786328796E-14 -8.544786824752E-02  2.615928780243E+02  2.442533607227E-01  3.630702009792E-01 -2.094918527432E-01 -1.416113148917E-03 -1.410750616744E+00  2.529454655762E+00  1.329228478900E-02 -6.080236626362E-02  4.751008147499E-02 -5.443492465314E-02 -1.993476783595E-03  7.367452329769E-07 -5.548366272053E-06 -6.773062479212E-06  2.288256183777E-01 -7.367452619514E-07  1.130238631359E-02 -3.496338664916E-21 -9.299659832724E-21  7.034072720609E-20 -3.305303422787E-03
  1.000000000000E+02  1.020000000000E+02  1.619535323099E+01  2.769269456851E-14 -8.264600801497E-02  2.633855521347E+02  2.427741361042E-01  3.579144413375E-01 -2.083011032198E-01 -1.493060667538E-03 -1.369306066942E+00  2.481591368299E+00  1.269132177392E-02 -5.886304414152E-02  4.617172236683E-02 -5.139810135501E-02 -1.976977312386E-03  3.834308199447E-06 -4.623762509702E-06 -5.691460978380E-06  2.176239446582E-01 -3.834308166355E-06  1.159166103706E-02 -1.418225798883E-20 -4.785247463727E-21  8.052162137897E-20 -3.129235828390E-03
  1.040000000000E+02  1.060000000000E+02  1.624844243518E+01  2.926571381361E-14 -7.965331123703E-02  2.650984160056E+02  2.413631191142E-01  3.529745590935E-01 -2.070654246209E-01 -1.618629569808E-03 -1.324332037394E+00  2.435647829164E+00  1.205266324274E-02 -5.679840187172E-02  4.474573862867E-02 -4.877713127756E-02 -2.103636130050E-03 -1.886969294221E-06 -5.012660577582E-06 -6.203252000215E-06  2.086523379071E-01  1.886969268519E-06  1.268387256780E-02  2.235062436008E-21  8.273206089168E-21  5.597182000240E-20 -2.979661071005E-03
  1.080000000000E+02  1.100000000000E+02  1.629969825108E+01  2.806749927058E-14 -7.631673379794E-02  2.667573520427E+02  2.400049588782E-01  3.480986166851E-01 -2.058853991527E-01 -1.722097795058E-03 -1.273195588340E+00  2.391685507749E+00  1.164177932667E-02 -5.496417092805E-02  4.332239160082E-02 -4.656529884727E-02 -2.306750104133E-03 -3.103156804388E-06 -5.985468414622E-06 -9.567338515635E-06  2.008157985584E-01  3.103156828433E-06  1.449044144643E-02  1.655319268422E-20 -5.981300466161E-21  7.884090683976E-20 -2.843875939371E-03
  1.120000000000E+02  1.140000000000E+02  1.634884611565E+01  2.871001421988E-14 -7.242199825342E-02  2.683527732132E+02  2.386116021175E-01  3.434121886173E-01 -2.046622550070E-01 -1.838051689607E-03 -1.212590005399E+00  2.350534344334E+00  1.112446831208E-02 -5.313324035858E-02  4.200877204585E-02 -4.443406193133E-02 -2.506351074715E-03 -3.534245411617E-06 -6.268912411724E-06 -1.162670598469E-05  1.927485210952E-01  3.534245377523E-06  1.539353331576E-02  7.464835627385E-21 -1.235085001907E-20  8.412077143103E-20 -2.719054384373E-03
  1.160000000000E+02  1.180000000000E+02  1.639605648914E+01  2.910568115370E-14 -6.863278970610E-02  2.698891688853E+02  2.371359803082E-01  3.391182520103E-01 -2.034617860734E-01 -1.983165938905E-03 -1.153094021201E+00  2.312983829458E+00  1.070284589018E-02 -5.154431224661E-02  4.084146635647E-02 -4.258035428499E-02 -2.463887471153E-03  1.493930348577E-06 -5.713994785705E-06 -1.298270260670E-05  1.857034294788E-01 -1.493930301211E-06  1.494349898176E-02 -2.276839757173E-21 -6.402808406786E-21  5.617449788693E-20 -2.605117084053E-03
  1.200000000000E+02  1.220000000000E+02  1.644168932406E+01  2.864123359054E-14 -6.496422835692E-02  2.713782586443E+02  2.356362892498E-01  3.353802740216E-01 -2.022738269939E-01 -2.094245845334E-03 -1.095058256783E+00  2.277097025704E+00  1.013264956530E-02 -5.002230711837E-02  3.988965755213E-02 -4.083153776232E-02 -2.480305756698E-03  2.011169820032E-06 -5.438477886982E-06 -1.295874376838E-05  1.789244821308E-01 -2.011169820379E-06  1.438747728014E-02  1.695999526051E-20  5.833147184029E-21  7.861626831490E-20 -2.493918687168E-03
  1.240000000000E+02  1.260000000000E+02  1.648551146432E+01  2.956016912729E-14 -6.145212122413E-02  2.728121459319E+02  2.341318225836E-01  3.319180727259E-01 -2.010927053377E-01 -2.232178116616E-03 -1.038918577807E+00  2.240729989914E+00  9.548753319865E-03 -4.862028071147E-02  3.907152739120E-02 -3.889297656570E-02 -2.407924603532E-03  3.720773432898E-08 -5.308110388042E-06 -9.121757064879E-06  1.722463908880E-01 -3.720770247077E-08  1.370185572283E-02  3.447433952624E-20  1.103354238053E-20  7.821079893373E-20 -2.375045868981E-03
  1.280000000000E+02  1.300000000000E+02  1.652780700860E+01  2.956021314590E-14 -5.812568052273E-02  2.741998266515E+02  2.326298891863E-01  3.285517473911E-01 -1.999256901791E-01 -2.375412888858E-03 -9.856401170978E-01  2.203136779431E+00  8.987958874292E-03 -4.718003975753E-02  3.819208088293E-02 -3.708430157711E-02 -2.088244595573E-03 -3.325588410149E-06 -4.883747696667E-06 -3.126217532517E-06  1.659491312874E-01  3.325588312074E-06  1.312188875553E-02  6.024648769268E-21 -8.825253309998E-21  6.586197201957E-20 -2.257007886635E-03
  1.320000000000E+02  1.340000000000E+02  1.656849080946E+01  2.879349869066E-14 -5.489321017521E-02  2.755369701357E+02  2.311345204338E-01  3.251382291396E-01 -1.987275092174E-01 -2.467925416303E-03 -9.334345355158E-01  2.166700486571E+00  8.599901251163E-03 -4.579818161151E-02  3.719828036084E-02 -3.519959567793E-02 -1.986021165489E-03 -9.918050054840E-06 -4.161546969055E-06  6.604446671189E-07  1.602547609898E-01  9.918050147835E-06  1.312127626066E-02  7.037035805700E-21 -1.292823414828E-20  6.578496290271E-20 -2.151441401921E-03
  1.360000000000E+02  1.380000000000E+02  1.660794872767E+01  3.270752151468E-14 -5.155972480909E-02  2.768366783380E+02  2.296672140043E-01  3.215549832311E-01 -1.975233168407E-01 -2.578473988011E-03 -8.791069079605E-01  2.133400863881E+00  8.287403622212E-03 -4.458302990663E-02  3.629562628484E-02 -3.367866526573E-02 -2.068996669525E-03 -7.533098389086E-06 -3.238307741648E-06  5.707703439353E-07  1.544546215841E-01  7.533098316438E-06  1.340385260661E-02  3.150258301065E-20 -9.044299478897E-23  6.351169446173E-20 -2.054633873648E-03
  1.400000000000E+02  1.420000000000E+02  1.664574334313E+01  3.848105254584E-14 -4.819916858102E-02  2.780846456285E+02  2.282061157397E-01  3.177019175672E-01 -1.963466072801E-01 -2.662761904332E-03 -8.235561406790E-01  2.099386576681E+00  7.866445845694E-03 -4.336473725576E-02  3.549829141032E-02 -3.200437673056E-02 -2.030540259087E-03 -5.216736352610E-06 -2.974227180280E-06  2.219984114338E-06  1.477143125106E-01  5.216736513495E-06  1.297255151141E-02  2.016632854024E-20 -9.100810987278E-21  7.413807902558E-20 -1.948248544750E-03
  1.440000000000E+02  1.460000000000E+02  1.668181475144E+01  4.052400009886E-14 -4.508617403232E-02  2.792784992920E+02  2.267368955997E-01  3.136879067933E-01 -1.951436531826E-01 -2.765838243284E-03 -7.713405347833E-01  2.065746489008E+00  7.517723116603E-03 -4.219276973627E-02  3.467504661946E-02 -3.039449273715E-02 -1.904947782882E-03 -5.939660242702E-06 -3.115646476888E-06  4.968278450974E-06  1.408977696968E-01  5.939660247555E-06  1.200772318575E-02  1.235454756330E-21 -9.313349176670E-21  4.886681631170E-20 -1.847389998921E-03
  1.480000000000E+02  1.500000000000E+02  1.671617813970E+01  4.167253225077E-14 -4.219613743210E-02  2.804177539845E+02  2.252768142628E-01  3.095056903837E-01 -1.939774060520E-01 -2.843069374986E-03 -7.222801485423E-01  2.033786358797E+00  7.329803427906E-03 -4.116495144334E-02  3.383514801574E-02 -2.875225248410E-02 -1.751899328056E-03 -4.325893713010E-06 -3.176517802729E-06  6.982647482586E-06  1.354381349699E-01  4.325893776769E-06  1.178665756600E-02  2.392837077025E-20 -1.094879340058E-21  3.716171630781E-20 -1.755500679266E-03
  1.520000000000E+02  1.540000000000E+02  1.674953505825E+01  4.259287316651E-14 -3.919039521287E-02  2.815249953781E+02  2.238693154803E-01  3.054508623929E-01 -1.927565767616E-01 -2.914798618731E-03 -6.712463666068E-01  2.004084019900E+00  7.068861850920E-03 -4.015048727428E-02  3.308162542325E-02 -2.738063857801E-02 -1.787370566104E-03 -2.210085133608E-06 -3.653860754411E-06  4.110237251173E-06  1.300581886531E-01  2.210085133630E-06  1.202399660876E-02  9.339771335812E-21 -7.477035921614E-21  2.410086527932E-20 -1.672364757021E-03
  1.560000000000E+02  1.580000000000E+02  1.678121491398E+01  4.193747215817E-14 -3.618933837555E-02  2.825779411539E+02  2.225171450040E-01  3.017988506344E-01 -1.915894511469E-01 -2.989185826299E-03 -6.200563078113E-01  1.973011265834E+00  6.732474586966E-03 -3.898005896681E-02  3.224758437962E-02 -2.611990622098E-02 -1.712062984386E-03 -3.375163968162E-06 -4.383331574840E-06  5.281059655402E-07  1.242786984333E-01  3.375163990975E-06  1.181788995884E-02  4.111287897094E-20 -6.308182071652E-21  6.156688798892E-20 -1.595041956370E-03
  1.600000000000E+02  1.620000000000E+02  1.681165206247E+01  4.101864146377E-14 -3.329235931023E-02  2.835907712366E+02  2.211586320065E-01  2.985634274982E-01 -1.904149102656E-01 -3.046778789037E-03 -5.701400553111E-01  1.943581242989E+00  6.449790778669E-03 -3.796536053523E-02  3.151556975667E-02 -2.489204010824E-02 -1.611464454900E-03 -1.841432950213E-06 -4.522923933157E-06  1.610640936317E-06  1.188044999192E-01  1.841432923923E-06  1.199293673311E-02  2.273611724014E-20 -2.484104288031E-20  4.454721530219E-20 -1.511803339907E-03
  1.640000000000E+02  1.660000000000E+02  1.684057615719E+01  3.904144209888E-14 -3.019827672891E-02  2.845551585565E+02  2.197807865182E-01  2.955402534221E-01 -1.892567853917E-01 -3.100593937739E-03 -5.166255468047E-01  1.914547598981E+00  6.131963812131E-03 -3.694979030024E-02  3.081782648751E-02 -2.356203868858E-02 -1.671621687636E-03 -2.110205880570E-07 -4.118994726397E-06  2.056462967217E-06  1.126611615822E-01  2.110205759349E-07  1.213351534213E-02  3.957279629309E-20 -2.000734704946E-21  3.664881285525E-20 -1.432642754240E-03
  1.680000000000E+02  1.700000000000E+02  1.686795666097E+01  3.615490350682E-14 -2.721967835674E-02  2.854695898510E+02  2.184038687268E-01  2.926173672135E-01 -1.880973114350E-01 -3.168770609523E-03 -4.650980761853E-01  1.887596805294E+00  5.848962740822E-03 -3.599998527830E-02  3.015102253757E-02 -2.233687951307E-02 -1.615623282106E-03  2.216435456552E-06 -3.918595470608E-06  1.641819856434E-06  1.070813428492E-01 -2.216435489500E-06  1.170554913269E-02  1.233720269054E-20 -5.055184323337E-21  3.742697102191E-20 -1.364584438859E-03
  1.720000000000E+02  1.740000000000E+02  1.689411019228E+01  3.489838539678E-14 -2.433110098750E-02  2.863444203369E+02  2.170664927075E-01  2.895143357265E-01 -1.869462631855E-01 -3.249600791424E-03 -4.150105310386E-01  1.861520827881E+00  5.623669148315E-03 -3.515456306532E-02  2.953089391674E-02 -2.129351936938E-02 -1.474607427590E-03  2.911622372320E-06 -4.030351622757E-06  3.969986447656E-06  1.025175387573E-01 -2.911622381559E-06  1.132401253577E-02  2.159746563783E-20 -6.192925977778E-21  4.720623961919E-20 -1.299518720595E-03
  1.760000000000E+02  1.780000000000E+02  1.691921255120E+01  3.383427948980E-14 -2.154160545314E-02  2.871854020673E+02  2.157848579807E-01  2.865518076966E-01 -1.857765663357E-01 -3.304309563932E-03 -3.661992391721E-01  1.837554076918E+00  5.429582141472E-03 -3.444556852233E-02  2.901598638056E-02 -2.024383057691E-02 -1.435077636807E-03  3.664792107334E-06 -4.206015379858E-06  5.077257763405E-06  9.878777918507E-02 -3.664792146236E-06  1.052182632794E-02  1.494361292991E-20 -1.490483534130E-20  4.611561732457E-20 -1.233496356206E-03
  1.800000000000E+02  1.820000000000E+02  1.694349600117E+01  3.129701323043E-14 -1.905841996136E-02  2.880002214349E+02  2.146108550685E-01  2.835772640927E-01 -1.846636286969E-01 -3.386176475443E-03 -3.222477378029E-01  1.813668622370E+00  5.177736254484E-03 -3.363396847098E-02  2.845623221653E-02 -1.925399960003E-02 -1.338770133537E-03  3.369899548171E-06 -4.153585640240E-06  2.219631934215E-06  9.465239476155E-02 -3.369899535960E-06  9.830495131986E-03  2.904351362098E-20 -1.453284823262E-20  3.536020602788E-20 -1.172447377010E-03
  1.840000000000E+02  1.860000000000E+02  1.696653519998E+01  2.891985652689E-14 -1.661797895393E-02  2.887739097579E+02  2.135949129670E-01  2.807327569524E-01 -1.834766566781E-01 -3.448236705835E-03 -2.791105223593E-01  1.786778991133E+00  4.924645573151E-03 -3.273443123937E-02  2.780978566610E-02 -1.820375856098E-02 -1.288259996823E-03  5.149965426920E-06 -3.784029789619E-06 -1.962031876643E-06  8.923880308235E-02 -5.149965451418E-06  9.653820380127E-03  1.635543177181E-20 -4.833422847259E-21  4.265883982565E-20 -1.103317915632E-03
  1.880000000000E+02  1.900000000000E+02  1.698813485903E+01  2.700639574529E-14 -1.422482109051E-02  2.895005868295E+02  2.126837298980E-01  2.782966363334E-01 -1.823584950236E-01 -3.517484752067E-03 -2.367198835581E-01  1.763901286603E+00  4.735325912921E-03 -3.205151504354E-02  2.731618913045E-02 -1.710202097353E-02 -1.226479624685E-03  4.393659082357E-06 -3.436360524059E-06 -4.224818114384E-06  8.467877088770E-02 -4.393659074552E-06  1.004186000203E-02  6.655242397988E-21  4.118052903943E-21  3.691459459765E-20 -1.041547280662E-03
  1.920000000000E+02  1.940000000000E+02  1.700889146973E+01  2.476083371903E-14 -1.158970728089E-02  2.901989180867E+02  2.118394316502E-01  2.755100510530E-01 -1.811838670314E-01 -3.564788800678E-03 -1.901835734222E-01  1.741962431505E+00  4.522127110830E-03 -3.135473559342E-02  2.683260848246E-02 -1.617365044579E-02 -1.239146957825E-03 -6.166355642437E-07 -3.128910660632E-06 -5.622281958878E-06  8.109513688076E-02  6.166355588782E-07  1.069093552715E-02  1.911993898535E-20  3.207046843433E-21  4.206470272046E-20 -9.840437938464E-04
  1.960000000000E+02  1.980000000000E+02  1.702867915438E+01  2.260562989691E-14 -8.870442442597E-03  2.908660434606E+02  2.110928305539E-01  2.729490462178E-01 -1.800687845642E-01 -3.624112278360E-03 -1.423661107100E-01  1.722405137423E+00  4.351412049304E-03 -3.062349055360E-02  2.627207850427E-02 -1.531115263690E-02 -1.266140456784E-03 -7.618811685151E-07 -2.680985586176E-06 -7.041324846987E-06  7.768610169846E-02  7.618811341519E-07  1.070445183842E-02 -1.557795779846E-20 -6.982679198242E-21  4.766995433315E-20 -9.354157417897E-04
  2.000000000000E+02  2.020600000000E+02  1.704774425682E+01  2.040171388310E-14 -6.232415232712E-03  2.915082132866E+02  2.103801285156E-01  2.707494542930E-01 -1.788937680461E-01 -3.675502364529E-03 -9.606049920191E-02  1.703422443150E+00  3.970315322791E-03 -2.950655461875E-02  2.553623929569E-02 -1.473737571593E-02 -1.248328731991E-03  3.003389400037E-06 -2.410132609641E-06 -1.147136370332E-05  7.402720409532E-02 -3.003389443507E-06  1.055329500052E-02 -6.376466757887E-21 -1.291284670508E-20  4.036975976848E-20 -9.048656846906E-04
  2.041200000000E+02  2.062418000000E+02  1.706682978686E+01  1.814307117448E-14 -3.445375167265E-03  2.921516171481E+02  2.097563441384E-01  2.686148286291E-01 -1.776820374420E-01 -3.726697684227E-03 -4.730485312699E-02  1.685833268705E+00  3.591088134837E-03 -2.843852764067E-02  2.484743950578E-02 -1.424928615147E-02 -1.391527463281E-03  2.764633249975E-06 -2.627919676996E-06 -1.336385926483E-05  7.135677421502E-02 -2.764633217540E-06  1.083227835505E-02 -5.157239081797E-21  6.462378954922E-21  3.923930656353E-20 -8.742492796159E-04
  2.083636000000E+02  2.105490540000E+02  1.708561092479E+01  1.631343439964E-14 -5.030259994332E-04  2.927845886523E+02  2.092135088330E-01  2.663113869909E-01 -1.764449090087E-01 -3.793376442673E-03  4.154623585910E-03  1.668137451358E+00  3.180017676113E-03 -2.733131048152E-02  2.415129280576E-02 -1.371962689441E-02 -1.440181247142E-03  6.620825214478E-06 -2.619517108943E-06 -1.092254391836E-05  6.789101472795E-02 -6.620825374070E-06  1.065453946824E-02 -1.075641535094E-20  8.978225485385E-21  5.055581854836E-20 -8.425799491001E-04
  2.127345080000E+02  2.149855256200E+02  1.710393709974E+01  1.376808057031E-14  2.367302853200E-03  2.934021280083E+02  2.087868421281E-01  2.637791883279E-01 -1.751823227211E-01 -3.865416533846E-03  5.438470369569E-02  1.651733023213E+00  2.782166924897E-03 -2.615845354199E-02  2.337628661706E-02 -1.318122491653E-02 -1.411850099760E-03  2.644537864160E-06 -2.698510722541E-06 -9.679583184780E-06  6.409752849833E-02 -2.644537793551E-06  9.602322521719E-03  4.216371013437E-21 -7.473368134441E-21  5.231304162976E-20 -8.050869433517E-04
  2.172365432400E+02  2.195550913886E+02  1.712169433265E+01  1.065402713968E-14  4.899239929854E-03  2.939998455656E+02  2.085022088888E-01  2.610654136615E-01 -1.738636634496E-01 -3.938508266641E-03  9.898588898697E-02  1.632768840535E+00  2.379720493246E-03 -2.488423095661E-02  2.250451046320E-02 -1.257280137247E-02 -1.208554442812E-03 -6.222515321699E-07 -3.182570244535E-06 -7.033361018471E-06  6.044224080027E-02  6.222514815680E-07  9.430360843328E-03  3.254571716178E-20 -3.124608240270E-21  3.102200638239E-20 -7.679552398118E-04
  2.218736395372E+02  2.242617441303E+02  1.713897140583E+01  9.400144725114E-15  7.837364733429E-03  2.945812247879E+02  2.083405914607E-01  2.587359690649E-01 -1.725309066420E-01 -4.004417282907E-03  1.503374330383E-01  1.616304950539E+00  1.998563287761E-03 -2.370153697076E-02  2.170297368273E-02 -1.203119068503E-02 -1.360908603166E-03  9.876440328504E-07 -3.562832012323E-06 -3.611112622765E-06  5.678252340654E-02 -9.876439711395E-07  1.043199101016E-02  2.333725564888E-20  6.226652977627E-21  6.555588727124E-20 -7.340141929834E-04
  2.266498487233E+02  2.291095964542E+02  1.715559002856E+01  9.876231270879E-15  1.112648885210E-02  2.951402046093E+02  2.082714037236E-01  2.564004251303E-01 -1.711139078764E-01 -4.071667278237E-03  2.078591719147E-01  1.600905072139E+00  1.611214397283E-03 -2.261833652227E-02  2.100712212542E-02 -1.142879183317E-02 -1.476722181845E-03 -1.673594806588E-06 -3.817619167714E-06 -4.271758062364E-06  5.292327063164E-02  1.673594759661E-06  1.084568642826E-02  1.403679861371E-20 -4.665135073767E-21  2.596530890215E-20 -6.939247985062E-04
  2.315693441850E+02  2.341028843478E+02  1.717151076331E+01  1.056780856400E-14  1.449566333541E-02  2.956755920251E+02  2.082560231514E-01  2.541198943574E-01 -1.696949306715E-01 -4.145475492435E-03  2.671133264221E-01  1.587548359228E+00  1.121000502276E-03 -2.148007108346E-02  2.035907058083E-02 -1.084504149023E-02 -1.470814676829E-03 -4.087628538283E-06 -4.062952675207E-06 -5.148340947209E-06  4.992365468835E-02  4.087628565435E-06  1.124005709746E-02  4.757883359746E-21 -1.131084873120E-20  1.818326647160E-20 -6.665173515147E-04
  2.366364245106E+02  2.392459708782E+02  1.718719891095E+01  1.134308727675E-14  1.822690755419E-02  2.962032494245E+02  2.082558297067E-01  2.517976611976E-01 -1.682297717085E-01 -4.219263691566E-03  3.325766482385E-01  1.575542751742E+00  7.316002171639E-04 -2.039052098857E-02  1.965892077160E-02 -1.050926011423E-02 -1.504668971434E-03 -3.161269750525E-06 -4.352881550262E-06 -4.097154804993E-06  4.773592517178E-02  3.161269768601E-06  1.172945942797E-02  1.553203574465E-20 -1.249843228298E-20  3.866956086765E-20 -6.432206118515E-04
  2.418555172459E+02  2.445433500046E+02  1.720264958523E+01  1.224771109185E-14  2.213085812070E-02  2.967226979442E+02  2.082973479142E-01  2.491816335567E-01 -1.667550363629E-01 -4.303509466716E-03  4.005669117809E-01  1.564865825089E+00  2.990796057463E-04 -1.931184868501E-02  1.901276907931E-02 -1.003876118959E-02 -1.499679986156E-03 -9.370856443407E-07 -4.790472096613E-06 -4.593471656678E-06  4.507806002274E-02  9.370856761221E-07  1.167707632379E-02  7.052519636342E-21 -9.863091963039E-21  2.982883044610E-20 -6.119500545394E-04
  2.472311827633E+02  2.499996505047E+02  1.721749735109E+01  1.345439529464E-14  2.607260700577E-02  2.972208851620E+02  2.083601835660E-01  2.467041039319E-01 -1.652147320046E-01 -4.378018550962E-03  4.689666906686E-01  1.557595336912E+00 -1.245035032053E-04 -1.818925803536E-02  1.831376153852E-02 -9.598481896625E-03 -1.505825355483E-03 -1.451197435026E-06 -5.221396102531E-06 -5.091117167738E-06  4.292604965829E-02  1.451197428142E-06  1.099473196644E-02 -8.375338513067E-21 -1.104545688245E-21  3.410490913225E-20 -5.937543562030E-04
  2.527681182462E+02  2.556196400198E+02  1.723236079520E+01  1.487510671641E-14  2.974882238863E-02  2.977204359047E+02  2.083899056677E-01  2.442575231118E-01 -1.636919451434E-01 -4.416926524232E-03  5.326441458653E-01  1.552982540109E+00 -5.037180817901E-04 -1.712388688550E-02  1.762760496751E-02 -9.437125776254E-03 -1.468729007193E-03 -1.368309177729E-06 -5.120814279900E-06 -4.540432798257E-06  4.135246312409E-02  1.368309225413E-06  1.049096231327E-02  4.316667899205E-21 -9.227410069523E-21  1.622214760529E-20 -5.829370868810E-04
  2.584711617935E+02  2.614082292204E+02  1.724696572424E+01  1.583747904233E-14  3.355514210269E-02  2.982115099181E+02  2.084342500629E-01  2.416698683410E-01 -1.620843930883E-01 -4.499546504423E-03  5.994276426074E-01  1.546436781314E+00 -8.394415125554E-04 -1.601776588580E-02  1.685720739835E-02 -9.187528344421E-03 -1.414165519826E-03 -2.331315265375E-06 -4.775889307796E-06 -8.019378184237E-06  3.920263153021E-02  2.331315256583E-06  1.090975585459E-02  3.923443498745E-21 -1.334146626483E-20  3.506188999818E-20 -5.600940811643E-04
  2.643452966473E+02  2.673704760971E+02  1.726112572397E+01  1.587374253310E-14  3.775552663654E-02  2.986878000312E+02  2.084876925071E-01  2.395567198896E-01 -1.605115648504E-01 -4.515319090386E-03  6.730942154746E-01  1.540437572267E+00 -1.209847134644E-03 -1.491838573048E-02  1.612823286524E-02 -8.745263851925E-03 -1.480202715896E-03 -1.262373869429E-06 -4.664155751114E-06 -1.020739194404E-05  3.756046036596E-02  1.262373883683E-06  1.114233142175E-02  6.629209521243E-22 -1.018971398845E-20  3.180345967639E-21 -5.377723280661E-04
  2.703956555468E+02  2.735115903800E+02  1.727535378665E+01  1.487465586900E-14  4.197156811506E-02  2.991665582293E+02  2.085554948666E-01  2.379953347885E-01 -1.588625258064E-01 -4.588555388283E-03  7.468923921580E-01  1.538690132402E+00 -1.607151031110E-03 -1.389816299265E-02  1.550531402368E-02 -8.499887942570E-03 -1.433646085795E-03 -7.118726169343E-07 -4.405780157694E-06 -1.078255390842E-05  3.504493918598E-02  7.118726030656E-07  1.104456103911E-02 -1.480253296463E-20 -6.935228876327E-21  2.842736456052E-20 -5.168057514253E-04
  2.766275252132E+02  2.798369380914E+02  1.728841311004E+01  1.349024875821E-14  4.634940083909E-02  2.996059537080E+02  2.086282900300E-01  2.369176347430E-01 -1.572486649464E-01 -4.587469340267E-03  8.234677527295E-01  1.536346631775E+00 -1.949061668832E-03 -1.280571537979E-02  1.475477704893E-02 -8.035555845335E-03 -1.447783692692E-03 -2.045989068485E-07 -4.209064497078E-06 -7.755002780920E-06  3.242653781254E-02  2.045988921995E-07  1.033518430065E-02 -1.247471623279E-20 -6.451418823162E-21  2.467861691193E-20 -4.955529532604E-04
  2.830463509696E+02  2.863520462341E+02  1.730135817050E+01  1.210697148546E-14  5.025757859792E-02  3.000413164591E+02  2.086665119977E-01  2.361577300673E-01 -1.555234662232E-01 -4.656281122743E-03  8.919682103814E-01  1.535843053316E+00 -2.268023760002E-03 -1.169485970399E-02  1.396288346387E-02 -7.810003755126E-03 -1.292692381604E-03 -1.255978081984E-06 -4.334328708763E-06 -3.947875224149E-06  3.027220783380E-02  1.255978077497E-06  8.725464034051E-03 -2.755857093189E-20 -6.091671217298E-21  2.003658085994E-20 -4.729264944379E-04
  2.896577414987E+02  2.930626076211E+02  1.731341957270E+01  1.052789202568E-14  5.354263463359E-02  3.004461761953E+02  2.086785465063E-01  2.351601010732E-01 -1.537996790176E-01 -4.625470931782E-03  9.488885988195E-01  1.537659941181E+00 -2.716178352698E-03 -1.050572090909E-02  1.322189926175E-02 -7.337725076184E-03 -1.186560806085E-03 -8.766288101180E-07 -3.895578679067E-06 -1.873381368769E-07  2.763755693054E-02  8.766287835556E-07  7.055205938202E-03 -2.094416432096E-20 -5.898069073526E-21  2.672785882602E-20 -4.459461522158E-04
  2.964674737436E+02  2.999744858498E+02  1.732488787967E+01  9.606824595091E-15  5.625557751829E-02  3.008307022699E+02  2.086428037708E-01  2.344226487913E-01 -1.520084706811E-01 -4.635504169258E-03  9.961973604802E-01  1.536644823417E+00 -3.143274543090E-03 -9.350566061882E-03  1.249384060507E-02 -6.922474273552E-03 -1.024589287901E-03  8.100096947668E-07 -2.601189637690E-06  7.603659259111E-07  2.539721721617E-02 -8.100097257382E-07  6.992403450992E-03 -2.881484959755E-20 -7.702882662925E-21  1.317109919985E-20 -4.191018726704E-04
  3.034814979559E+02  3.070937204253E+02  1.733569047786E+01  9.752173063595E-15  5.969139501632E-02  3.011915321339E+02  2.083550142399E-01  2.336222612515E-01 -1.501322704133E-01 -4.567094490850E-03  1.055067968733E+00  1.537263933993E+00 -3.464636402794E-03 -8.248639465766E-03  1.171327586856E-02 -6.572100072040E-03 -1.131052577126E-03  3.961167799358E-06 -7.455437154809E-07 -8.239452655262E-07  2.430985376162E-02 -3.961167809767E-06  7.550523772802E-03 -1.760672668055E-20  3.091617339031E-21  4.663511861925E-21 -4.108668022676E-04
  3.107059428946E+02  3.144265320380E+02  1.734683608323E+01  1.035684595088E-14  6.309265470165E-02  3.015651232118E+02  2.077777446140E-01  2.331002277272E-01 -1.482233728681E-01 -4.540952734656E-03  1.114530583360E+00  1.545856410200E+00 -3.897344099502E-03 -7.153492078070E-03  1.105083617780E-02 -6.541427515629E-03 -1.088135146046E-03  3.272978766790E-06  1.410168754314E-06  1.375667081834E-06  2.284813938432E-02 -3.272978776787E-06  6.919556914679E-03 -2.218168204443E-20 -3.752397276792E-21  6.620445800203E-21 -4.003105586750E-04
  3.181471211814E+02  3.219793279992E+02  1.735694341198E+01  1.072392731618E-14  6.613667879240E-02  3.019026707589E+02  2.071031894153E-01  2.326056202757E-01 -1.462716352432E-01 -4.430116176937E-03  1.167613998886E+00  1.549586925654E+00 -4.367466262013E-03 -5.957976836146E-03  1.032544309801E-02 -6.227328816498E-03 -9.253388944645E-04  4.555999810523E-06  3.536211362017E-06  5.330554224577E-06  2.139113562181E-02 -4.555999833223E-06  5.844797099675E-03 -2.238839670970E-20 -8.822707424894E-21  1.202437618145E-21 -3.867968799701E-04
  3.258115348169E+02  3.297587078391E+02  1.736735493009E+01  9.816377600826E-15  6.869010857827E-02  3.022517905672E+02  2.063918103107E-01  2.322913189334E-01 -1.441908133367E-01 -4.374333962881E-03  1.212830523679E+00  1.553864491396E+00 -4.722639725020E-03 -4.676690471256E-03  9.399330196234E-03 -6.159955220971E-03 -6.253625436172E-04  4.163218487871E-06  5.111980722171E-06  2.256762717463E-06  2.112034380118E-02 -4.163218489598E-06  3.032781764993E-03 -2.164306747436E-21  6.146564574273E-21  7.374069144637E-21 -3.842023381035E-04
  3.337058808614E+02  3.377714690743E+02  1.737781983152E+01  8.771563625905E-15  6.911576381445E-02  3.026029463869E+02  2.055254185281E-01  2.323268279392E-01 -1.421214722908E-01 -4.247114660906E-03  1.222599492889E+00  1.563424077033E+00 -5.148266154441E-03 -3.410818670674E-03  8.559084825116E-03 -6.185517436347E-03 -4.286517626846E-06  3.061887676881E-06  5.370655305425E-06  4.105232556353E-07  2.168029664874E-02 -3.061887687012E-06  1.601189514933E-04 -7.578771864489E-21 -9.828828734333E-21  4.346596067017E-21 -3.976818023651E-04
  3.418370572872E+02  3.460246131465E+02  1.738940105797E+01  9.452969367922E-15  6.883127526860E-02  3.029934329174E+02  2.044869327632E-01  2.337314492803E-01 -1.397552794175E-01 -4.128356566645E-03  1.219613993840E+00  1.579573927153E+00 -5.572429835356E-03 -2.297060096397E-03  7.869489931396E-03 -6.545438212902E-03  1.214304789221E-04  2.898193637892E-06  4.931480203720E-06  1.847693074134E-06  2.225705852070E-02 -2.898193640961E-06 -6.358643395415E-04 -3.434902514128E-20 -7.454006160636E-21  7.474508987707E-21 -4.101725358009E-04
  3.502121690058E+02  3.545253515409E+02  1.740110929939E+01  1.089351800316E-14  6.842751341634E-02  3.033890820081E+02  2.033118589742E-01  2.351764236041E-01 -1.375600955888E-01 -3.899296264462E-03  1.214206032728E+00  1.591356366419E+00 -5.860177833311E-03 -1.322725495261E-03  7.182903328658E-03 -6.579520683339E-03  6.551201442727E-05  3.430175881640E-06  4.848759402254E-06  3.058806807215E-06  2.317342119857E-02 -3.430175879532E-06 -1.041243277443E-03 -2.032161512489E-20 -3.157614741263E-21 -5.970976121854E-21 -4.199089862080E-04
  3.588385340760E+02  3.632811120872E+02  1.741438834820E+01  1.186847610931E-14  6.769237963624E-02  3.038399683182E+02  2.018976718576E-01  2.376945745516E-01 -1.349708768715E-01 -3.758272957451E-03  1.202592644365E+00  1.604687113746E+00 -6.093848036161E-03 -1.788657040853E-04  6.272713740345E-03 -6.871599404177E-03  1.618954724208E-04  1.053440098596E-06  4.776700564048E-06  2.721825050681E-06  2.509432998089E-02 -1.053440120305E-06 -2.022685934958E-03  1.312099812374E-21  1.238671777287E-21  3.840210317950E-21 -4.376700576268E-04
  3.677236900983E+02  3.722995454498E+02  1.742898372896E+01  1.252958775506E-14  6.617720535043E-02  3.043364940456E+02  2.002543200957E-01  2.399149019984E-01 -1.325551223568E-01 -3.520502466297E-03  1.177234560124E+00  1.615882554335E+00 -6.401871489748E-03  1.021203228348E-03  5.380668261606E-03 -7.171109731956E-03  2.921248437614E-04  2.408555672157E-06  4.960536565814E-06  2.809093402686E-06  2.694270137986E-02 -2.408555664593E-06 -3.526983301348E-03 -1.775707193678E-20  1.451567993026E-20  3.081164958222E-21 -4.628420694967E-04
  3.768754008012E+02  3.815885318133E+02  1.744520971620E+01  1.299838824539E-14  6.366582485273E-02  3.048894641572E+02  1.984178069844E-01  2.426813612141E-01 -1.297625778059E-01 -3.346342350912E-03  1.134380758638E+00  1.630490407473E+00 -6.648891774362E-03  2.088487316663E-03  4.560404457617E-03 -7.628547816075E-03  5.187853756101E-04  3.175028475959E-06  5.003887048596E-06  5.663299230840E-06  2.870316762638E-02 -3.175028479944E-06 -5.308643411082E-03 -2.108878916136E-20  2.059667270756E-21  1.381648116564E-21 -4.884036753341E-04
  3.863016628253E+02  3.911561877677E+02  1.746281062743E+01  1.216928164141E-14  5.993220747121E-02  3.054914686453E+02  1.963031133215E-01  2.459929972914E-01 -1.270757300770E-01 -3.055334903557E-03  1.070921715976E+00  1.647952350857E+00 -6.774070698685E-03  3.126883211312E-03  3.647187487463E-03 -8.045160892387E-03  8.631743984323E-04  3.761753745738E-06  4.098352239310E-06  2.900707344047E-06  3.075938186859E-02 -3.761753762156E-06 -6.392028419670E-03  4.297753366812E-21  1.817323240517E-21  1.380489370030E-20 -5.243105295849E-04
  3.960107127100E+02  4.010108734007E+02  1.748254205140E+01  1.121987153070E-14  5.591558550079E-02  3.061654588434E+02  1.938716817194E-01  2.486269545921E-01 -1.241979917403E-01 -2.855775385805E-03  1.002022182384E+00  1.666633972473E+00 -6.977701541481E-03  4.210198381924E-03  2.767503159504E-03 -8.686820095873E-03  9.358405958167E-04  1.777941231532E-07  3.084128084305E-06  4.605523922872E-06  3.313336783366E-02 -1.777941478654E-07 -6.632419992120E-03 -2.553411801847E-20  6.668952369916E-21 -4.926071070781E-21 -5.577667946934E-04
  4.060110340913E+02  4.111611996027E+02  1.750423407645E+01  1.287788408896E-14  5.165183885909E-02  3.069128190918E+02  1.911656351164E-01  2.495013309444E-01 -1.213193387003E-01 -2.589735522625E-03  9.298298273927E-01  1.690788635539E+00 -7.254632802926E-03  5.318607499870E-03  1.936025302992E-03 -9.174953924217E-03  1.017196404954E-03 -5.041250044285E-06  2.301740782779E-06  5.318996393834E-06  3.565849403383E-02  5.041250075017E-06 -7.637511304409E-03 -2.238740551726E-20 -4.802572901186E-21  1.877990302738E-21 -5.949208582660E-04
  4.163113651141E+02  4.216160355908E+02  1.752846951822E+01  1.576392546591E-14  4.609710763240E-02  3.077471027970E+02  1.882115508137E-01  2.483390368563E-01 -1.182917420459E-01 -2.362399179996E-03  8.342640677545E-01  1.713916595311E+00 -7.555789889068E-03  6.474977402260E-03  1.080812486624E-03 -9.880771382236E-03  1.254323366372E-03 -3.963927643154E-06  1.869327919457E-06  2.624832062247E-06  3.705418712102E-02  3.963927656615E-06 -8.726405756767E-03 -1.515945550064E-20  6.095824400871E-23 -8.680715218983E-22 -6.293258408539E-04
  4.269207060675E+02  4.323845166585E+02  1.755337845134E+01  1.771050652776E-14  4.009512363206E-02  3.086075633245E+02  1.849913168324E-01  2.477817279311E-01 -1.152434045049E-01 -2.177512267713E-03  7.317870097256E-01  1.742586268449E+00 -7.764816787252E-03  7.474101948631E-03  2.907148389372E-04 -1.019398384447E-02  1.358141104472E-03 -2.833670860069E-06  2.428226908220E-06  2.092717149771E-06  3.702207255911E-02  2.833670885523E-06 -7.881997685890E-03 -1.574398637565E-20 -1.041776026774E-20 -9.935775293198E-21 -6.452478950455E-04
  4.378483272495E+02  4.434760521583E+02  1.757902166422E+01  1.967370638507E-14  3.533348661587E-02  3.094912265303E+02  1.815976823057E-01  2.479269539005E-01 -1.120785644852E-01 -1.886407802530E-03  6.504954181576E-01  1.767981292302E+00 -7.927784693101E-03  8.321799343932E-03 -3.940146507702E-04 -1.045498410477E-02  1.122655841734E-03 -6.940209780562E-06  2.150545654855E-06  1.159437425362E-06  3.637692482486E-02  6.940209766345E-06 -7.522823004535E-03 -2.998345897705E-20 -7.387222952192E-21 -6.241160911095E-21 -6.480208562564E-04
  4.491037770670E+02  4.549003337230E+02  1.760453326006E+01  2.233863123415E-14  2.949797191376E-02  3.103735226457E+02  1.781787198637E-01  2.480152057523E-01 -1.089591698968E-01 -1.618167410063E-03  5.499176721694E-01  1.786883719580E+00 -8.151746790074E-03  9.243019895495E-03 -1.091273105278E-03 -1.022118295133E-02  1.313312540564E-03 -3.429939700616E-06  1.395956450096E-06  1.826621160001E-06  3.514050607905E-02  3.429939736941E-06 -6.640773952304E-03 -2.931329880632E-20 -6.545752156780E-21 -1.228162581207E-20 -6.294764423732E-04
  4.606968903790E+02  4.666673437347E+02  1.762992810143E+01  2.356785224154E-14  2.569947594512E-02  3.112535912022E+02  1.745942660726E-01  2.468792277813E-01 -1.056407073066E-01 -1.496385975641E-03  4.848943590665E-01  1.815753799828E+00 -8.312669048311E-03  1.001062186392E-02 -1.697952815558E-03 -1.007852118284E-02  8.641797555117E-04  5.022717349636E-07  1.419560694905E-06  4.526777031264E-06  3.546424691321E-02 -5.022717264281E-07 -3.960671469336E-03 -1.869579820233E-20 -4.567197262838E-21 -9.870166008310E-21 -6.419602900104E-04
  4.726377970904E+02  4.787873640468E+02  1.765747398287E+01  2.194305385543E-14  2.357609838846E-02  3.122112511833E+02  1.707646687493E-01  2.446016040285E-01 -1.023951996020E-01 -1.182851654252E-03  4.491151735533E-01  1.857907945403E+00 -8.644149963821E-03  1.095159714947E-02 -2.307447185718E-03 -1.040670226203E-02  5.611506098856E-04  6.154796715169E-06  3.820825501417E-07  2.487686926349E-06  3.599816024918E-02 -6.154796722367E-06 -2.404352873237E-03 -2.057416617317E-20  1.739387831114E-21 -1.022926807759E-20 -6.531943458524E-04
  4.849369310031E+02  4.912709849682E+02  1.768529473255E+01  1.762308383714E-14  2.200042391632E-02  3.131768202077E+02  1.671365572532E-01  2.409256443762E-01 -9.910148892186E-02 -1.049993467303E-03  4.235828129718E-01  1.889675297617E+00 -8.845958273263E-03  1.193044644029E-02 -3.084488166996E-03 -1.058881105534E-02  5.500109393994E-04  4.448523343074E-06 -2.369700403266E-06  5.813532345948E-06  3.529492705370E-02 -4.448523376481E-06 -3.294375673639E-03 -6.968357941069E-21  7.681558780233E-21 -9.257539439545E-21 -6.607654337450E-04
  4.976050389332E+02  5.041291145172E+02  1.771338670395E+01  1.026240232839E-14  1.837288240131E-02  3.141550742071E+02  1.637721243464E-01  2.355537339140E-01 -9.576660311458E-02 -6.924353943447E-04  3.602404871518E-01  1.931226509871E+00 -8.963775067447E-03  1.271032693569E-02 -3.746551868117E-03 -1.046081936308E-02  8.418214738867E-04  1.443184688510E-06 -4.947551836177E-06  8.512486646102E-06  3.491256997504E-02 -1.443184702358E-06 -2.710963477017E-03 -2.297664769656E-20  8.215347071651E-22 -1.932643745090E-20 -6.599815827741E-04
  5.106531901012E+02  5.173729879527E+02  1.774225119646E+01  4.606798449658E-15  1.758267172523E-02  3.151610849682E+02  1.600967956615E-01  2.298467053219E-01 -9.247704958049E-02 -5.096135093662E-04  3.448667588639E-01  1.973374897338E+00 -9.119494268388E-03  1.355936450618E-02 -4.439870237540E-03 -1.067910436491E-02  1.424514112279E-04 -2.071923655420E-06 -5.275114391649E-06  7.174531030259E-06  3.548891791587E-02  2.071923625632E-06 -4.655052742615E-05 -1.300015771364E-20 -3.118286476229E-21 -1.005691319548E-20 -6.736988508012E-04
  5.240927858042E+02  5.310141775913E+02  1.777300435946E+01  2.806523532091E-15  1.828317999601E-02  3.162372315138E+02  1.561743921135E-01  2.238313478686E-01 -8.926999253496E-02 -3.039518319978E-04  3.572716300328E-01  2.021995096711E+00 -9.394412008292E-03  1.449134792106E-02 -5.096935912805E-03 -1.094502085942E-02 -1.723280284275E-04 -8.780622920857E-08 -2.841162805526E-06  1.715552508326E-06  3.675611926423E-02  8.780621630065E-08  2.467192818686E-03 -8.017882253340E-21  3.921173040338E-22  8.847924249224E-21 -6.982407716912E-04
  5.379355693784E+02  5.450646029190E+02  1.780586002905E+01  1.262186535844E-15  2.185553002691E-02  3.173926227018E+02  1.524660974013E-01  2.182079744648E-01 -8.621691152584E-02 -2.052817444547E-04  4.182187210268E-01  2.066863608657E+00 -9.584106483025E-03  1.529493762207E-02 -5.710831138830E-03 -1.138699720392E-02 -7.539787567193E-04 -2.219088352432E-06 -1.117237462036E-06  9.859626856727E-07  3.681290744507E-02  2.219088337427E-06  3.837812766834E-03 -1.558154655184E-20  1.102402545775E-20 -8.797347848650E-21 -7.066606986119E-04
  5.521936364597E+02  5.595365410066E+02  1.783861854926E+01 -1.530275616872E-15  2.515291131966E-02  3.185466825067E+02  1.491821516322E-01  2.141000309196E-01 -8.284131254188E-02 -1.690338745727E-04  4.759910082286E-01  2.099396877778E+00 -9.353193089680E-03  1.553956318307E-02 -6.186370093556E-03 -1.126425148698E-02 -6.692335717937E-04  3.208183082700E-07 -2.757095948346E-06 -3.369713787386E-06  3.697579981640E-02 -3.208183095614E-07  3.301966981661E-03 -1.852073205827E-20 -9.374125914718E-22 -5.411411869580E-21 -7.195838235164E-04
  5.668794455535E+02  5.743794455535E+02  1.787373433903E+01 -4.359746071103E-15  2.794086704260E-02  3.197882159249E+02  1.459791668880E-01  2.089914952796E-01 -7.979910024434E-02 -2.786273564831E-04  5.239009590962E-01  2.139152572969E+00 -9.275497470229E-03  1.593035677971E-02 -6.654859309377E-03 -1.183566428070E-02 -5.564130000808E-04  1.831836964598E-07 -5.217883180736E-06 -8.923257053071E-06  3.906465685756E-02 -1.831837216238E-07  3.259767480029E-03 -5.198186223786E-22  4.873856096265E-21 -1.097684204240E-21 -7.739294670571E-04
  5.818794455535E+02  5.893794455535E+02  1.791187430548E+01 -5.872735457657E-15  3.126424678950E-02  3.211400388327E+02  1.428468498278E-01  2.040360105962E-01 -7.640624612866E-02 -3.793148302089E-04  5.812493656811E-01  2.127366588513E+00 -9.006633545645E-03  1.567453075426E-02 -6.667897208568E-03 -1.263643144753E-02 -6.210919434784E-04  3.958017729491E-06 -5.863089592508E-06 -8.876062415361E-06  4.150601216491E-02 -3.958017733833E-06  3.419780563362E-03 -8.185090398227E-21  7.967288670825E-21  3.875202782712E-21 -7.983049543608E-04
  5.968794455535E+02  6.043794455535E+02  1.795155847140E+01 -6.011100760669E-15  3.434363740967E-02  3.225510384198E+02  1.397506423950E-01  1.996849785178E-01 -7.356102652338E-02 -5.750595938681E-04  6.365070059210E-01  2.121581367544E+00 -8.729875382615E-03  1.540702215625E-02 -6.677146773542E-03 -1.303189305000E-02 -5.031650422156E-04 -6.825882227284E-07 -5.191541097597E-06 -9.813027828522E-06  4.381359121899E-02  6.825882089483E-07  3.976801820648E-04 -2.570687400322E-20 -3.171057633777E-22 -5.042460831979E-21 -8.440281284178E-04
  6.118794455535E+02  6.193794455535E+02  1.799401481768E+01 -6.852582737360E-15  3.199893030319E-02  3.240640586430E+02  1.365660926334E-01  1.934194873914E-01 -7.026948769789E-02 -6.188547392276E-04  5.948732377678E-01  2.107124175877E+00 -8.743950293263E-03  1.532182556395E-02 -6.577875270774E-03 -1.383732516063E-02  1.086466072248E-04 -5.197533072280E-06 -5.081675508480E-06 -4.510617475272E-06  4.601104183209E-02  5.197533081886E-06 -1.612303614193E-03 -2.021223988886E-20 -2.519321365928E-21  2.156343278766E-21 -8.663987079132E-04
  6.268794455535E+02  6.343794455535E+02  1.803781348594E+01 -7.632083333375E-15  3.131115705004E-02  3.256306874766E+02  1.332853858990E-01  1.887917054642E-01 -6.755069864077E-02 -8.751275354821E-04  5.843125987146E-01  2.085775621214E+00 -8.500237393313E-03  1.492500563571E-02 -6.424768242295E-03 -1.378818760255E-02  7.770453944768E-05 -4.116783903154E-06 -3.748943569038E-06 -2.516340722263E-06  4.693465153664E-02  4.116783908227E-06 -3.097403407459E-03 -1.581170274777E-20  7.381620398515E-21 -2.712986540406E-22 -8.571425407729E-04
  6.418794455535E+02  6.493794455535E+02  1.808201640001E+01 -6.899800464773E-15  2.620085682850E-02  3.272165736333E+02  1.296277447987E-01  1.840261043187E-01 -6.455287432376E-02 -1.095558457992E-03  4.955677689029E-01  2.065823235521E+00 -8.635334571793E-03  1.476073142121E-02 -6.125396849480E-03 -1.369820253073E-02  1.077885438989E-03 -2.256509727487E-06 -1.392483679446E-06 -1.386300870180E-06  4.497457147048E-02  2.256509739565E-06 -5.431261886760E-03 -1.062290306254E-20 -2.698818196215E-21 -2.077977731283E-20 -8.412173381810E-04
  6.568794455535E+02  6.643794455535E+02  1.812215293441E+01 -6.768503003444E-15  2.114935053882E-02  3.286598816906E+02  1.257023526105E-01  1.799050714112E-01 -6.171483067639E-02 -1.505754163417E-03  4.067937594260E-01  2.046208937099E+00 -8.474232747843E-03  1.473337663667E-02 -6.259143888774E-03 -1.323397409580E-02  1.174550365787E-03 -5.355941953165E-07  6.931794476073E-07 -1.262546574127E-06  4.539379528873E-02  5.355941846772E-07 -6.767989893415E-03 -9.422292861645E-21 -2.789588570686E-21 -1.414179552564E-20 -8.488187786016E-04
  6.718794455535E+02  6.793794455535E+02  1.816713256073E+01 -7.898648170708E-15  1.353018885293E-02  3.302838450653E+02  1.221352690111E-01  1.750342022631E-01 -5.871089670702E-02 -1.477457628668E-03  2.707906011621E-01  2.042117766598E+00 -8.256647088707E-03  1.468918442574E-02 -6.432537336899E-03 -1.397595999091E-02  1.528877361800E-03 -1.461363352983E-06  3.426694297852E-06  3.046073300317E-06  4.647795096947E-02  1.461363352784E-06 -7.591246862747E-03 -1.898738472376E-20 -2.600126929202E-21 -1.761906282700E-20 -8.632705345808E-04
  6.868794455535E+02  6.943794455535E+02  1.820931350260E+01 -8.043195739068E-15  6.937596556621E-03  3.318098018312E+02  1.188359166505E-01  1.700854956347E-01 -5.600701434079E-02 -1.886642212797E-03  1.507345106586E-01  2.020784734631E+00 -8.116407248874E-03  1.431127459940E-02 -6.194867350632E-03 -1.333490742543E-02  1.227727753159E-03  2.408784637923E-06  5.219121342701E-06  1.127491501702E-06  4.493790248116E-02 -2.408784636874E-06 -5.969695256128E-03 -2.068671272468E-20  9.467007183207E-21 -1.613901842804E-21 -8.146548103080E-04
  7.018794455535E+02  7.093794455535E+02  1.825140804758E+01 -5.941052048467E-15  2.341024373415E-03  3.333376222457E+02  1.156911944291E-01  1.647225224022E-01 -5.329027158580E-02 -1.844956522420E-03  6.684226916054E-02  1.988774956541E+00 -7.773217494511E-03  1.378009886702E-02 -6.006881372567E-03 -1.283437044840E-02  7.347787761511E-04  2.821266468862E-06  5.323177964487E-06  8.059407512510E-07  4.436101819264E-02 -2.821266437852E-06 -6.235700958535E-03 -8.114295337788E-21 -6.377323507804E-22 -1.158393256907E-20 -7.909132121800E-04
  7.168794455535E+02  7.243794455535E+02  1.829248299650E+01 -4.574418679496E-15 -4.775667562015E-03  3.348324482494E+02  1.126078158721E-01  1.582578647252E-01 -5.075149072720E-02 -2.239696331380E-03 -6.372218577958E-02  1.976294831331E+00 -7.587672070209E-03  1.359450782568E-02 -6.006835755484E-03 -1.263330717064E-02  1.331781909334E-03  5.397556677430E-07  4.890688858735E-06  2.975300602895E-06  4.369344349517E-02 -5.397556707249E-07 -8.165480619597E-03 -2.311010432743E-20 -5.896308583718E-22 -3.330059109099E-20 -7.866181559270E-04
  7.318794455535E+02  7.393794455535E+02  1.833332193878E+01 -4.185107700209E-15 -1.298314235085E-02  3.363220868283E+02  1.095323897625E-01  1.530666288135E-01 -4.800588535440E-02 -2.311338875687E-03 -2.150012048290E-01  1.928816881477E+00 -7.438741744847E-03  1.294889238679E-02 -5.510150641921E-03 -1.233294685588E-02  1.801766226928E-03  3.055785190994E-07  3.315453875610E-06  5.659669554196E-06  4.281234988428E-02 -3.055785197443E-07 -8.642577799716E-03 -8.088242876627E-21  3.865907120317E-23 -1.553811244696E-20 -7.402578093425E-04
  7.468794455535E+02  7.543794455535E+02  1.837275968080E+01 -3.892570872114E-15 -2.097734360961E-02  3.377634653395E+02  1.063406705978E-01  1.493351639984E-01 -4.558715188786E-02 -2.654344564956E-03 -3.629035893700E-01  1.885890311056E+00 -7.122440222349E-03  1.230082396476E-02 -5.178383742488E-03 -1.138175632233E-02  1.609475605079E-03 -6.860136744501E-07  1.740375672592E-06  8.514691527884E-06  4.117678235833E-02  6.860136678918E-07 -9.274174655739E-03  1.169474767086E-21 -6.307209601143E-21 -1.792150782052E-20 -6.924091539597E-04
  7.618794455535E+02  7.693794455535E+02  1.841053959128E+01 -4.457257479773E-15 -3.037164133635E-02  3.391478824091E+02  1.029200961280E-01  1.451986385300E-01 -4.304981853551E-02 -2.465280817253E-03 -5.379897092636E-01  1.857121600566E+00 -6.923824644621E-03  1.206481527026E-02 -5.140990625591E-03 -1.083034510168E-02  1.809393770431E-03 -3.265259837993E-06  9.534471675049E-07  4.760569374091E-06  3.819052211840E-02  3.265259848066E-06 -9.130097591558E-03 -4.757869926966E-21 -1.533836265710E-22 -2.490326389115E-20 -6.496520339999E-04
  7.768794455535E+02  7.843794455535E+02  1.844437120608E+01 -4.981333343497E-15 -3.809897977189E-02  3.403897331882E+02  9.941750924457E-02  1.425403873394E-01 -4.067337855674E-02 -2.692010654301E-03 -6.836370767828E-01  1.824362328571E+00 -6.845349780719E-03  1.175509199178E-02 -4.909742210919E-03 -9.917135167211E-03  1.729331093536E-03  9.137840998509E-08  5.965434204989E-07  7.245476645407E-06  3.577001014833E-02 -9.137840846477E-08 -7.386012678059E-03 -7.798011216775E-21 -1.245901745545E-21 -3.262266587409E-20 -6.079288760877E-04
  7.918794455535E+02  7.993794455535E+02  1.847759786240E+01 -5.936983760516E-15 -4.421555130931E-02  3.416105572581E+02  9.571272857482E-02  1.394774122905E-01 -3.814310626990E-02 -2.592846367173E-03 -8.006897710081E-01  1.802253731293E+00 -6.805880736294E-03  1.159611350783E-02 -4.790232771475E-03 -9.532949124399E-03  9.963354069596E-04 -2.503914386340E-06 -2.244997795962E-07  8.213820815748E-06  3.573552320240E-02  2.503914358765E-06 -5.307973395385E-03 -1.361289504110E-20  6.179446727281E-22 -2.681039660489E-20 -5.859945451402E-04
  8.068794455535E+02  8.143794455535E+02  1.851136027327E+01 -6.973127081542E-15 -4.804258943256E-02  3.428523171024E+02  9.184333775407E-02  1.347823066971E-01 -3.566210117213E-02 -2.574092551813E-03 -8.760387389956E-01  1.778732886230E+00 -6.720051237546E-03  1.156056151394E-02 -4.840510276177E-03 -9.331236172106E-03  7.489435756222E-04 -5.086925862431E-06 -1.923269243926E-06  6.458685442249E-06  3.524726544369E-02  5.086925863979E-06 -4.312483062711E-03 -6.416172707597E-21 -3.555694531853E-21 -2.213110891194E-20 -5.756098447841E-04
  8.218794455535E+02  8.293794455535E+02  1.854368020239E+01 -6.442421610654E-15 -5.229925726226E-02  3.440425680687E+02  8.816387394019E-02  1.290198344748E-01 -3.317817860618E-02 -2.656228975258E-03 -9.574785901057E-01  1.760011241777E+00 -6.509201720095E-03  1.124636545901E-02 -4.737163738836E-03 -9.156213513777E-03  7.194687472505E-04 -3.630896081511E-06 -2.765730080464E-06  4.404738339726E-06  3.476262136189E-02  3.630896079804E-06 -3.644100097393E-03 -2.694210402055E-21 -1.426426445631E-20 -2.521394817080E-20 -5.733602517928E-04
  8.368794455535E+02  8.443794455535E+02  1.857653785019E+01 -6.649990165012E-15 -5.487933173479E-02  3.452542921489E+02  8.430142858638E-02  1.233752002104E-01 -3.057164479102E-02 -2.409392772914E-03 -1.008862327236E+00  1.732667528552E+00 -6.357555558292E-03  1.094159880337E-02 -4.584043245032E-03 -9.192310464219E-03  3.424646371015E-04  4.232285138308E-06 -2.050327989379E-06  4.561692320338E-06  3.552642867014E-02 -4.232285135184E-06 -2.706617927408E-03 -7.289321482638E-21 -2.245363178217E-21 -2.841550126039E-20 -5.732824522849E-04
  8.518794455535E+02  8.593794455535E+02  1.861029244531E+01 -8.667615742618E-15 -5.737295558165E-02  3.465037441342E+02  8.011270100573E-02  1.186546098948E-01 -2.797669973782E-02 -2.326545891740E-03 -1.057821152004E+00  1.702796761647E+00 -6.262823180515E-03  1.066090633263E-02 -4.398083152048E-03 -9.025083483657E-03  3.665784097675E-04  1.468934417495E-06 -1.017887991159E-06  1.680691905606E-06  3.519699090969E-02 -1.468934423762E-06 -3.005414108740E-03 -9.578377825302E-21  1.736490684224E-21 -2.100817458868E-20 -5.521937354909E-04
  8.668794455535E+02  8.743794455535E+02  1.864254001124E+01 -9.999557063455E-15 -6.051629560202E-02  3.477000725757E+02  7.575134223061E-02  1.152784013385E-01 -2.532755876773E-02 -2.175575078870E-03 -1.119151265230E+00  1.670646917158E+00 -6.116539511366E-03  1.040458131392E-02 -4.288041802671E-03 -8.508058643075E-03  4.192220911257E-04  1.261608322517E-06 -5.663150120005E-07 -8.628041447116E-07  3.173697440856E-02 -1.261608294062E-06 -5.035543031000E-03 -4.242693920253E-21 -5.378768583343E-21 -2.269334830819E-20 -4.995581765459E-04
  8.818794455535E+02  8.893794455535E+02  1.866980662434E+01 -9.423572021096E-15 -6.682501867496E-02  3.487132417141E+02  7.087254779411E-02  1.125073028040E-01 -2.275976458345E-02 -2.092634557513E-03 -1.239033496006E+00  1.642052572423E+00 -6.083370143083E-03  1.018414120429E-02 -4.100771061211E-03 -7.420214674750E-03  9.187983705950E-04  3.473605803407E-06 -1.395744621607E-06  3.952738017260E-07  2.801480611535E-02 -3.473605805881E-06 -7.430885400961E-03  2.875356332076E-21 -7.319356930923E-21 -1.581150130048E-20 -4.349860607698E-04
  8.968794455535E+02  9.043794455535E+02  1.869507081467E+01 -7.831675050950E-15 -7.445205892265E-02  3.496538136853E+02  6.543103589020E-02  1.083891174316E-01 -1.998710422564E-02 -1.905118077004E-03 -1.385537125070E+00  1.626383719620E+00 -6.005369981631E-03  9.903198018882E-03 -3.897828037521E-03 -6.700941405559E-03  9.779550022101E-04  1.897090393772E-06 -2.968407223550E-06  4.065527169586E-06  2.652231708780E-02 -1.897090369372E-06 -7.421076797683E-03 -1.328642393377E-20 -4.765145756481E-21 -1.991935406411E-20 -4.172968504554E-04
  9.118794455535E+02  9.193794455535E+02  1.871953117222E+01 -6.646208250994E-15 -8.072445415373E-02  3.505653619342E+02  5.932947506141E-02  1.074949706121E-01 -1.718102480586E-02 -1.767063833873E-03 -1.506016103955E+00  1.591928154074E+00 -5.941351726266E-03  9.441248972712E-03 -3.499897246274E-03 -6.469239382798E-03  7.392800415213E-04  3.245074119689E-06 -4.000088719236E-06  2.888249776592E-06  2.443506785070E-02 -3.245074118459E-06 -4.938701591438E-03 -4.124877344514E-21 -8.798083440396E-21 -1.886906553032E-20 -3.725527702858E-04
  9.268794455535E+02  9.343794455535E+02  1.874087283049E+01 -6.743747993481E-15 -8.369740117017E-02  3.513615755705E+02  5.224327659775E-02  1.056652200340E-01 -1.420431772809E-02 -1.452811558610E-03 -1.564834792362E+00  1.570574525804E+00 -5.898627867136E-03  9.132900575087E-03 -3.234272707681E-03 -5.511714552809E-03  2.382781181374E-04  1.118574903012E-07 -4.231600407488E-06  2.129130563964E-06  2.297059169690E-02 -1.118574957326E-07 -3.971405935598E-03 -6.811225831017E-21 -2.456425356557E-21 -1.183154564925E-20 -3.372226720722E-04
  9.418794455535E+02  9.493794455535E+02  1.876259165103E+01 -6.481378151194E-15 -8.817069764340E-02  3.521724241249E+02  4.372261859870E-02  1.094305373932E-01 -1.115139855482E-02 -1.244958905595E-03 -1.651283134431E+00  1.549123067157E+00 -5.794824679969E-03  8.865586777489E-03 -3.070762097580E-03 -5.207420884189E-03  5.453470216110E-04 -9.938132665495E-07 -4.193411796807E-06  7.770892574580E-07  2.167485428242E-02  9.938132584908E-07 -5.137607051050E-03 -6.987681682908E-21  9.918713239731E-22 -1.235441922680E-20 -3.053372172953E-04
  9.568794455535E+02  9.643794455535E+02  1.878150213350E+01 -4.644793881112E-15 -9.333744977073E-02  3.528825127765E+02  3.356760705418E-02  1.136321463024E-01 -8.053695427981E-03 -8.761893121062E-04 -1.751627854180E+00  1.548318596740E+00 -5.642703364988E-03  8.677138104027E-03 -3.034434738896E-03 -4.684050812558E-03  5.920611124788E-04  1.085512211986E-06 -4.179167462451E-06  1.282484241508E-06  2.115189282552E-02 -1.085512195615E-06 -4.135668429786E-03 -1.156291895683E-20  3.096040506039E-22 -1.033028193354E-20 -2.999462260925E-04
  9.718794455535E+02  9.793794455535E+02  1.880223931134E+01 -2.141898854460E-15 -9.592792723617E-02  3.536657078877E+02  2.140227964771E-02  1.211093945314E-01 -4.736285265813E-03 -4.869546398349E-04 -1.802987257482E+00  1.644083989497E+00 -6.052420461227E-03  9.408948589007E-03 -3.356528127620E-03 -5.114594078843E-03  4.905435940754E-04 -1.299631552027E-06 -3.099272152241E-06  1.893868287852E-06  2.467951197732E-02  1.299631554413E-06 -5.624508155861E-03 -1.879217898668E-21  1.681839201726E-21 -1.133287525089E-20 -3.734689643296E-04
  9.868794455535E+02  9.943794455535E+02  1.882777375215E+01 -4.047718829674E-16 -1.038852581433E-01  3.546421516217E+02  4.648839463845E-03  1.469318445281E-01 -1.413944942741E-03 -2.058153471365E-04 -1.956325454555E+00  1.585069410631E+00 -5.507922999346E-03  7.885673037791E-03 -2.377750037879E-03 -5.920593417635E-03  7.212023034692E-04 -1.395312821099E-07 -1.145542597775E-06  5.467413357813E-06  1.361864047409E-02  1.395312909840E-07 -4.242076821773E-03 -3.899551447503E-21  3.900276122558E-22  4.771707437869E-21 -1.636742091056E-04
