                   y                  ym                   U                   V                   W                 U^2                 V^2                 W^2                  UV                  VW                  UW                VISC               SFSxx               SFSyy               SFSzz               SFSxy               SFSyz                dUdX                dVdX                dWdX                dUdY                dVdY                dWdY                dUdZ                dVdZ                dWdZ              SFSxym
 -4.000000000000E+00 -2.000000000000E+00  0.000000000000E+00  0.000000000000E+00  0.000000000000E+00  0.000000000000E+00  0.000000000000E+00  0.000000000000E+00  0.000000000000E+00  0.000000000000E+00  0.000000000000E+00  0.000000000000E+00  0.000000000000E+00  0.000000000000E+00  0.000000000000E+00  0.000000000000E+00  0.000000000000E+00  0.000000000000E+00  0.000000000000E+00  0.000000000000E+00  0.000000000000E+00  0.000000000000E+00  0.000000000000E+00  0.000000000000E+00  0.000000000000E+00  0.000000000000E+00  0.000000000000E+00
  2.220446049250E-16  2.000000000000E+00  1.352928785932E+01  1.658102077226E-15 -1.798605797977E-01  1.874935841348E+02  9.620845428018E-02  1.343365489746E+00 -2.845447604483E-01 -3.658543648998E-03 -2.439749049356E+00  1.191364575181E+00 -2.471508706273E-03  1.104323082622E-02 -8.571722119328E-03 -8.277795445653E+00  6.862122860921E-02 -9.811509147161E-04 -8.404449663299E-05  7.326879740058E-06  5.807918283554E+01  9.811509147747E-04 -7.691011306708E-01  3.421033357122E-19  1.153616695438E-21  8.584458364630E-20 -1.714115453777E-02
  4.000000000000E+00  6.000000000000E+00  1.551038335349E+01  4.597072867050E-15 -2.046030147056E-01  2.451022624339E+02  3.832458441493E-01  1.289218460352E+00 -5.555429297534E-01 -2.084193254767E-03 -3.201232289961E+00  7.413311789849E+00  3.933914243568E-01 -4.381202012951E-01  4.472877693619E-02 -1.944928453479E+00 -1.408637053277E-01  2.315296266381E-04 -1.308280494628E-04  2.491597620170E-05  5.233607863974E+00 -2.315296266145E-04 -4.421566122512E-02  4.018953346131E-19  4.624621183795E-21  1.472873205783E-19 -1.393924711695E-01
  8.000000000000E+00  1.000000000000E+01  1.614592491097E+01  6.860191089965E-15 -2.020018442873E-01  2.645663730005E+02  4.625949251024E-01  1.189882323503E+00 -5.387265014402E-01 -2.774217578449E-03 -3.291784158590E+00  7.718401381880E+00  2.231849072153E-01 -5.712602227346E-01  3.480753155209E-01 -1.111042094744E+00 -2.614435439836E-02  2.223324400820E-04 -7.346108565713E-05  2.492021694084E-05  2.470868339628E+00 -2.223324400528E-04  1.210205765240E-02  3.636388075706E-19  6.590324044699E-21  5.869276446206E-20 -6.734298450420E-02
  1.200000000000E+01  1.400000000000E+01  1.674590724761E+01  8.255300017075E-15 -1.986128340916E-01  2.842490449707E+02  5.056488026393E-01  1.162899356454E+00 -5.798497610318E-01 -2.168015275021E-03 -3.356095539304E+00  7.595719229826E+00  2.131254488302E-01 -5.256659344633E-01  3.125404856326E-01 -1.058048112097E+00  3.013425689766E-03  1.543782312750E-04 -4.363319275677E-05 -9.299100798023E-06  2.054252271627E+00 -1.543782312243E-04  1.659346654538E-02  3.299005689282E-19 -6.684441425363E-21  6.496397173412E-20 -5.756694574228E-02
  1.600000000000E+01  1.800000000000E+01  1.717304952283E+01  8.762352099687E-15 -1.936867032221E-01  2.985886899719E+02  5.405316382623E-01  1.142089797347E+00 -5.773243395411E-01 -2.307454582652E-03 -3.355458967449E+00  7.147552131890E+00  1.764983758673E-01 -4.674524385650E-01  2.909540626996E-01 -7.656817754015E-01  1.267209105594E-03  9.570148543449E-05 -2.816196508736E-05 -1.458832257748E-06  1.607193016251E+00 -9.570148543432E-05  1.835230766959E-02  2.855905971633E-19 -7.462695013329E-21  2.784729301027E-20 -4.438777037367E-02
  2.000000000000E+01  2.200000000000E+01  1.754946355129E+01  8.682163675789E-15 -1.894191609480E-01  3.116005653307E+02  5.700685392739E-01  1.132224725076E+00 -5.891464788490E-01 -2.150486392281E-03 -3.353100726506E+00  6.853752581731E+00  1.579123188343E-01 -4.251417909903E-01  2.672294721541E-01 -6.653664054142E-01 -1.084705823427E-03  4.687638731893E-05 -1.895556597922E-05  1.298576276648E-05  1.369056334216E+00 -4.687638727131E-05  1.606796364131E-02  2.643794114130E-19 -2.364057358107E-20  2.483790288438E-20 -3.783555509367E-02
  2.400000000000E+01  2.600000000000E+01  1.785758283297E+01  7.983856631366E-15 -1.856936198618E-01  3.224398222506E+02  5.949901881820E-01  1.122638624095E+00 -5.890579089765E-01 -2.198484400535E-03 -3.344122992440E+00  6.532448701708E+00  1.368454652536E-01 -3.871492758523E-01  2.503038106006E-01 -5.449599068719E-01 -1.696442718745E-03  4.417548778665E-05 -1.420953717799E-05 -2.030436106622E-06  1.165414649202E+00 -4.417548780931E-05  1.428406307605E-02  2.555889816506E-19 -7.933753601780E-21  2.610750671359E-20 -3.189654483793E-02
  2.800000000000E+01  3.000000000000E+01  1.813216822603E+01  7.432171505109E-15 -1.823373631571E-01  3.322839446651E+02  6.154468776994E-01  1.116008727642E+00 -5.928572314937E-01 -2.167168108820E-03 -3.333537719445E+00  6.285542837837E+00  1.233270811131E-01 -3.584688618138E-01  2.351417807011E-01 -4.793288008874E-01 -2.819583705203E-03  5.901355993438E-05 -1.136110666732E-05 -8.866615417778E-06  1.028321860324E+00 -5.901355989101E-05  1.318399962810E-02  2.540898612473E-19 -2.103115182916E-20 -1.539048361802E-20 -2.800803264002E-02
  3.200000000000E+01  3.400000000000E+01  1.837174502257E+01  7.323546138740E-15 -1.790808612160E-01  3.409943552573E+02  6.318559528049E-01  1.109410295002E+00 -5.923083563402E-01 -2.151867815648E-03 -3.316792329603E+00  6.055786407240E+00  1.109012376333E-01 -3.335176022327E-01  2.226163645977E-01 -4.174226705648E-01 -3.336463891356E-03  3.336200345592E-05 -9.117143301060E-06 -1.168492286306E-05  9.155153870018E-01 -3.336200349855E-05  1.208360107398E-02  2.465206153370E-19 -2.320298028354E-20  8.628274018901E-21 -2.476797339806E-02
  3.600000000000E+01  3.800000000000E+01  1.858997666359E+01  7.079507661524E-15 -1.762572601160E-01  3.490384383738E+02  6.448069035839E-01  1.103083653485E+00 -5.930941814956E-01 -2.216962212906E-03 -3.301878373484E+00  5.862556249807E+00  1.013507156386E-01 -3.126028250251E-01  2.112521093860E-01 -3.768786070112E-01 -3.175854583407E-03  4.821986796525E-06 -8.502053269853E-06 -3.080466150050E-06  8.326741299688E-01 -4.821986775923E-06  9.627962470002E-03  2.349490300992E-19  3.837276003677E-21  1.644542734999E-20 -2.242152090591E-02
  4.000000000000E+01  4.200000000000E+01  1.878805657069E+01  8.101218372351E-15 -1.742474264592E-01  3.564223522320E+02  6.549501565994E-01  1.096678186376E+00 -5.920101620669E-01 -2.259462584266E-03 -3.297026698447E+00  5.683941020859E+00  9.267755760641E-02 -2.942544302585E-01  2.015768726512E-01 -3.407684715155E-01 -2.065305364161E-03  1.797251361196E-05 -7.155422154941E-06 -2.514736403081E-06  7.628409739571E-01 -1.797251364224E-05  6.982987788317E-03  2.034694860298E-19 -1.784012217570E-20  6.310347184464E-21 -2.040920219935E-02
  4.400000000000E+01  4.600000000000E+01  1.897134630694E+01  1.081622750711E-14 -1.727418390639E-01  3.633299875516E+02  6.627553217156E-01  1.090695312545E+00 -5.914329183472E-01 -2.298356333400E-03 -3.298608019636E+00  5.521027004370E+00  8.517940152060E-02 -2.781360520182E-01  1.929566504955E-01 -3.128720631847E-01 -1.937676356589E-03  1.605825184984E-05 -4.336772836546E-06 -1.581300036036E-05  7.063691993813E-01 -1.605825184490E-05  4.553195723512E-03  2.106291554118E-19 -2.207991132055E-20 -7.402404483703E-21 -1.876826198503E-02
  4.800000000000E+01  5.000000000000E+01  1.914128988858E+01  1.343946948087E-14 -1.719474445541E-01  3.697951586610E+02  6.686826959391E-01  1.084551764675E+00 -5.899924695946E-01 -2.351150474304E-03 -3.310573152529E+00  5.373218703989E+00  7.872891792927E-02 -2.639135491819E-01  1.851846312520E-01 -2.879046365240E-01 -1.094509905808E-03  1.524972203420E-06 -3.141300544718E-06 -7.382011239206E-06  6.581946043518E-01 -1.524972155952E-06  2.168159091982E-03  1.774539096227E-19 -3.041428990600E-20 -2.946110604382E-20 -1.734933221397E-02
  5.200000000000E+01  5.400000000000E+01  1.930048960859E+01  1.539290504955E-14 -1.716575823770E-01  3.759057165758E+02  6.730816668573E-01  1.077980351233E+00 -5.886620440475E-01 -2.365193473388E-03 -3.330613849100E+00  5.240007881988E+00  7.343082328798E-02 -2.515205551471E-01  1.780897318601E-01 -2.675824705792E-01 -6.548016270048E-04  4.202993622145E-06 -3.345773703554E-06 -1.219369756478E-05  6.166248352446E-01 -4.202993714275E-06  2.305859927771E-04  1.488726157541E-19 -2.846408328617E-20 -1.923361175048E-20 -1.613955987170E-02
  5.600000000000E+01  5.800000000000E+01  1.944957307998E+01  1.793723495835E-14 -1.718297666739E-01  3.816734276745E+02  6.762238441630E-01  1.071351136728E+00 -5.870504599076E-01 -2.405415954460E-03 -3.357619652286E+00  5.116586148490E+00  6.879007607233E-02 -2.401784397797E-01  1.713883637068E-01 -2.490446169094E-01 -3.467407678025E-04  7.879500317155E-06 -2.711527434524E-06 -1.363687759064E-05  5.798431984157E-01 -7.879500208387E-06 -1.218990823637E-03  1.558611839536E-19 -2.031760512609E-20 -1.951013507101E-20 -1.507513768870E-02
  6.000000000000E+01  6.200000000000E+01  1.959040969909E+01  2.022365167403E-14 -1.722482942540E-01  3.871623915485E+02  6.783942141958E-01  1.064510046841E+00 -5.853764438216E-01 -2.353131111049E-03 -3.388981836235E+00  4.999253490890E+00  6.459651075639E-02 -2.296068993236E-01  1.650103885679E-01 -2.335181317309E-01 -1.197133281707E-04  4.762483294842E-06 -2.655235900018E-06 -8.330924664398E-06  5.485649807736E-01 -4.762483258621E-06 -1.186378882567E-03  1.473029789621E-19 -1.966350167387E-20 -1.761162748656E-20 -1.415107862134E-02
  6.400000000000E+01  6.600000000000E+01  1.972386732093E+01  2.274236723422E-14 -1.724213772942E-01  3.924000595730E+02  6.796995459320E-01  1.057374961070E+00 -5.834704690681E-01 -2.385925571519E-03 -3.413828576412E+00  4.889387242093E+00  6.071400063038E-02 -2.201735943329E-01  1.594595937055E-01 -2.194292500734E-01 -5.922971285661E-04 -4.722275402545E-07 -3.512717734887E-06 -1.486247449624E-05  5.206914345893E-01  4.722276957968E-07 -1.584720305374E-04  1.438502303761E-19 -2.536196348443E-20 -2.999921421652E-21 -1.330190465753E-02
  6.800000000000E+01  7.000000000000E+01  1.985073411093E+01  2.510440314830E-14 -1.723127880216E-01  3.974103026343E+02  6.802001006926E-01  1.049361077968E+00 -5.816349429976E-01 -2.340187645195E-03 -3.431241944915E+00  4.786633841963E+00  5.685404581961E-02 -2.113846043561E-01  1.545305585377E-01 -2.063599726379E-01 -7.490261790302E-04 -5.022416015009E-06 -3.646862079768E-06 -1.696121128169E-05  4.941436107412E-01  5.022415960989E-06  1.145946672371E-03  1.355946926482E-19 -2.468873190261E-20 -1.255562119216E-20 -1.251729479592E-02
  7.200000000000E+01  7.400000000000E+01  1.997093518161E+01  2.531302673076E-14 -1.718150004800E-01  4.021851788094E+02  6.800673835719E-01  1.040600226764E+00 -5.796814782466E-01 -2.356658017450E-03 -3.439547074321E+00  4.687784378081E+00  5.341238579243E-02 -2.030933943019E-01  1.496810085098E-01 -1.942210463970E-01 -9.547910657352E-04  1.749798646340E-06 -3.372012837417E-06 -6.414267371219E-06  4.695555455142E-01 -1.749798631752E-06  2.388868214115E-03  1.274532871720E-19 -2.220820448365E-20 -8.585109529457E-21 -1.179900989269E-02
  7.600000000000E+01  7.800000000000E+01  2.008552926922E+01  2.492676100433E-14 -1.711081553064E-01  4.067637634335E+02  6.794414272614E-01  1.031506060284E+00 -5.776805908744E-01 -2.315642620273E-03 -3.442849313578E+00  4.593469784406E+00  5.042821933470E-02 -1.956377902103E-01  1.452095708771E-01 -1.833677214684E-01 -9.282733255431E-04  1.035556444729E-05 -3.350105449945E-06 -2.477548253910E-06  4.470698008987E-01 -1.035556451895E-05  3.388873645936E-03  1.519350041469E-19 -3.414828224852E-20 -3.440923075978E-20 -1.114003714264E-02
  8.000000000000E+01  8.200000000000E+01  2.019449514652E+01  2.501387762467E-14 -1.701222350392E-01  4.111395956081E+02  6.784776191018E-01  1.022421017582E+00 -5.755681981212E-01 -2.334474222214E-03 -3.438870192172E+00  4.504975789787E+00  4.767172101670E-02 -1.884715694359E-01  1.407998484215E-01 -1.731563259389E-01 -1.270232689571E-03  6.064324874558E-06 -3.915483777480E-06 -6.709965690951E-06  4.268505047072E-01 -6.064324822754E-06  4.451618657022E-03  1.110268674883E-19 -2.593854828278E-20  1.914093295956E-21 -1.055636361146E-02
  8.400000000000E+01  8.600000000000E+01  2.029896916469E+01  2.449327642110E-14 -1.688944800312E-01  4.153557954330E+02  6.772766138669E-01  1.013564508005E+00 -5.735080056753E-01 -2.327746421378E-03 -3.429245520464E+00  4.422107071506E+00  4.525567400399E-02 -1.819829204906E-01  1.367272464880E-01 -1.645967017439E-01 -1.640245466948E-03  1.257774595318E-06 -4.523925017502E-06 -4.671001588645E-06  4.085712662632E-01 -1.257774630364E-06  5.429062276429E-03  9.368110481181E-20 -2.318277753662E-20 -3.547893546855E-20 -1.001671739393E-02
  8.800000000000E+01  9.000000000000E+01  2.039877288654E+01  2.356291094045E-14 -1.674209534772E-01  4.194025932417E+02  6.759367220946E-01  1.004542056174E+00 -5.713240650906E-01 -2.363625081768E-03 -3.413789133088E+00  4.343492406035E+00  4.293562058111E-02 -1.761621226698E-01  1.332265020880E-01 -1.558909009247E-01 -1.701114843870E-03  4.728375677674E-06 -4.322712308974E-06  1.319214347091E-06  3.904588134778E-01 -4.728375657460E-06  5.985827836481E-03  1.162894596531E-19 -2.830314888102E-20 -1.727821639377E-20 -9.488248578650E-03
  9.200000000000E+01  9.400000000000E+01  2.049421717168E+01  2.357491864665E-14 -1.658987118599E-01  4.232894299520E+02  6.745169412347E-01  9.958712164462E-01 -5.691994289579E-01 -2.376136869064E-03 -3.396367181076E+00  4.266657557837E+00  4.083009000794E-02 -1.704978869063E-01  1.296677968982E-01 -1.478506264623E-01 -1.576895424826E-03 -2.365184666050E-06 -4.410391096978E-06  4.521189400570E-06  3.735635448086E-01  2.365184628992E-06  6.010990442326E-03  1.173792531204E-19 -2.871867457175E-20 -3.283233035393E-20 -9.000047231713E-03
  9.600000000000E+01  9.800000000000E+01  2.058557855714E+01  2.305739643270E-14 -1.644166607147E-01  4.270268300882E+02  6.730734418078E-01  9.875303304595E-01 -5.669450284992E-01 -2.374894446419E-03 -3.379413325720E+00  4.194024310406E+00  3.878905342213E-02 -1.650822574712E-01  1.262932040474E-01 -1.402499414128E-01 -1.589146243008E-03 -4.666053700858E-06 -4.784562246079E-06  6.101545576160E-06  3.580601817285E-01  4.666053728569E-06  5.729774610386E-03  9.435250861412E-20 -1.346111199659E-20 -1.760955161869E-20 -8.550392306091E-03
  1.000000000000E+02  1.020000000000E+02  2.067321761874E+01  2.161711051771E-14 -1.630449735590E-01  4.306268946765E+02  6.716095900543E-01  9.793326719754E-01 -5.647646138444E-01 -2.381295415432E-03 -3.364281510663E+00  4.123427555031E+00  3.682175080946E-02 -1.599600675901E-01  1.231383167803E-01 -1.333555934100E-01 -1.264065898141E-03 -5.718254662707E-07 -3.740061066599E-06  7.959467273340E-06  3.435143117291E-01  5.718254390826E-07  5.264294500693E-03  1.255205246112E-19 -3.334845813975E-20 -2.217981315258E-20 -8.129634505416E-03
  1.040000000000E+02  1.060000000000E+02  2.075733163605E+01  2.145409627585E-14 -1.617997358393E-01  4.340949813147E+02  6.700704535042E-01  9.711706232680E-01 -5.625364476491E-01 -2.393516362570E-03 -3.351141478286E+00  4.058623363318E+00  3.512928416597E-02 -1.553032125735E-01  1.201739284074E-01 -1.267633588213E-01 -1.166754594465E-03  3.503784050746E-06 -2.552079443099E-06  4.810659981584E-06  3.303546651996E-01 -3.503784008931E-06  4.332626010244E-03  1.173364997860E-19 -2.749290360834E-20 -2.021686343626E-20 -7.748533542961E-03
  1.080000000000E+02  1.100000000000E+02  2.083842331030E+01  2.206670805284E-14 -1.609081525641E-01  4.374512805294E+02  6.684596706718E-01  9.637813873991E-01 -5.602738829805E-01 -2.383694883565E-03 -3.344675575750E+00  3.996371022347E+00  3.361230654200E-02 -1.509261298529E-01  1.173138233114E-01 -1.211908574361E-01 -8.109439781315E-04  1.066935143054E-06 -2.279374993975E-06  1.862406929900E-06  3.191007410073E-01 -1.066935156978E-06  3.310089922192E-03  9.969937837248E-20 -3.059850018735E-20 -4.282415247067E-20 -7.406233521738E-03
  1.120000000000E+02  1.140000000000E+02  2.091686414743E+01  2.196151297565E-14 -1.601793581589E-01  4.407094655446E+02  6.667921613793E-01  9.573794303094E-01 -5.580470669658E-01 -2.364587832620E-03 -3.341098498724E+00  3.935621278614E+00  3.208579934178E-02 -1.468422685730E-01  1.147564692316E-01 -1.159035435879E-01 -7.925183157335E-04  4.470227143348E-07 -1.467012594259E-06  3.573512731147E-06  3.069201011561E-01 -4.470226752574E-07  2.842116995515E-03  7.673394268570E-20 -1.520215649628E-20  5.544525036249E-21 -7.066264662807E-03
  1.160000000000E+02  1.180000000000E+02  2.099185897384E+01  2.163736543814E-14 -1.595050119496E-01  4.438344308894E+02  6.651673870973E-01  9.508606301290E-01 -5.558091300696E-01 -2.362286749750E-03 -3.338547065717E+00  3.876205331383E+00  3.055450187686E-02 -1.427539588101E-01  1.121994569327E-01 -1.102644994623E-01 -7.239506701146E-04  4.087945964851E-07 -6.262387807715E-08  9.658075103665E-06  2.949552042754E-01 -4.087946318319E-07  2.608409366838E-03  7.112306428234E-20 -2.460075573729E-20  4.332922538082E-21 -6.740626073070E-03
  1.200000000000E+02  1.220000000000E+02  2.106434221233E+01  2.102388329978E-14 -1.588848231713E-01  4.468633563020E+02  6.636480901947E-01  9.443417492168E-01 -5.535577439738E-01 -2.331914429476E-03 -3.336810919263E+00  3.821740005483E+00  2.927123626233E-02 -1.389920132218E-01  1.097207769592E-01 -1.055133863263E-01 -7.129934759163E-04  7.291452310695E-07  9.934082727841E-07  1.095643723418E-05  2.847152451008E-01 -7.291452073854E-07  2.436408306994E-03  9.979079464833E-20 -3.587425127765E-20 -3.608470650647E-20 -6.460119829402E-03
  1.240000000000E+02  1.260000000000E+02  2.113421418806E+01  2.030158094586E-14 -1.583032597623E-01  4.497908610592E+02  6.621853855872E-01  9.377722570360E-01 -5.512858870861E-01 -2.323642906348E-03 -3.335648511142E+00  3.769222279621E+00  2.808413682811E-02 -1.354215008106E-01  1.073373639827E-01 -1.012177902985E-01 -7.161045106801E-04  6.260064167452E-06  1.733295310012E-06  7.137465693237E-06  2.745342324615E-01 -6.260064212844E-06  2.521877616351E-03  1.015096088764E-19 -2.164823585772E-20 -3.130571526066E-20 -6.197647390739E-03
  1.280000000000E+02  1.300000000000E+02  2.120161137836E+01  1.953480505250E-14 -1.576349939211E-01  4.526228596095E+02  6.607765202775E-01  9.313466736682E-01 -5.490288702164E-01 -2.304776870704E-03 -3.332568050559E+00  3.718439780090E+00  2.686998106618E-02 -1.319906350406E-01  1.051206539742E-01 -9.701968471210E-02 -6.937046237009E-04  3.148095305666E-06  1.903055765339E-06  3.357354751080E-06  2.649222994308E-01 -3.148095225376E-06  2.801182875283E-03  8.644823538224E-20 -2.512847699281E-20 -1.198165460668E-20 -5.940162385015E-03
  1.320000000000E+02  1.340000000000E+02  2.126668021631E+01  1.791097775014E-14 -1.568993412126E-01  4.553640027854E+02  6.593792360828E-01  9.251512769944E-01 -5.467602954911E-01 -2.298472546443E-03 -3.326954510476E+00  3.669093818990E+00  2.587501422022E-02 -1.288253760432E-01  1.029503618228E-01 -9.309381400004E-02 -7.466103906392E-04 -5.959206136477E-06  1.185926200560E-06  3.360448428605E-06  2.559262818285E-01  5.959206035473E-06  2.661633487222E-03  8.064467482859E-20 -2.777446822569E-20 -4.201478451048E-20 -5.702885881999E-03
  1.360000000000E+02  1.380000000000E+02  2.132956346000E+01  1.464431129891E-14 -1.563023986897E-01  4.580201454940E+02  6.579408017390E-01  9.192373975233E-01 -5.445459934818E-01 -2.297343493978E-03 -3.323972228676E+00  3.621976295970E+00  2.476245820128E-02 -1.258565954769E-01  1.010941372754E-01 -8.930749314259E-02 -6.539667504767E-04  6.226236549774E-08  3.546096550748E-07  6.893938158752E-06  2.476889019288E-01 -6.226228487754E-08  2.374363282078E-03  7.340939259394E-20 -2.068620454994E-20 -4.157484684490E-20 -5.474176873117E-03
  1.400000000000E+02  1.420000000000E+02  2.139051569413E+01  1.005565220212E-14 -1.557160212191E-01  4.606028235073E+02  6.565292607357E-01  9.132909229642E-01 -5.422595964921E-01 -2.279680169519E-03 -3.321098454769E+00  3.576021893641E+00  2.372085978343E-02 -1.229351518257E-01  9.921429204254E-02 -8.590050475698E-02 -6.345253326452E-04  6.357700128342E-06 -2.845402307814E-07  5.309200204384E-06  2.398323255399E-01 -6.357700278405E-06  2.695469644654E-03  9.066535020258E-20 -2.541423584794E-20 -4.390654535195E-20 -5.257696969413E-03
  1.440000000000E+02  1.460000000000E+02  2.144948750272E+01  7.244649108049E-15 -1.549526382292E-01  4.631074621250E+02  6.551483260268E-01  9.072407667309E-01 -5.400471711680E-01 -2.268088410342E-03 -3.314598652097E+00  3.534933911240E+00  2.286206618435E-02 -1.204065734593E-01  9.754450727401E-02 -8.241393664091E-02 -8.252217415828E-04  1.431935352414E-06 -1.310868376490E-06  7.051486297215E-06  2.320140371093E-01 -1.431935351030E-06  3.383959736539E-03  6.573132340071E-20 -3.308757000999E-20 -2.175317021063E-20 -5.054925087962E-03
  1.480000000000E+02  1.500000000000E+02  2.150652632616E+01  6.706382266649E-15 -1.540111874332E-01  4.655346506263E+02  6.537880826679E-01  9.010927230033E-01 -5.377717711362E-01 -2.249365776362E-03 -3.304516473414E+00  3.495451921490E+00  2.203311587279E-02 -1.178928659468E-01  9.585975007399E-02 -7.936808586496E-02 -9.834985950654E-04  1.028933091432E-06 -2.462872523234E-06  4.430082933233E-06  2.243637203025E-01 -1.028933144027E-06  3.709566348941E-03  7.363606558940E-20 -1.984246162511E-20 -5.214284112840E-20 -4.867393464396E-03
  1.520000000000E+02  1.540000000000E+02  2.156166573974E+01  5.917033500900E-15 -1.530912468160E-01  4.678870505469E+02  6.524767478349E-01  8.950558380845E-01 -5.355328534273E-01 -2.239886694568E-03 -3.295185082632E+00  3.454806542858E+00  2.111340621164E-02 -1.154916881450E-01  9.437828193349E-02 -7.634954793787E-02 -1.039926576026E-03  4.028156775061E-07 -3.541506997382E-06 -6.269130918560E-07  2.172762400019E-01 -4.028156857743E-07  3.176914557658E-03  8.344772009969E-20 -1.921951677370E-20 -4.594988716249E-20 -4.679869251276E-03
  1.560000000000E+02  1.580000000000E+02  2.161515606824E+01  5.497738115451E-15 -1.524274834435E-01  4.701740654835E+02  6.512364277467E-01  8.895159242664E-01 -5.332730193092E-01 -2.255085225966E-03 -3.290363431911E+00  3.417184670404E+00  2.023888339197E-02 -1.131155866983E-01  9.287670330723E-02 -7.348534262595E-02 -8.937840427856E-04  3.159485387184E-06 -4.705380246320E-06  4.734003888642E-06  2.107033358483E-01 -3.159485411268E-06  2.591893609175E-03  5.817111604774E-20 -3.794813938241E-20 -3.636014214997E-20 -4.510927739422E-03
  1.600000000000E+02  1.620000000000E+02  2.166700628315E+01  6.564816326544E-15 -1.517846586045E-01  4.723951654981E+02  6.500788111597E-01  8.840018956299E-01 -5.310006177118E-01 -2.252382607344E-03 -3.285470511070E+00  3.379090957302E+00  1.950315536225E-02 -1.109235686448E-01  9.142041328269E-02 -7.081334823550E-02 -8.170130548062E-04  3.591174284207E-06 -5.549763438523E-06  9.567625466182E-06  2.032820936053E-01 -3.591174266880E-06  2.757683524231E-03  7.160400848693E-20 -3.443433378325E-20 -4.564145607783E-20 -4.335974666232E-03
  1.640000000000E+02  1.660000000000E+02  2.171679828642E+01  7.895867481257E-15 -1.510266990216E-01  4.745321518854E+02  6.489012772167E-01  8.786503610618E-01 -5.287413136065E-01 -2.257312419453E-03 -3.277729239750E+00  3.342560397405E+00  1.871179166679E-02 -1.087872422695E-01  9.007545060237E-02 -6.800133468743E-02 -7.853103902287E-04 -4.594046604416E-07 -5.967322171920E-06  9.829016558707E-06  1.953520254477E-01  4.594046594350E-07  3.076049613822E-03  6.833500011472E-20 -3.665645712134E-20 -5.959924789259E-20 -4.167908948522E-03
  1.680000000000E+02  1.700000000000E+02  2.176469493843E+01  8.975727134921E-15 -1.502343491530E-01  4.765907725157E+02  6.476545433008E-01  8.739510491835E-01 -5.264564939989E-01 -2.234101158939E-03 -3.268957154328E+00  3.308830071155E+00  1.804111821004E-02 -1.067802043009E-01  8.873908609042E-02 -6.534502719934E-02 -7.977179668398E-04 -3.486959031544E-06 -6.475701794511E-06  6.896393699410E-06  1.877648452791E-01  3.486959048989E-06  3.392499338795E-03  4.085716761384E-20 -2.896124987808E-20 -2.978097072774E-20 -4.002136998184E-03
  1.720000000000E+02  1.740000000000E+02  2.181068176149E+01  1.038182293317E-14 -1.493324674820E-01  4.785705103702E+02  6.463726743962E-01  8.695716371360E-01 -5.242041311705E-01 -2.235048493401E-03 -3.257666395274E+00  3.274527784970E+00  1.754698999498E-02 -1.048567464797E-01  8.730975648550E-02 -6.271830480506E-02 -8.201220812374E-04 -3.131833443198E-06 -7.108605614951E-06  7.120965294389E-06  1.810942162740E-01  3.131833441439E-06  4.128240771924E-03  5.138120219014E-20 -3.325354871350E-20 -5.592816415101E-20 -3.848936896299E-03
  1.760000000000E+02  1.780000000000E+02  2.185522285128E+01  1.134025143755E-14 -1.481815845908E-01  4.804904088703E+02  6.450997542425E-01  8.651885986980E-01 -5.218633852107E-01 -2.207380456486E-03 -3.241000659180E+00  3.240699178058E+00  1.702568811971E-02 -1.028770836898E-01  8.585139556998E-02 -6.054419299711E-02 -1.017970888390E-03 -3.968189419937E-06 -7.268115082917E-06  8.396663692218E-06  1.759207406879E-01  3.968189442218E-06  5.138428797357E-03  5.995537581612E-20 -2.891170284553E-20 -5.401568647189E-20 -3.724666356329E-03
  1.800000000000E+02  1.820000000000E+02  2.189862470283E+01  1.207679146212E-14 -1.467697902482E-01  4.823649166979E+02  6.438495358654E-01  8.606479531187E-01 -5.196040458466E-01 -2.210655818589E-03 -3.218464490672E+00  3.209630806198E+00  1.659722873005E-02 -1.010641124523E-01  8.446688372226E-02 -5.864277920212E-02 -1.233921630844E-03 -5.683194916462E-07 -6.881781699208E-06  1.071395884427E-05  1.718398317936E-01  5.683194745352E-07  5.969075047148E-03  5.820983226252E-20 -2.962123705945E-20 -4.760453737345E-20 -3.614623788494E-03
  1.840000000000E+02  1.860000000000E+02  2.194114351684E+01  1.373144986027E-14 -1.451941141504E-01  4.842034656167E+02  6.426367105892E-01  8.553327637519E-01 -5.172103497288E-01 -2.196093325068E-03 -3.192218323206E+00  3.178741450271E+00  1.621455831816E-02 -9.920156788192E-02  8.298700956395E-02 -5.693390966656E-02 -1.376880077032E-03 -1.385133132315E-06 -6.555249771207E-06  1.332902136513E-05  1.672790760333E-01  1.385133139426E-06  5.911481069743E-03  5.845868745842E-20 -2.808589187745E-20 -6.381498823900E-20 -3.494785621215E-03
  1.880000000000E+02  1.900000000000E+02  2.198228106224E+01  1.527786339280E-14 -1.438155363742E-01  4.859848821187E+02  6.414357715002E-01  8.500172341791E-01 -5.149553270238E-01 -2.216876372927E-03 -3.169905611965E+00  3.147891633112E+00  1.582782300044E-02 -9.748110031611E-02  8.165327731574E-02 -5.491560935279E-02 -1.258075142070E-03 -6.383089377884E-06 -6.756072102103E-06  1.315963349171E-05  1.619832315732E-01  6.383089362517E-06  5.342372455519E-03  3.800449100169E-20 -3.008771716889E-20 -6.313294398010E-20 -3.383953592742E-03
  1.920000000000E+02  1.940000000000E+02  2.202213875718E+01  1.593526938008E-14 -1.425352977635E-01  4.877118117667E+02  6.401931250472E-01  8.438099956269E-01 -5.124848282792E-01 -2.179361304668E-03 -3.149584805391E+00  3.116342553362E+00  1.536449166641E-02 -9.571332111447E-02  8.034882944838E-02 -5.332236504373E-02 -1.215948986385E-03 -8.673532073631E-06 -6.832074282391E-06  6.883203753491E-06  1.567290287897E-01  8.673532085996E-06  5.266137342906E-03  5.304125693082E-20 -2.201088369224E-20 -5.908621614973E-20 -3.278103593346E-03
  1.960000000000E+02  1.980000000000E+02  2.206063813088E+01  1.673175067824E-14 -1.411975709741E-01  4.893840691939E+02  6.389739116921E-01  8.380418017254E-01 -5.103030685911E-01 -2.177588485195E-03 -3.127775173278E+00  3.089904076092E+00  1.498907886830E-02 -9.407395906004E-02  7.908488019115E-02 -5.163688332348E-02 -1.438029672746E-03 -2.080804823639E-06 -6.292362633929E-06  5.386979791653E-06  1.542860312754E-01  2.080804833131E-06  5.558908188426E-03  4.903175217465E-20 -2.526287719720E-20 -6.430171754853E-20 -3.194927556256E-03
  2.000000000000E+02  2.020600000000E+02  2.209929267227E+01  1.763253547800E-14 -1.397664861853E-01  4.910639814102E+02  6.376292085076E-01  8.323965636316E-01 -5.077545458423E-01 -2.136771756209E-03 -3.104156915247E+00  3.066076875123E+00  1.385746531625E-02 -9.115124909104E-02  7.729378377442E-02 -5.086184234933E-02 -1.191802299654E-03  1.079662673669E-06 -5.717602117971E-06  6.651805712529E-06  1.510744620795E-01 -1.079662636651E-06  6.229796607014E-03  3.988910440259E-20 -4.299623680844E-20 -4.902463622266E-20 -3.160559835807E-03
  2.041200000000E+02  2.062418000000E+02  2.213846131472E+01  1.777003688872E-14 -1.379890387808E-01  4.927703625725E+02  6.362998850493E-01  8.278514766290E-01 -5.053278248946E-01 -2.100029804193E-03 -3.072996621440E+00  3.046191635841E+00  1.270495179814E-02 -8.819046761104E-02  7.548551581292E-02 -5.027586428018E-02 -1.508697174142E-03  4.455329325796E-07 -5.402452153207E-06  7.370179808324E-06  1.477866874743E-01 -4.455329759500E-07  6.879554397594E-03  2.839984828676E-20 -3.898912699516E-20 -5.414282617168E-20 -3.108975207892E-03
  2.083636000000E+02  2.105490540000E+02  2.217770538952E+01  1.757124364991E-14 -1.361069399480E-01  4.944815650202E+02  6.349044398906E-01  8.232143288688E-01 -5.026753071585E-01 -2.044787400055E-03 -3.039363102931E+00  3.024348325517E+00  1.153224310837E-02 -8.505881422598E-02  7.352657111704E-02 -4.913600574847E-02 -1.586610119257E-03  2.537483362076E-06 -5.442222106718E-06  6.629142548436E-06  1.446920969219E-01 -2.537483240082E-06  6.864713331180E-03  2.759331642097E-20 -2.862291259330E-20 -4.486486477520E-20 -3.048930829491E-03
  2.127345080000E+02  2.149855256200E+02  2.221752880220E+01  1.778648250096E-14 -1.342277791789E-01  4.962219470715E+02  6.333991167738E-01  8.187871722425E-01 -5.000482597729E-01 -1.995085270029E-03 -3.005527641970E+00  3.006466086965E+00  1.031661449441E-02 -8.197030858286E-02  7.165369408818E-02 -4.844867785736E-02 -1.688125530010E-03 -8.619875723142E-07 -5.724875233768E-06  6.695786356234E-06  1.416684688490E-01  8.619874969622E-07  6.949200363042E-03  8.670801641080E-21 -2.898973578551E-20 -4.462262795797E-20 -2.998301034333E-03
  2.172365432400E+02  2.195550913886E+02  2.225742887381E+01  1.859960565194E-14 -1.321947898873E-01  4.979674620677E+02  6.317431022275E-01  8.146278298806E-01 -4.972347702090E-01 -1.926331261202E-03 -2.967631253320E+00  2.988686196112E+00  9.050007797940E-03 -7.885601204974E-02  6.980600425174E-02 -4.748051726137E-02 -1.709556082605E-03  1.627184784145E-06 -5.665158494556E-06  8.141888456390E-06  1.385829402108E-01 -1.627184755640E-06  7.020916830982E-03  5.303995983668E-20 -3.019927648582E-20 -4.213638255763E-20 -2.942944988787E-03
  2.218736395372E+02  2.242617441303E+02  2.229786085851E+01  1.871656620199E-14 -1.301662860214E-01  4.997393134641E+02  6.299559347699E-01  8.099129074042E-01 -4.944142304176E-01 -1.850188621300E-03 -2.929810361147E+00  2.970835133109E+00  7.910297027630E-03 -7.560044194179E-02  6.769014491444E-02 -4.681808466194E-02 -1.605802194865E-03  5.889703543679E-06 -5.452606094037E-06  5.559793550211E-06  1.359777682282E-01 -5.889703594636E-06  7.201650749071E-03  3.151293728636E-20 -1.520114356068E-20 -3.228258292648E-20 -2.905566395158E-03
  2.266498487233E+02  2.291095964542E+02  2.233861853731E+01  1.763636155519E-14 -1.279025834093E-01  5.015280951270E+02  6.281212602644E-01  8.045138973060E-01 -4.914056494785E-01 -1.750683587211E-03 -2.886818266058E+00  2.953476666164E+00  6.783110511188E-03 -7.228486643387E-02  6.550175592211E-02 -4.616599666491E-02 -1.706063809739E-03  4.605611029829E-06 -5.446748718802E-06  5.290845962825E-06  1.336270623824E-01 -4.605610998603E-06  8.080252481947E-03  1.132127531919E-20 -3.582369305634E-20 -4.933473896995E-20 -2.874503007620E-03
  2.315693441850E+02  2.341028843478E+02  2.238003895944E+01  1.654839402084E-14 -1.251963259620E-01  5.033485574877E+02  6.262013111460E-01  7.987433577607E-01 -4.883901543488E-01 -1.633669135531E-03 -2.833760158266E+00  2.936587201658E+00  5.459502982647E-03 -6.884074307490E-02  6.338124009261E-02 -4.577793501695E-02 -1.924263987751E-03  1.121110872936E-06 -5.597112928560E-06  9.344744031856E-06  1.307641702205E-01 -1.121110899103E-06  8.952213793421E-03  2.597109168986E-20 -2.728699605176E-20 -3.708924600472E-20 -2.838901988509E-03
  2.366364245106E+02  2.392459708782E+02  2.242144704791E+01  1.574285537001E-14 -1.222251623439E-01  5.051708320387E+02  6.240433406283E-01  7.925830356394E-01 -4.852007574296E-01 -1.522393010207E-03 -2.774615691639E+00  2.920598048835E+00  4.283288852942E-03 -6.544046625925E-02  6.115717740654E-02 -4.510320901180E-02 -1.988695369302E-03 -1.125527130711E-06 -5.750785744722E-06  1.058006231371E-05  1.276171362493E-01  1.125527111517E-06  9.379418943894E-03  2.016775552090E-20 -1.748573890454E-20 -2.641476654934E-20 -2.798601282734E-03
  2.418555172459E+02  2.445433500046E+02  2.246329378309E+01  1.516417344703E-14 -1.190734492702E-01  5.070155637341E+02  6.216069486727E-01  7.863578475668E-01 -4.819916155963E-01 -1.441893057538E-03 -2.711224166902E+00  2.905355386172E+00  3.185321681182E-03 -6.203135134827E-02  5.884602966692E-02 -4.441646778572E-02 -2.079703334087E-03 -2.254689400884E-06 -5.570793971352E-06  8.295196131791E-06  1.238119559896E-01  2.254689379910E-06  9.310904054251E-03  3.297306662289E-20 -3.070294926883E-20 -4.602143722284E-20 -2.743398626849E-03
  2.472311827633E+02  2.499996505047E+02  2.250464441788E+01  1.437986130633E-14 -1.159766252136E-01  5.088398855994E+02  6.190241651235E-01  7.803677544889E-01 -4.786041218776E-01 -1.405509544961E-03 -2.649283354872E+00  2.891405009740E+00  2.029752824303E-03 -5.861827152964E-02  5.658851870533E-02 -4.340905705375E-02 -1.997239202934E-03 -4.164877097050E-06 -5.299936668991E-06  6.133708883525E-06  1.204996344853E-01  4.164877101908E-06  9.395982533985E-03  4.285536996832E-20 -2.254473017096E-20 -4.341823863133E-20 -2.696688138608E-03
  2.527681182462E+02  2.556196400198E+02  2.254668396807E+01  1.312183868507E-14 -1.125831102886E-01  5.106978751657E+02  6.164167753443E-01  7.737571492077E-01 -4.751494670783E-01 -1.333264252495E-03 -2.580674474952E+00  2.878565322718E+00  9.244181333783E-04 -5.519449272648E-02  5.427007459338E-02 -4.294836442398E-02 -2.014621107978E-03 -2.670630558014E-06 -4.894170409240E-06  6.222465415918E-06  1.178561087686E-01  2.670630529594E-06  1.011716936234E-02  2.522122070913E-20 -1.628086300332E-20 -3.855228076565E-20 -2.663693794085E-03
  2.584711617935E+02  2.614082292204E+02  2.258864816296E+01  1.199711741987E-14 -1.087694147924E-01  5.125545137300E+02  6.137718306151E-01  7.672811028049E-01 -4.715078907309E-01 -1.315810818143E-03 -2.502316690482E+00  2.865664124195E+00 -1.417356004305E-04 -5.159127222283E-02  5.173300782328E-02 -4.235374475972E-02 -2.162516424005E-03 -2.462170086593E-07 -4.046240919008E-06  7.253203916161E-06  1.145134839727E-01  2.462170136795E-07  1.058053509664E-02  1.598733737188E-20 -2.250064925483E-20 -1.834400779883E-20 -2.632143476653E-03
  2.643452966473E+02  2.673704760971E+02  2.263076444519E+01  1.163865878673E-14 -1.048144458867E-01  5.144200213116E+02  6.109228017450E-01  7.602443139952E-01 -4.677342469154E-01 -1.295814464888E-03 -2.420429566355E+00  2.855542482143E+00 -1.222256925246E-03 -4.797909602968E-02  4.920135295461E-02 -4.185018876005E-02 -2.109633545268E-03  6.465123550168E-07 -3.248163062016E-06  6.793598032904E-06  1.124033664660E-01 -6.465123684102E-07  9.896494135516E-03  5.518929743908E-20 -2.078517781375E-20 -2.950881553633E-20 -2.607386856810E-03
  2.703956555468E+02  2.735115903800E+02  2.267366017978E+01  1.228008522416E-14 -1.012835611640E-01  5.163251777119E+02  6.078101853089E-01  7.539527138840E-01 -4.638570931280E-01 -1.313288830109E-03 -2.347566476816E+00  2.847464359900E+00 -2.516015036102E-03 -4.430295749475E-02  4.681897253114E-02 -4.160236797697E-02 -1.978747715497E-03  1.621122914147E-07 -2.723945490612E-06  7.461667619515E-06  1.118147364045E-01 -1.621122789400E-07  8.936409371185E-03  2.284855156583E-20 -2.867163047878E-20 -4.306890902908E-20 -2.604046760118E-03
  2.766275252132E+02  2.798369380914E+02  2.271786423713E+01  1.336450192411E-14 -9.784811766855E-02  5.182917604907E+02  6.045167009695E-01  7.472500771875E-01 -4.597935385395E-01 -1.287519796950E-03 -2.276665573667E+00  2.839207145688E+00 -3.824410884820E-03 -4.056505355522E-02  4.438946443980E-02 -4.172603079024E-02 -1.944358757844E-03  1.472441085390E-06 -2.321019902659E-06  8.003507184893E-06  1.099051294447E-01 -1.472441075477E-06  9.140886108633E-03  2.933305475065E-20 -7.858221830681E-21 -2.337039071305E-20 -2.586571958133E-03
  2.830463509696E+02  2.863520462341E+02  2.276184368331E+01  1.424589294909E-14 -9.394799206863E-02  5.202546813801E+02  6.010851839590E-01  7.403346419098E-01 -4.556462020593E-01 -1.344062596301E-03 -2.194785676940E+00  2.834925222700E+00 -4.802451421980E-03 -3.698114084188E-02  4.178359226355E-02 -4.111177106013E-02 -2.085661792486E-03  1.917845557283E-06 -2.283896361729E-06  7.370688937377E-06  1.077137057134E-01 -1.917845558515E-06  9.255538691876E-03  3.093017510391E-20 -1.119541542949E-20 -1.534286170146E-20 -2.570931071373E-03
  2.896577414987E+02  2.930626076211E+02  2.280688243476E+01  1.506243364989E-14 -9.019956546640E-02  5.222693788354E+02  5.974526006058E-01  7.344902866971E-01 -4.513145122163E-01 -1.333638900931E-03 -2.116437973658E+00  2.832381920776E+00 -5.889551599354E-03 -3.337666343780E-02  3.926621503721E-02 -4.111191752967E-02 -1.840017455494E-03 -3.117897483264E-06 -2.251608734023E-06  6.984493975707E-06  1.062579545149E-01  3.117897500051E-06  7.796690272760E-03  1.094172315894E-20 -1.964835519815E-20 -3.345762970413E-20 -2.558731357640E-03
  2.964674737436E+02  2.999744858498E+02  2.285228225087E+01  1.535838875059E-14 -8.730629436426E-02  5.243051287598E+02  5.936225127547E-01  7.287541793772E-01 -4.468662503622E-01 -1.364663766049E-03 -2.056772363751E+00  2.830088927005E+00 -7.144849306148E-03 -2.958162913700E-02  3.672647844308E-02 -4.072148379727E-02 -1.472784215156E-03 -3.796572522465E-06 -1.271177452309E-06  4.457555549366E-06  1.040972095221E-01  3.796572538453E-06  5.793851473801E-03  3.876743328544E-20 -1.603515412246E-20 -5.324895307603E-21 -2.531482628833E-03
  3.034814979559E+02  3.070937204253E+02  2.289815380015E+01  1.516219326018E-14 -8.512259112655E-02  5.263646107456E+02  5.895561760284E-01  7.223917956986E-01 -4.422189542707E-01 -1.413045277580E-03 -2.012003940991E+00  2.826028579630E+00 -8.228975588363E-03 -2.589692935329E-02  3.412590494172E-02 -4.030864230286E-02 -1.114730779079E-03 -2.452093834578E-06 -9.205621043075E-08  2.052843543934E-06  1.014842824332E-01  2.452093839027E-06  5.410322900874E-03  6.817941656332E-20 -5.791811464092E-21 -6.764409346589E-21 -2.502539810286E-03
  3.107059428946E+02  3.144265320380E+02  2.294395345333E+01  1.445835523065E-14 -8.243402707295E-02  5.284257358473E+02  5.851951461108E-01  7.151478591873E-01 -4.374870637488E-01 -1.413191284065E-03 -1.954621584038E+00  2.825774625135E+00 -9.457718366536E-03 -2.226782125257E-02  3.172553961873E-02 -3.973608006237E-02 -1.334279513675E-03  1.579443431002E-06  4.614665372158E-07  4.392907891057E-07  9.877046137102E-02 -1.579443426521E-06  5.699653728356E-03  1.251150118595E-20 -3.060641896192E-21  8.748834556481E-21 -2.474662425514E-03
  3.181471211814E+02  3.219793279992E+02  2.299004050400E+01  1.363988522823E-14 -7.985441526211E-02  5.305038959756E+02  5.804973098608E-01  7.086319626093E-01 -4.325017262590E-01 -1.473649145749E-03 -1.898463146834E+00  2.828207616536E+00 -1.044207415021E-02 -1.872700131987E-02  2.916907547029E-02 -3.943811883044E-02 -1.227171270030E-03  2.492218870625E-06  7.059359171901E-07  7.012194749589E-07  9.670277085464E-02 -2.492218848841E-06  5.715569313398E-03  1.943014391514E-20 -3.938301044811E-21  6.139827006503E-21 -2.451836990940E-03
  3.258115348169E+02  3.297587078391E+02  2.303660166385E+01  1.372760701409E-14 -7.700004781773E-02  5.326089432052E+02  5.754900385026E-01  7.005229454882E-01 -4.273566284174E-01 -1.402980242262E-03 -1.834142033314E+00  2.831491382419E+00 -1.149373847390E-02 -1.513039269574E-02  2.662413116963E-02 -3.901937732840E-02 -1.028642033042E-03  3.254600280920E-06  8.307501931225E-07 -5.509750618058E-07  9.493481573835E-02 -3.254600286291E-06  5.208441253079E-03  1.634299028875E-20 -8.147218265759E-21  4.308048667113E-21 -2.430967869074E-03
  3.337058808614E+02  3.377714690743E+02  2.308372475810E+01  1.378763422877E-14 -7.472932619812E-02  5.347426342146E+02  5.701084013369E-01  6.943204766879E-01 -4.220679038506E-01 -1.518929117362E-03 -1.782124251489E+00  2.835742818958E+00 -1.251462841164E-02 -1.164214946804E-02  2.415677787966E-02 -3.878083030230E-02 -8.118575044035E-04  4.111580217914E-06  6.424298189225E-07 -2.134176973254E-06  9.303773403445E-02 -4.111580212951E-06  5.080190471909E-03  2.814589966750E-20 -1.479522172240E-20 -7.158452661763E-22 -2.418187695057E-03
  3.418370572872E+02  3.460246131465E+02  2.313115698878E+01  1.288405030812E-14 -7.183819104244E-02  5.368962647737E+02  5.642818792153E-01  6.878445838507E-01 -4.165506981782E-01 -1.518668585394E-03 -1.715593118480E+00  2.846235574790E+00 -1.371482712178E-02 -7.959702798756E-03  2.167452992092E-02 -3.864025778997E-02 -1.049362223930E-03  4.508329703129E-06  9.689775914081E-08 -6.471369806281E-07  9.197617168549E-02 -4.508329702524E-06  4.801230599316E-03  4.615701874941E-20 -2.022274370613E-21  2.033128742010E-20 -2.417733695960E-03
  3.502121690058E+02  3.545253515409E+02  2.317998967688E+01  1.171503952874E-14 -6.969387477664E-02  5.391212331388E+02  5.579828827152E-01  6.833671743805E-01 -4.109238223998E-01 -1.583928764490E-03 -1.666420356837E+00  2.860669107138E+00 -1.464000903536E-02 -4.371877754728E-03  1.901188678991E-02 -3.885361545218E-02 -6.250110035958E-04  2.804630792639E-06 -1.187563880479E-07 -1.397762966412E-06  9.202868551126E-02 -2.804630796552E-06  4.169929335525E-03  3.438717778648E-20 -1.295680443301E-20  2.534175033929E-20 -2.445767744174E-03
  3.588385340760E+02  3.632811120872E+02  2.323036290994E+01  1.079509340714E-14 -6.732762786289E-02  5.414229006752E+02  5.515868985072E-01  6.791221833100E-01 -4.049831963616E-01 -1.645326728359E-03 -1.609361652814E+00  2.875872137497E+00 -1.552103138789E-02 -1.019520851294E-03  1.654055223955E-02 -3.935752329485E-02 -6.886403854314E-04 -3.598355536624E-07  3.432536830902E-07 -4.984874006139E-06  9.209314614944E-02  3.598355647684E-07  4.951133313136E-03  5.191097709710E-20 -2.623784125059E-21  1.806273884335E-20 -2.459434082772E-03
  3.677236900983E+02  3.722995454498E+02  2.328225311026E+01  1.007857686197E-14 -6.419249588519E-02  5.438004400027E+02  5.453191292247E-01  6.757000011142E-01 -3.989949207040E-01 -1.662728508785E-03 -1.534478469159E+00  2.887991355877E+00 -1.643998931296E-02  2.336218140910E-03  1.410377117199E-02 -3.923919921658E-02 -7.837468211431E-04 -4.400027159923E-06  6.563530841152E-07 -7.348038439620E-06  9.082848893922E-02  4.400027150917E-06  5.438459388228E-03  3.896116803686E-20 -1.356332621235E-20  1.627518733162E-21 -2.438525472268E-03
  3.768754008012E+02  3.815885318133E+02  2.333425122848E+01  9.656222002552E-15 -6.110768514698E-02  5.461886693139E+02  5.388817100619E-01  6.720706049222E-01 -3.927596958383E-01 -1.709939672586E-03 -1.459688343149E+00  2.902846651909E+00 -1.719881511561E-02  5.616987735773E-03  1.158182737968E-02 -3.887806997431E-02 -8.282380408979E-04 -4.635678126813E-06  5.788522272222E-07 -7.058585225753E-06  8.886812056805E-02  4.635678127976E-06  4.827985507376E-03  2.582685737600E-20 -1.517161553053E-20  1.821935348993E-20 -2.427729491974E-03
  3.863016628253E+02  3.911561877677E+02  2.338695231842E+01  1.028498987365E-14 -5.850196208136E-02  5.486128716728E+02  5.320309448959E-01  6.698019811759E-01 -3.863323860432E-01 -1.802805205671E-03 -1.396218606746E+00  2.921521168269E+00 -1.802477797192E-02  8.746061273689E-03  9.278716698344E-03 -3.884197271186E-02 -6.316066388716E-04 -4.524068573128E-06 -1.273795858103E-08 -3.536110065109E-06  8.657956256592E-02  4.524068584393E-06  3.539152030264E-03  3.438514188257E-20 -2.477984876567E-20  1.628455378436E-20 -2.408286479052E-03
  3.960107127100E+02  4.010108734007E+02  2.343932639424E+01  1.092950036030E-14 -5.679080123009E-02  5.510286702499E+02  5.250391850489E-01  6.672290842853E-01 -3.796477777516E-01 -1.740953120666E-03 -1.353394969081E+00  2.941360110385E+00 -1.885058592167E-02  1.191092307985E-02  6.939662842091E-03 -3.816233396187E-02 -3.135910897853E-05 -3.161508464833E-06 -1.059129059080E-06 -3.198707246789E-06  8.428577286044E-02  3.161508480941E-06  3.648209104367E-03  5.796251373428E-20 -1.436048303133E-20  2.546871797902E-20 -2.378249940733E-03
  4.060110340913E+02  4.111611996027E+02  2.349231278776E+01  9.650502619252E-15 -5.391655290725E-02  5.534781443751E+02  5.177108363629E-01  6.608613350890E-01 -3.727397013509E-01 -1.870361675351E-03 -1.283164527221E+00  2.965946508864E+00 -1.942462649814E-02  1.506078523852E-02  4.363841259847E-03 -3.796212976658E-02 -4.196312228944E-04 -3.454291537950E-06 -1.381902948310E-06 -4.317576193907E-06  8.338093343371E-02  3.454291515965E-06  3.083250787648E-03  2.941770959104E-20 -2.481035253733E-20  2.761243086070E-20 -2.368640418291E-03
  4.163113651141E+02  4.216160355908E+02  2.354667666381E+01  7.589492980834E-15 -5.281284760466E-02  5.559967411522E+02  5.098451370102E-01  6.547092608682E-01 -3.657089260473E-01 -1.735610828613E-03 -1.254859494137E+00  2.987726734273E+00 -2.009892213750E-02  1.771190868315E-02  2.387013454355E-03 -3.788454605308E-02  1.041413389197E-04 -2.397321050439E-06 -1.424405109128E-06 -3.479392190838E-06  8.217574670786E-02  2.397321044751E-06  2.941254892186E-03  4.393950746900E-20 -2.914223041230E-20  2.507722476005E-20 -2.361214344509E-03
  4.269207060675E+02  4.323845166585E+02  2.360127809208E+01  6.112382301693E-15 -5.002165936498E-02  5.585284056453E+02  5.015371855410E-01  6.477235428690E-01 -3.583647615575E-01 -1.837748016902E-03 -1.185413750964E+00  3.014990781283E+00 -2.080278600421E-02  2.043608303560E-02  3.667029685737E-04 -3.766407329113E-02 -3.466466798963E-04 -6.619061052550E-07 -1.446110425780E-06 -1.643782675036E-06  8.138603137825E-02  6.619060831728E-07  3.039191312183E-03  4.242745586574E-20 -2.252863024900E-20  3.802104816544E-20 -2.364303863913E-03
  4.378483272495E+02  4.434760521583E+02  2.365784292779E+01  4.340985904072E-15 -4.868913966941E-02  5.611602274986E+02  4.931413225653E-01  6.404237281581E-01 -3.509087358506E-01 -1.539319399504E-03 -1.151118821953E+00  3.049061971510E+00 -2.137594567197E-02  2.326836319608E-02 -1.892417524326E-03 -3.814984377845E-02  3.723138194569E-05  2.304517039831E-07 -1.267456435923E-06  1.877679405471E-07  8.113219507075E-02 -2.304516944177E-07  1.981897847862E-03  4.232351214711E-20 -5.867188573822E-21  3.167105480216E-20 -2.392996640612E-03
  4.491037770670E+02  4.549003337230E+02  2.371543526860E+01  1.994135759298E-15 -4.726686270093E-02  5.638424192453E+02  4.848439560222E-01  6.332550789786E-01 -3.431661710272E-01 -1.584455680084E-03 -1.116731853410E+00  3.092896061158E+00 -2.200375572961E-02  2.619728620133E-02 -4.193530471858E-03 -3.849242542899E-02 -1.937560900695E-04  1.194229742780E-06 -1.126233786244E-06 -1.426293738485E-06  8.138542498961E-02 -1.194229777114E-06  2.224770709014E-03  5.536206459754E-20 -1.344249525490E-20  4.832046280619E-20 -2.438780699789E-03
  4.606968903790E+02  4.666673437347E+02  2.377578700957E+01  7.323857955284E-16 -4.548435304211E-02  5.666642404719E+02  4.771325679755E-01  6.264308705356E-01 -3.352413937857E-01 -1.273687824840E-03 -1.075507740759E+00  3.138790350718E+00 -2.239149571440E-02  2.871226937183E-02 -6.320773657618E-03 -3.956209736571E-02 -3.132830719937E-04  1.891110091177E-06 -1.028384253332E-06 -1.999304884185E-06  8.201004781629E-02 -1.891110097875E-06  2.850112400574E-03  6.345159413918E-20 -2.419072348780E-20  4.796894574635E-20 -2.480778058961E-03
  4.726377970904E+02  4.787873640468E+02  2.383783647774E+01  1.470525957947E-15 -4.301701127708E-02  5.695729291348E+02  4.698608965587E-01  6.204534548253E-01 -3.269951697715E-01 -1.193799264552E-03 -1.018861293547E+00  3.177848967755E+00 -2.288477005319E-02  3.102502338791E-02 -8.140253334923E-03 -3.950724308333E-02 -9.000901052036E-04 -3.356502188271E-07 -9.237825198369E-07  3.964273236949E-07  7.990545720487E-02  3.356502231136E-07  3.122559649403E-03  3.597643149416E-20 -2.107091275991E-20  4.910862808545E-20 -2.443293070791E-03
  4.849369310031E+02  4.912709849682E+02  2.389861150497E+01  3.689797310284E-15 -4.066972697273E-02  5.724274973937E+02  4.626306051972E-01  6.119637383121E-01 -3.184234535621E-01 -7.605880651137E-04 -9.639791421948E-01  3.226655950741E+00 -2.348735109125E-02  3.331660026602E-02 -9.829249174689E-03 -3.890874857762E-02 -1.014066403574E-03 -1.711050417245E-06 -3.272720537790E-07  4.529175361979E-06  7.907485984410E-02  1.711050433364E-06  2.876679085261E-03  5.928046023694E-20 -1.105803419246E-20  6.932340775764E-20 -2.445600455988E-03
  4.976050389332E+02  5.041291145172E+02  2.396303639825E+01  7.515581617693E-15 -3.844086283959E-02  5.754631946120E+02  4.556702043610E-01  6.022152621133E-01 -3.096877097726E-01 -6.023263972441E-04 -9.119830583261E-01  3.276839651243E+00 -2.399005858510E-02  3.551333373758E-02 -1.152327515275E-02 -3.930729432104E-02 -1.277069358138E-03 -5.035216092324E-07  7.233722136456E-07  4.945363754482E-06  7.738668495225E-02  5.035216216208E-07  4.061036545527E-03  4.986148671862E-20 -2.372046850720E-20  5.225647700206E-20 -2.427049336384E-03
  5.106531901012E+02  5.173729879527E+02  2.402482603194E+01  1.036172016244E-14 -3.402892591062E-02  5.783825172478E+02  4.485264870301E-01  5.942136573816E-01 -3.004108166699E-01  3.740073190169E-05 -8.043064490027E-01  3.320884873264E+00 -2.427528192130E-02  3.713652404049E-02 -1.286124211930E-02 -3.805552871778E-02 -1.942186179734E-03  4.992284112173E-07  8.899188700070E-07  2.901400790637E-06  7.368158909676E-02 -4.992283944010E-07  4.810208460259E-03  6.385434673911E-20 -1.975793000388E-20  6.097908752716E-20 -2.350112660105E-03
  5.240927858042E+02  5.310141775913E+02  2.408682274814E+01  1.060470981862E-14 -3.035274125382E-02  5.813245022151E+02  4.406140994541E-01  5.856158724382E-01 -2.912764052056E-01  4.097560842714E-04 -7.162065307857E-01  3.383246404908E+00 -2.474719152950E-02  3.925748481560E-02 -1.451029328613E-02 -3.756440547912E-02 -1.502773738880E-03  2.160963221844E-06  3.021049999394E-07  3.150009783718E-06  7.237841889438E-02 -2.160963219606E-06  3.962441221268E-03  6.093862248472E-20 -2.698156943613E-20  6.038427642097E-20 -2.357746476860E-03
  5.379355693784E+02  5.450646029190E+02  2.415008678552E+01  1.060060474007E-14 -2.718576431252E-02  5.843302431943E+02  4.325438662415E-01  5.749634066299E-01 -2.813339600668E-01  1.057830385228E-03 -6.382398612623E-01  3.439077776208E+00 -2.524692601138E-02  4.108917438524E-02 -1.584224837372E-02 -3.782727311242E-02 -1.168402278550E-03  2.630329759284E-06  2.396259597249E-07  1.763400186033E-06  7.087746786753E-02 -2.630329752702E-06  2.073931296183E-03  6.873866719602E-20 -2.230204263644E-20  5.698725846347E-20 -2.344165611154E-03
  5.521936364597E+02  5.595365410066E+02  2.421315759175E+01  1.197634656377E-14 -2.666550294274E-02  5.873380065562E+02  4.243561191462E-01  5.614645500800E-01 -2.718066714239E-01  1.336162402285E-03 -6.237946857602E-01  3.502214031030E+00 -2.522325179237E-02  4.252888034886E-02 -1.730562855627E-02 -3.726371516912E-02 -1.355200535645E-04  6.741292479213E-07  1.095911434872E-06  2.939720154692E-06  7.013132139256E-02 -6.741292481051E-07 -7.347406616675E-05  5.489641551559E-20 -2.695192120150E-20  4.274203505136E-20 -2.347463505035E-03
  5.668794455535E+02  5.743794455535E+02  2.427882772073E+01  1.361988617952E-14 -2.731917432436E-02  5.904735619441E+02  4.160625240727E-01  5.460075799968E-01 -2.612302306584E-01  1.799138766018E-03 -6.418421488217E-01  3.536031811381E+00 -2.497095462440E-02  4.320264519513E-02 -1.823169057073E-02 -3.774072205271E-02  2.170594483875E-04  2.019790736513E-07  1.807793017011E-06  7.794108536965E-07  7.064449250332E-02 -2.019790587995E-07  8.392667675107E-05  5.033986606135E-20 -3.578070563412E-20  4.628018716145E-20 -2.376697405579E-03
  5.818794455535E+02  5.893794455535E+02  2.434560701939E+01  1.419771765432E-14 -2.650391291319E-02  5.936786135891E+02  4.078308172449E-01  5.285413081411E-01 -2.515220860234E-01  1.964424727045E-03 -6.224855445404E-01  3.495555605785E+00 -2.456281863038E-02  4.220418624038E-02 -1.764136761000E-02 -3.748944515395E-02 -1.560576145420E-04 -4.136708499077E-07  1.885799793339E-06 -1.472801969685E-06  6.962528742798E-02  4.136708494484E-07  5.270369667652E-04  6.342843080896E-20 -3.005834097591E-20  6.232563863202E-20 -2.283472663991E-03
  5.968794455535E+02  6.043794455535E+02  2.440936233631E+01  1.400721075587E-14 -2.632118605361E-02  5.967437621343E+02  3.994007253382E-01  5.114364801107E-01 -2.410999734034E-01  2.049740107211E-03 -6.229274678644E-01  3.445129865057E+00 -2.404357941898E-02  4.103424160840E-02 -1.699066218992E-02 -3.565300005856E-02 -9.658729251056E-05  5.023062068324E-07  2.441567883114E-06  1.047025572536E-06  6.741703552871E-02 -5.023061980039E-07 -8.156906459572E-04  4.891611783768E-20 -3.378483538222E-20  7.177724317710E-20 -2.197820295017E-03
  6.118794455535E+02  6.193794455535E+02  2.447201865884E+01  1.445094731089E-14 -2.801232248266E-02  5.997667471715E+02  3.901537785581E-01  4.905791405428E-01 -2.313423231207E-01  2.325197502543E-03 -6.682600124075E-01  3.400026042221E+00 -2.332132064268E-02  4.011721168333E-02 -1.679589104089E-02 -3.476150016866E-02  3.198662328627E-04 -1.136816649612E-06  2.491206410418E-06  1.320928967008E-06  6.594954712033E-02  1.136816640265E-06  2.191445681069E-04  6.319566571396E-20 -3.590630683329E-20  7.573693830588E-20 -2.143045587488E-03
  6.268794455535E+02  6.343794455535E+02  2.453302920466E+01  1.470507642159E-14 -2.588235531311E-02  6.027209165429E+02  3.804781799191E-01  4.693585241805E-01 -2.212610551589E-01  2.148201877882E-03 -6.233017154989E-01  3.365721780264E+00 -2.276234792575E-02  3.934025338281E-02 -1.657790545725E-02 -3.379195032497E-02 -8.239720097715E-04  3.476811212362E-07  2.366265234103E-06  2.005812845620E-06  6.632081781624E-02 -3.476811219358E-07  9.357871157825E-04  5.314104981838E-20 -2.582117159200E-20  6.294489602134E-20 -2.113222570571E-03
  6.418794455535E+02  6.493794455535E+02  2.459637577110E+01  1.373078878606E-14 -2.625664680976E-02  6.057987330358E+02  3.705281761348E-01  4.516304188557E-01 -2.115685720227E-01  2.408775808509E-03 -6.379220987913E-01  3.318236996901E+00 -2.212277786164E-02  3.851013139104E-02 -1.638735352951E-02 -3.368399453456E-02  4.891244593856E-05 -6.518731899557E-07  2.364166683920E-06  3.768183677028E-06  6.480574549897E-02  6.518731755530E-07 -2.358723102725E-05  5.269874484786E-20 -3.014871692458E-20  5.938694579372E-20 -2.037584972091E-03
  6.568794455535E+02  6.643794455535E+02  2.465455177745E+01  1.322105035766E-14 -2.593371335584E-02  6.086320969987E+02  3.600592282521E-01  4.356845990554E-01 -2.019266953811E-01  2.131169241898E-03 -6.344834802124E-01  3.266217468349E+00 -2.168291161984E-02  3.737573903287E-02 -1.569282741305E-02 -3.140615824725E-02 -4.584176184992E-04 -9.635602948369E-07  6.888709201720E-07 -9.915845982870E-07  6.216490440086E-02  9.635603022301E-07 -8.137659539857E-04  5.775859483427E-20 -3.200549681941E-20  6.380219725990E-20 -1.927562762877E-03
  6.718794455535E+02  6.793794455535E+02  2.471294504720E+01  1.383195658976E-14 -2.777045389506E-02  6.114838246453E+02  3.490532906814E-01  4.204615912327E-01 -1.925445646556E-01  2.252818752415E-03 -6.841548595785E-01  3.213626599581E+00 -2.115039118986E-02  3.677817513846E-02 -1.562778394820E-02 -3.045303815222E-02  1.051834404555E-04  3.100161573295E-07 -8.764584180532E-07  2.037024716314E-06  6.075200740950E-02 -3.100161617534E-07 -3.903676508447E-04  5.419429887346E-20 -2.202770177109E-20  6.305957416162E-20 -1.861048510251E-03
  6.868794455535E+02  6.943794455535E+02  2.476845195913E+01  1.384162543697E-14 -2.665819949334E-02  6.142009435791E+02  3.379329021460E-01  4.069986076868E-01 -1.832081211356E-01  2.230921696560E-03 -6.596681923480E-01  3.150412607367E+00 -2.065333691237E-02  3.553162337267E-02 -1.487828646007E-02 -2.899299174616E-02 -1.202269058973E-04  3.051061140295E-06 -1.196085887016E-06  1.430876787361E-07  5.912735752178E-02 -3.051061141577E-06 -4.237291547831E-04  6.989826368666E-20 -2.304099236870E-20  6.802458142313E-20 -1.778764827079E-03
  7.018794455535E+02  7.093794455535E+02  2.482379312367E+01  1.249792012502E-14 -2.857185010515E-02  6.169188575777E+02  3.267474246497E-01  3.940083601587E-01 -1.740329004547E-01  2.086048638235E-03 -7.116281847340E-01  3.087904365332E+00 -2.025483175002E-02  3.453296835044E-02 -1.427813660040E-02 -2.786002401208E-02  4.957192864194E-04  1.559397435692E-06 -1.243472160834E-06 -6.244684934642E-07  5.742081690179E-02 -1.559397454562E-06 -9.772925498971E-04  6.947487199926E-20 -4.079535279007E-20  7.010670489154E-20 -1.685341762515E-03
  7.168794455535E+02  7.243794455535E+02  2.487611255413E+01  1.184956328661E-14 -2.848919621021E-02  6.194952782790E+02  3.158708066898E-01  3.801540434970E-01 -1.647672223348E-01  2.038282301311E-03 -7.134323286456E-01  3.029867827981E+00 -1.988109111835E-02  3.358118206260E-02 -1.370009094427E-02 -2.595353595934E-02  2.070502068541E-04  4.427299777971E-06 -3.100956217571E-07  7.747405046885E-07  5.488299799946E-02 -4.427299774075E-06 -4.044041982157E-04  6.355040270848E-20 -2.996381486538E-20  7.447756547579E-20 -1.568851091825E-03
  7.318794455535E+02  7.393794455535E+02  2.492670711616E+01  1.146116520555E-14 -2.931831085783E-02  6.219961517076E+02  3.053140077515E-01  3.679765208832E-01 -1.555930107976E-01  1.837306961864E-03 -7.347515518065E-01  2.974359875659E+00 -1.927379438025E-02  3.276500925746E-02 -1.349121487735E-02 -2.446815894785E-02  4.987204946469E-04  4.395898514235E-06  9.912558768904E-07  2.171582123271E-06  5.215214528917E-02 -4.395898516770E-06 -7.312906186864E-04  7.719123959031E-20 -3.788189585998E-20  7.064681997222E-20 -1.483007464584E-03
  7.468794455535E+02  7.543794455535E+02  2.497390779591E+01  1.055114040120E-14 -2.984962413554E-02  6.243326778074E+02  2.947256801602E-01  3.583169162848E-01 -1.464906987478E-01  1.497782647407E-03 -7.492770708705E-01  2.916404404192E+00 -1.855122071306E-02  3.123343060486E-02 -1.268220989161E-02 -2.281227814575E-02  4.073951923385E-04  1.718875861120E-07  1.219119570868E-06  5.704119884226E-07  5.034249924750E-02 -1.718875835980E-07  1.047785744338E-03  8.091612963272E-20 -2.249503050263E-20  7.537513226671E-20 -1.394875234758E-03
  7.618794455535E+02  7.693794455535E+02  2.502109786723E+01  1.003132537973E-14 -2.733979936269E-02  6.266777398115E+02  2.834042488153E-01  3.489544108865E-01 -1.374355201084E-01  1.183668554106E-03 -6.898651925465E-01  2.860870312468E+00 -1.820374798894E-02  3.044526236815E-02 -1.224151437932E-02 -2.189301486833E-02 -5.978824269508E-04 -1.442926368295E-06  1.307071938679E-06 -8.156936445970E-07  4.883291994810E-02  1.442926362859E-06  2.625212568336E-03  8.363908143779E-20 -3.957382713082E-20  7.142319341101E-20 -1.327398530651E-03
  7.768794455535E+02  7.843794455535E+02  2.506546578685E+01  9.431084963910E-15 -2.492053200033E-02  6.288831305074E+02  2.714095871281E-01  3.413093801691E-01 -1.283727162588E-01  1.029305203210E-03 -6.305172330384E-01  2.798576908169E+00 -1.765401828817E-02  2.938329118656E-02 -1.172927289872E-02 -2.062630883864E-02 -6.021831315679E-04 -2.731869819417E-07  1.638932282736E-06  1.331360580464E-06  4.748507012004E-02  2.731869760667E-07  3.583713340152E-03  8.890548236098E-20 -2.684935658540E-20  8.483379298931E-20 -1.269482398618E-03
  7.918794455535E+02  7.993794455535E+02  2.511013893782E+01  9.118991875270E-15 -2.062532804552E-02  6.311086873248E+02  2.586396313199E-01  3.337346104514E-01 -1.194139218134E-01  6.066108813851E-04 -5.249257896058E-01  2.746008022114E+00 -1.706189447755E-02  2.863927952004E-02 -1.157738504249E-02 -2.007089116727E-02 -1.046959187818E-03 -5.625052016579E-07  2.080853677887E-06 -1.128072583861E-06  4.679484106230E-02  5.625052172859E-07  3.351245298949E-03  8.870966257030E-20 -2.291348718789E-20  6.386265876516E-20 -1.226610443225E-03
  8.068794455535E+02  8.143794455535E+02  2.515321115096E+01  9.021641217642E-15 -1.864129890905E-02  6.332562063096E+02  2.452306255882E-01  3.281062768832E-01 -1.103875531169E-01  4.267683966694E-04 -4.774228228125E-01  2.687833443019E+00 -1.640917224537E-02  2.771605534259E-02 -1.130688309727E-02 -1.901468469208E-02 -7.645380678740E-04 -7.254862087031E-07  2.445512763530E-06 -2.608174663519E-06  4.455055324033E-02  7.254862022043E-07  4.025605266768E-03  9.769476260447E-20 -3.244885602377E-20  6.188512352710E-20 -1.153733798650E-03
  8.218794455535E+02  8.293794455535E+02  2.519366407027E+01  7.978177435826E-15 -1.307419363780E-02  6.352761831852E+02  2.314234553034E-01  3.192732033001E-01 -1.015166648126E-01  1.698275457088E-04 -3.387686687466E-01  2.642043257531E+00 -1.608430276257E-02  2.712091281298E-02 -1.103661005048E-02 -1.795498761487E-02 -1.251070750280E-03 -4.218445168782E-07  2.665377041633E-06 -3.680066341786E-06  4.271898352559E-02  4.218445172934E-07  5.321650877232E-03  1.029658307475E-19 -1.115145420133E-20  5.847580469715E-20 -1.098568910356E-03
  8.368794455535E+02  8.443794455535E+02  2.523330963788E+01  7.585532028898E-15 -8.657199516257E-03  6.372539983924E+02  2.176065523863E-01  3.104065136734E-01 -9.247990873264E-02  2.726313280284E-05 -2.278214565203E-01  2.604014162410E+00 -1.565260142279E-02  2.634546563481E-02 -1.069286421196E-02 -1.727114827646E-02 -1.430919634928E-03 -1.728665870541E-07  2.970561585195E-06 -3.541034950027E-06  4.220764263265E-02  1.728665805311E-07  6.247009850240E-03  9.288165805910E-20 -1.888282268599E-20  5.491862784562E-20 -1.067230539444E-03
  8.518794455535E+02  8.593794455535E+02  2.527281344905E+01  8.586977121837E-15 -1.356532085802E-03  6.392282083507E+02  2.038384095422E-01  3.007222106637E-01 -8.366964183219E-02 -1.522241067112E-05 -4.408555227544E-02  2.547508212927E+00 -1.516056627074E-02  2.517606385778E-02 -1.001549758703E-02 -1.667455513515E-02 -2.027550569853E-03 -1.402145845831E-06  2.926311541893E-06 -3.044906253055E-06  4.013427120931E-02  1.402145849802E-06  6.504685328359E-03  1.028998498764E-19 -1.409262629733E-20  6.296863658480E-20 -9.915033160276E-04
  8.668794455535E+02  8.743794455535E+02  2.530855897357E+01  9.248209692272E-15  3.538934746524E-03  6.410171051897E+02  1.897441127614E-01  2.932052833171E-01 -7.465313857634E-02 -1.936067549525E-04  7.903031301157E-02  2.482119489660E+00 -1.462021507836E-02  2.397910670569E-02 -9.358891627632E-03 -1.494131895628E-02 -1.614517748335E-03 -1.474544974108E-06  2.906427643348E-06 -2.028379253291E-06  3.623837697447E-02  1.474544953629E-06  4.260682269121E-03  1.046691012984E-19 -9.284004151054E-21  5.563392846635E-20 -8.764495591763E-04
  8.818794455535E+02  8.893794455535E+02  2.534075546535E+01  8.580959582940E-15  6.629002364559E-03  6.426318898913E+02  1.748276692741E-01  2.882737680102E-01 -6.594193823615E-02 -1.687466096951E-04  1.585199919209E-01  2.434018106224E+00 -1.414447051201E-02  2.313761970703E-02 -8.993149195038E-03 -1.323558946997E-02 -8.162073413159E-04 -4.445539503135E-07  2.732736989845E-06 -1.169240868878E-06  3.405870563408E-02  4.445539518665E-07  2.974436364722E-03  1.042552343280E-19 -1.636458791624E-20  5.735762125715E-20 -8.011106850389E-04
  8.968794455535E+02  9.043794455535E+02  2.537242327131E+01  7.297740536871E-15  9.109567809491E-03  6.442240713997E+02  1.589908496848E-01  2.831125499444E-01 -5.692567976723E-02 -2.228705469512E-04  2.219820126450E-01  2.400743258554E+00 -1.365635034147E-02  2.245239891608E-02 -8.796048574433E-03 -1.262668914724E-02 -4.263304495685E-04 -8.510950080214E-08  2.158491236726E-06 -9.660683910657E-07  3.468757312889E-02  8.510948145211E-08  4.516547924080E-03  9.739489905125E-20 -1.202778961148E-20  6.072628156962E-20 -7.930562093887E-04
  9.118794455535E+02  9.193794455535E+02  2.540580602882E+01  6.422089205912E-15  1.508819768878E-02  6.459042829387E+02  1.419823367975E-01  2.790487034035E-01 -4.822312501973E-02 -1.779607962316E-04  3.749353237491E-01  2.359339407835E+00 -1.316660696782E-02  2.152444573974E-02 -8.357838772050E-03 -1.255435758046E-02 -8.914055507980E-04  5.326716566884E-07  1.310484250179E-06 -7.131643444951E-07  3.470929031951E-02 -5.326716555223E-07  5.618054383014E-03  9.625421388409E-20 -8.305600421586E-21  6.634861323018E-20 -7.692027394246E-04
  9.268794455535E+02  9.343794455535E+02  2.543751385990E+01  6.271592909353E-15  1.964098832708E-02  6.475052656085E+02  1.229482384963E-01  2.760943191550E-01 -3.918939079695E-02 -2.816681600338E-04  4.929585914877E-01  2.336867231060E+00 -1.270995263655E-02  2.113253293805E-02 -8.422580301568E-03 -1.215573870424E-02 -7.534295640302E-04  9.807478053656E-07  7.350461335793E-07 -1.601589981992E-06  3.594777071937E-02 -9.807478074977E-07  4.309896993934E-03  9.055964489992E-20 -2.622828709352E-21  6.392529629073E-20 -7.671087933538E-04
  9.418794455535E+02  9.493794455535E+02  2.547320921777E+01  5.711221643181E-15  2.317211125100E-02  6.493152151675E+02  1.017545255315E-01  2.764208365946E-01 -3.043696166795E-02 -1.912072513462E-04  5.839095139778E-01  2.317071863012E+00 -1.247136247019E-02  2.073839242422E-02 -8.267029954155E-03 -1.237173375477E-02 -5.363216190709E-04  4.026761433023E-07  4.003275977477E-07 -2.008822398914E-06  3.893868328676E-02 -4.026761371247E-07  4.084729547922E-03  1.088724963830E-19 -3.965112119982E-22  6.480799915581E-20 -7.806098599253E-04
  9.568794455535E+02  9.643794455535E+02  2.551051791927E+01  4.097170447243E-15  2.730089806382E-02  6.512121587427E+02  7.736231940125E-02  2.819995609111E-01 -2.128478206564E-02 -1.992438021411E-04  6.893163924742E-01  2.318340056888E+00 -1.212450579662E-02  2.026270595293E-02 -8.138200156199E-03 -1.270633263363E-02 -8.311655761966E-04  6.931407553654E-07  1.054033806595E-07 -1.423345824872E-06  4.323427522174E-02 -6.931407716900E-07  6.632960403265E-03  9.704416570593E-20 -2.738585388003E-21  6.829507207388E-20 -8.446303121327E-04
  9.718794455535E+02  9.793794455535E+02  2.555426810336E+01  2.031422194811E-15  3.560755510172E-02  6.534477294956E+02  4.739606861440E-02  2.998795387473E-01 -1.244987953657E-02 -1.215698705283E-04  9.035178076356E-01  2.471048830360E+00 -1.279378284633E-02  2.235994767407E-02 -9.566164827720E-03 -1.462472206219E-02 -1.646272902694E-03  3.295428185938E-07  2.506540067590E-07  1.365564641949E-07  4.956553416617E-02 -3.295428201102E-07  7.173366988325E-03  9.548718520350E-20 -8.189484047833E-21  7.138682150717E-20 -1.033739430652E-03
  9.868794455535E+02  9.943794455535E+02  2.560345630085E+01  4.594422986590E-16  4.074870833497E-02  6.559900681962E+02  9.640533759262E-03  3.470151583100E-01 -3.602960648037E-03  1.129369629804E-05  1.035071011359E+00  2.488761630949E+00 -1.486350394119E-02  2.455733206224E-02 -9.693828121319E-03 -1.650117051446E-02 -4.957835003567E-04  7.338267693460E-07  2.242807000925E-07  1.678603367094E-06  2.623126267034E-02 -7.338267784459E-07  2.742755188651E-03  1.053853137757E-19 -7.223355159400E-21  7.208324650861E-20 -4.756218298836E-04
