                   y                  ym                   U                   V                   W                 U^2                 V^2                 W^2                  UV                  VW                  UW                VISC               SFSxx               SFSyy               SFSzz               SFSxy               SFSyz                dUdX                dVdX                dWdX                dUdY                dVdY                dWdY                dUdZ                dVdZ                dWdZ              SFSxym
 -4.000000000000E+00 -2.000000000000E+00  0.000000000000E+00  0.000000000000E+00  0.000000000000E+00  0.000000000000E+00  0.000000000000E+00  0.000000000000E+00  0.000000000000E+00  0.000000000000E+00  0.000000000000E+00  0.000000000000E+00  0.000000000000E+00  0.000000000000E+00  0.000000000000E+00  0.000000000000E+00  0.000000000000E+00  0.000000000000E+00  0.000000000000E+00  0.000000000000E+00  0.000000000000E+00  0.000000000000E+00  0.000000000000E+00  0.000000000000E+00  0.000000000000E+00  0.000000000000E+00  0.000000000000E+00
  2.220446049250E-16  2.000000000000E+00  8.508881193761E+00  1.806153317185E-15 -1.884090784774E-01  7.698785420941E+01  1.186080983287E-01  1.577143037100E+00 -3.652564476541E-01 -4.647175122094E-03 -1.615267128799E+00  3.190143856840E+00 -5.280372684501E-03  4.841424800741E-02 -4.313387532396E-02 -1.439470350541E+01  2.227820768031E-01 -2.850245187784E-03 -2.590475913129E-04  9.819277368125E-05  4.125801611624E+01  2.850245187848E-03 -7.773617536200E-01 -1.131987906222E-19 -2.869450835255E-21  6.250903745190E-20 -8.687611843229E-02
  4.000000000000E+00  6.000000000000E+00  1.212044384014E+01  5.051232869480E-15 -2.003488613105E-01  1.545458123129E+02  4.954782853407E-01  1.989165195820E+00 -9.322088351091E-01 -5.371758568606E-03 -2.443992874821E+00  9.322617799357E+00  1.071177760871E+00 -7.291247781555E-01 -3.420529827085E-01 -5.554761865768E+00 -4.916576577364E-02  5.257885993847E-04 -4.214666425327E-04 -9.807233638680E-07  9.189876584364E+00 -5.257885993603E-04 -1.290783837111E-02 -2.445104197399E-19  2.245944649080E-20  6.613429202913E-20 -3.314071686358E-01
  8.000000000000E+00  1.000000000000E+01  1.310314455712E+01  7.300697228476E-15 -1.948063289730E-01  1.779433040074E+02  6.844742208118E-01  1.936755224612E+00 -8.842498423760E-01 -5.434132292012E-03 -2.567029022373E+00  1.028348751865E+01  4.650101895927E-01 -9.738582050381E-01  5.088480154406E-01 -2.264848886011E+00 -9.982334825517E-02  7.179589892705E-04 -2.460203982130E-04  7.243110979293E-05  3.826736536180E+00 -7.179589892126E-04  2.744006123385E-02 -2.523881985928E-19  3.429848386079E-21  5.978230523499E-21 -1.387432007254E-01
  1.200000000000E+01  1.400000000000E+01  1.403404505561E+01  8.174825255382E-15 -1.866167611044E-01  2.031773554882E+02  7.940691802848E-01  1.916669104267E+00 -9.750726696574E-01 -4.869002450275E-03 -2.629805933344E+00  1.022947518623E+01  4.380031527462E-01 -9.071698206220E-01  4.691666678747E-01 -2.209734005573E+00 -2.024319995022E-02  4.295096614729E-04 -1.382208657704E-04  2.100034395794E-05  3.146484474237E+00 -4.295096614293E-04  3.403095225403E-02 -2.525168716850E-19  3.360321647911E-21 -2.461065554598E-20 -1.185342404258E-01
  1.600000000000E+01  1.800000000000E+01  1.467657293508E+01  8.157101657908E-15 -1.776912541365E-01  2.213080627674E+02  8.712971169109E-01  1.897995679003E+00 -9.731707052277E-01 -5.187499723450E-03 -2.617048371760E+00  9.690804961282E+00  3.625669123658E-01 -8.326099522558E-01  4.700430398907E-01 -1.546832497642E+00 -1.840812096400E-02  2.226296652482E-04 -8.924285251108E-05  1.041734772608E-05  2.394512269899E+00 -2.226296652472E-04  3.256927338064E-02 -2.893679814225E-19 -7.572656062959E-21 -7.546718740323E-20 -8.866641192163E-02
  2.000000000000E+01  2.200000000000E+01  1.523116634165E+01  7.952252138038E-15 -1.702943873196E-01  2.377704258879E+02  9.325572658616E-01  1.889972521041E+00 -9.987188887714E-01 -5.304871443206E-03 -2.603030333669E+00  9.323612322125E+00  3.237986795185E-01 -7.686673899510E-01  4.448687104393E-01 -1.313795285049E+00 -1.692437766426E-02  1.502223773344E-04 -5.370954981517E-05  6.438594482094E-06  1.995770580350E+00 -1.502223772612E-04  2.771255353045E-02 -3.127055937352E-19 -6.075929849454E-21 -1.139138691631E-19 -7.380772594478E-02
  2.400000000000E+01  2.600000000000E+01  1.567441131357E+01  7.448745830210E-15 -1.639593445644E-01  2.513171431961E+02  9.826815916395E-01  1.879672120525E+00 -1.000492773175E+00 -5.468961031554E-03 -2.581024582812E+00  8.906792152156E+00  2.808456157451E-01 -7.059277015492E-01  4.250820858063E-01 -1.049927457963E+00 -1.389635954735E-02  1.568900579303E-04 -2.928039187150E-05 -8.480562057697E-06  1.664500678049E+00 -1.568900579423E-04  2.331303185061E-02 -2.979502059360E-19 -8.267870917922E-21 -1.211026417682E-19 -6.093071001694E-02
  2.800000000000E+01  3.000000000000E+01  1.606346210801E+01  6.835521226013E-15 -1.587513223778E-01  2.635764108299E+02  1.023689818585E+00  1.870371239114E+00 -1.008986147683E+00 -5.716106574925E-03 -2.561628823053E+00  8.570302911574E+00  2.504729286782E-01 -6.535785063192E-01  4.031055776405E-01 -9.079486547305E-01 -1.219519806789E-02  1.349583266213E-04 -1.610225307629E-05 -1.438493843104E-05  1.447689447723E+00 -1.349583266327E-04  1.933318481836E-02 -3.045928576141E-19  4.846493893849E-22 -1.266015517413E-19 -5.262515312697E-02
  3.200000000000E+01  3.400000000000E+01  1.639826081856E+01  6.429293801629E-15 -1.542897597837E-01  2.743630222284E+02  1.057176771122E+00  1.858739928655E+00 -1.009261579198E+00 -5.889117429337E-03 -2.542527947394E+00  8.246667291037E+00  2.237204967579E-01 -6.067348135251E-01  3.830143167668E-01 -7.785999578140E-01 -1.039260329791E-02  1.031786376955E-04 -8.854959552868E-06 -1.536284792821E-05  1.272698478704E+00 -1.031786377025E-04  1.597678240427E-02 -3.094729429273E-19  4.813169386849E-21 -1.531764341403E-19 -4.586605466687E-02
  3.600000000000E+01  3.800000000000E+01  1.669976751415E+01  6.718444810899E-15 -1.507144915916E-01  2.842864914320E+02  1.084553910462E+00  1.848099644611E+00 -1.011346761421E+00 -6.041041364695E-03 -2.529602100366E+00  7.971888084614E+00  2.031212726837E-01 -5.675249502641E-01  3.644036775889E-01 -6.930394940784E-01 -8.653199184216E-03  6.795576960042E-05 -3.464526633690E-06 -6.945752794077E-06  1.143820373743E+00 -6.795576957188E-05  1.328126246122E-02 -3.157434791497E-19  1.120275977802E-20 -1.601047382039E-19 -4.092824214891E-02
  4.000000000000E+01  4.200000000000E+01  1.697018830475E+01  8.260484744144E-15 -1.476718133741E-01  2.933394420103E+02  1.106978314364E+00  1.836822268757E+00 -1.010190711400E+00 -6.208314474312E-03 -2.519320068718E+00  7.713940657769E+00  1.850902776645E-01 -5.325903321651E-01  3.475000545002E-01 -6.183277348243E-01 -7.339219767598E-03  7.187568722046E-05  6.423144374974E-07 -4.792518656922E-06  1.036908874133E+00 -7.187568718477E-05  1.215193069019E-02 -2.953461225547E-19  1.896901092611E-20 -1.378144317963E-19 -3.684991421700E-02
  4.400000000000E+01  4.600000000000E+01  1.721829820195E+01  1.063547687419E-14 -1.446844250141E-01  3.017839264769E+02  1.125196448523E+00  1.826470110550E+00 -1.009588349315E+00 -6.300081518442E-03 -2.505737406686E+00  7.486648805305E+00  1.698233805462E-01 -5.022821248103E-01  3.324587442656E-01 -5.619060772040E-01 -7.064371737847E-03  5.814292828514E-05  2.773566667849E-06  1.262884433845E-06  9.521185490133E-01 -5.814292824529E-05  1.155946232641E-02 -3.052104725305E-19  3.357100985001E-20 -1.743312637245E-19 -3.359077900996E-02
  4.800000000000E+01  5.000000000000E+01  1.744631582607E+01  1.205201346707E-14 -1.419147405974E-01  3.096539976181E+02  1.139915813665E+00  1.816509756355E+00 -1.007515692413E+00 -6.403607168856E-03 -2.491557537685E+00  7.279750806916E+00  1.567291240929E-01 -4.760688278924E-01  3.193397038001E-01 -5.136597322715E-01 -6.421017230012E-03  3.376746343860E-05  1.648415713379E-06 -2.994045655445E-06  8.797595900306E-01 -3.376746343269E-05  1.004235536386E-02 -2.786428858039E-19  4.319081968272E-20 -1.697085791406E-19 -3.082289709856E-02
  5.200000000000E+01  5.400000000000E+01  1.765821561940E+01  1.172486196674E-14 -1.396721234666E-01  3.170650348430E+02  1.151880151598E+00  1.806682812454E+00 -1.005587350439E+00 -6.485125709205E-03 -2.482897058641E+00  7.091067697100E+00  1.456932722237E-01 -4.525750830422E-01  3.068818108148E-01 -4.737333859815E-01 -5.633511495676E-03  3.098578105724E-05 -1.083661622622E-06  6.350422574512E-07  8.196537661161E-01 -3.098578105409E-05  8.858814256216E-03 -2.756069193119E-19  3.928476969543E-20 -1.656536007855E-19 -2.853553829170E-02
  5.600000000000E+01  5.800000000000E+01  1.785615332991E+01  1.141715353624E-14 -1.374780738694E-01  3.240688441224E+02  1.161677693262E+00  1.797146002603E+00 -1.002818268159E+00 -6.660166577260E-03 -2.471381089786E+00  6.918859598849E+00  1.359071223116E-01 -4.312683447422E-01  2.953612224289E-01 -4.397471514679E-01 -5.267198803434E-03  1.757910071612E-05 -3.010430000224E-06  1.041896294644E-06  7.691219201648E-01 -1.757910069254E-05  7.523524567515E-03 -3.235485061426E-19  5.982331694338E-20 -1.709044510033E-19 -2.656558492900E-02
  6.000000000000E+01  6.200000000000E+01  1.804279251339E+01  1.036666210051E-14 -1.358566185589E-01  3.307462261076E+02  1.169818343197E+00  1.788105147397E+00 -1.000113529502E+00 -6.735526403087E-03 -2.467830829028E+00  6.763007357632E+00  1.271519713070E-01 -4.122145678107E-01  2.850625965044E-01 -4.109577707192E-01 -4.272560909940E-03  4.323811364595E-06 -4.583550764272E-06 -2.020486471257E-05  7.247967733165E-01 -4.323811412839E-06  5.190270490286E-03 -2.849429608192E-19  3.629157361259E-20 -1.508976001243E-19 -2.485542811739E-02
  6.400000000000E+01  6.600000000000E+01  1.821850253307E+01  9.587572489395E-15 -1.347845190035E-01  3.370952194119E+02  1.176612420522E+00  1.779409644421E+00 -9.968270288645E-01 -6.856473927418E-03 -2.471199125088E+00  6.618957976242E+00  1.194169901254E-01 -3.953857573869E-01  2.759687672646E-01 -3.848324262413E-01 -3.677043695125E-03  1.761640713445E-05 -4.064188962751E-06 -1.720749853126E-05  6.844657936287E-01 -1.761640701724E-05  4.264443778623E-03 -2.863601552984E-19  6.831714894860E-20 -1.417929980938E-19 -2.332657865702E-02
  6.800000000000E+01  7.000000000000E+01  1.838498424747E+01  8.714676694397E-15 -1.337015687981E-01  3.431683870600E+02  1.182143485526E+00  1.770815957877E+00 -9.936688635792E-01 -6.872856838539E-03 -2.472025093899E+00  6.483226397515E+00  1.125275289718E-01 -3.802022176926E-01  2.676746887220E-01 -3.618248532125E-01 -3.417997602752E-03  4.085672101886E-05 -6.829282894218E-07  5.825336720143E-06  6.487815704560E-01 -4.085672114739E-05  4.276357538456E-03 -3.038731974745E-19  6.536058824689E-20 -1.575965907289E-19 -2.196464826981E-02
  7.200000000000E+01  7.400000000000E+01  1.854296501425E+01  8.002643252930E-15 -1.327013350188E-01  3.489811784774E+02  1.186451623736E+00  1.761252219035E+00 -9.901436147183E-01 -6.968678035736E-03 -2.472392922312E+00  6.359069805692E+00  1.060493610433E-01 -3.664587134663E-01  2.604093524232E-01 -3.410070446055E-01 -3.310837989931E-03  4.205242409147E-05  1.946705757041E-06  1.895878380724E-05  6.168592840860E-01 -4.205242405217E-05  3.718000104045E-03 -2.767362718719E-19  5.387945618147E-20 -1.518693301403E-19 -2.074512264304E-02
  7.600000000000E+01  7.800000000000E+01  1.869352803991E+01  9.353383880496E-15 -1.318447033054E-01  3.545666118941E+02  1.189603114587E+00  1.751190634798E+00 -9.865951923463E-01 -7.009134008939E-03 -2.473828420469E+00  6.245261708172E+00  1.002253210664E-01 -3.537334562773E-01  2.535081352098E-01 -3.228135352855E-01 -3.138704221537E-03 -1.302584424547E-05  1.599848502827E-06  1.360754149177E-05  5.893494081226E-01  1.302584423039E-05  3.131355994206E-03 -2.927567357553E-19  8.419218206759E-20 -1.871344748770E-19 -1.965959989232E-02
  8.000000000000E+01  8.200000000000E+01  1.883768928373E+01  1.063161046468E-14 -1.310618571550E-01  3.599569263222E+02  1.191855434916E+00  1.740704695960E+00 -9.828856873532E-01 -7.045738479103E-03 -2.475151452320E+00  6.133115442872E+00  9.480102749903E-02 -3.413956283558E-01  2.465946008556E-01 -3.064505623904E-01 -2.857045542887E-03 -1.664301594612E-05 -2.744374398777E-07  1.296205845305E-06  5.649629530603E-01  1.664301594210E-05  3.611662219702E-03 -3.027117882839E-19  6.035772200848E-20 -1.267956081816E-19 -1.868453671499E-02
  8.400000000000E+01  8.600000000000E+01  1.897600124743E+01  1.124108550022E-14 -1.299900372395E-01  3.651672052390E+02  1.193413027803E+00  1.729057224280E+00 -9.791522828283E-01 -7.078525244672E-03 -2.470456175994E+00  6.027799715993E+00  9.001730453811E-02 -3.301361866172E-01  2.401188820781E-01 -2.913409454392E-01 -2.989327788861E-03  1.188486745200E-07 -1.745931798919E-06 -2.476493606444E-06  5.425483816428E-01 -1.188486577511E-07  4.878286469919E-03 -2.544817654118E-19  7.686841773046E-20 -1.594702153134E-19 -1.776749113783E-02
  8.800000000000E+01  9.000000000000E+01  1.910889179935E+01  1.158787557012E-14 -1.286652280066E-01  3.702070211362E+02  1.194194039674E+00  1.717360978925E+00 -9.752073657721E-01 -7.107127260172E-03 -2.461174936501E+00  5.930614618044E+00  8.550185932124E-02 -3.199903231980E-01  2.344884638775E-01 -2.775132754011E-01 -3.331179695120E-03 -3.207815372147E-06 -7.102770662538E-07 -1.899563341995E-05  5.213039535156E-01  3.207815382131E-06  5.527057528413E-03 -2.438217392087E-19  7.620902150806E-20 -1.268448567450E-19 -1.694251393725E-02
  9.200000000000E+01  9.400000000000E+01  1.923658170734E+01  1.192169418198E-14 -1.272876141692E-01  3.750813799933E+02  1.194426434741E+00  1.705768553618E+00 -9.713008819443E-01 -7.110113010145E-03 -2.450072584944E+00  5.840348622105E+00  8.136750151947E-02 -3.108668610401E-01  2.294993595223E-01 -2.649378251601E-01 -3.326930345408E-03  4.489712004303E-06  2.067098640690E-06 -1.464627782489E-05  5.018794902063E-01 -4.489712014813E-06  5.380496125207E-03 -2.676407975175E-19  6.359529342662E-20 -1.322642944425E-19 -1.620470290097E-02
  9.600000000000E+01  9.800000000000E+01  1.935986480564E+01  1.112824777350E-14 -1.259871319505E-01  3.798175058112E+02  1.194326659928E+00  1.694009748955E+00 -9.671842845385E-01 -7.131647807598E-03 -2.438966011652E+00  5.753811503208E+00  7.761179852272E-02 -3.022474393842E-01  2.246356408627E-01 -2.535604702747E-01 -3.361214922838E-03  2.761762961688E-05  3.305473171807E-06 -4.207402795953E-06  4.847635646614E-01 -2.761762962334E-05  4.713988537853E-03 -2.652404121458E-19  7.017597191107E-20 -1.409486612104E-19 -1.553834536096E-02
  1.000000000000E+02  1.020000000000E+02  1.947899441539E+01  9.274735638063E-15 -1.249206271743E-01  3.844251343848E+02  1.193933807599E+00  1.682830558070E+00 -9.631330870934E-01 -7.118095538741E-03 -2.431593339882E+00  5.670369686833E+00  7.457168629639E-02 -2.940154116076E-01  2.194437253111E-01 -2.437006344160E-01 -2.793267578662E-03 -6.589725010371E-06  2.401929864061E-06  1.277156492642E-05  4.691738844802E-01  6.589725018184E-06  4.301247258657E-03 -2.651594702216E-19  5.824471129964E-20 -1.447180611521E-19 -1.492677063508E-02
  1.040000000000E+02  1.060000000000E+02  1.959439101671E+01  8.329931290458E-15 -1.237742247896E-01  3.889156395727E+02  1.193337064676E+00  1.672607080993E+00 -9.590007443081E-01 -7.086693241745E-03 -2.422798862214E+00  5.589546987124E+00  7.123242394435E-02 -2.857756517921E-01  2.145432278448E-01 -2.343543436466E-01 -2.861211592989E-03 -2.901092242685E-05  1.522968117322E-06 -9.452663518193E-06  4.555280182042E-01  2.901092239445E-05  4.881173295687E-03 -2.231608918994E-19  8.082262545398E-20 -1.303916851698E-19 -1.437711321048E-02
  1.080000000000E+02  1.100000000000E+02  1.970670678540E+01  8.521458134033E-15 -1.224364661233E-01  3.933105486660E+02  1.192631312575E+00  1.663442686588E+00 -9.547938832661E-01 -7.088294527853E-03 -2.409985056315E+00  5.511096180880E+00  6.801615013885E-02 -2.777826660658E-01  2.097665159288E-01 -2.257082827332E-01 -2.914307457405E-03 -4.073822079135E-07  1.729013007522E-06 -3.086399792173E-05  4.424299654919E-01  4.073821934684E-07  5.355712906834E-03 -2.091352304316E-19  7.245222107520E-20 -1.576188590846E-19 -1.383612735008E-02
  1.120000000000E+02  1.140000000000E+02  1.981562748475E+01  8.618566508615E-15 -1.210944739736E-01  3.975962220576E+02  1.191668077530E+00  1.655219734920E+00 -9.506026693718E-01 -7.068416359159E-03 -2.396237891698E+00  5.437087297857E+00  6.531376895933E-02 -2.706043402052E-01  2.052905712464E-01 -2.172405769170E-01 -2.808056865341E-03 -7.039533653329E-06  8.747475962187E-07 -2.168286894844E-05  4.295351430820E-01  7.039533638211E-06  5.496458501759E-03 -2.423313234664E-19  6.827096576463E-20 -1.487959360267E-19 -1.331624085621E-02
  1.160000000000E+02  1.180000000000E+02  1.992146082018E+01  8.603715685498E-15 -1.196548342828E-01  4.017815549407E+02  1.190395529400E+00  1.648022197971E+00 -9.463349999445E-01 -7.076330645713E-03 -2.379827909856E+00  5.366486409337E+00  6.261934194487E-02 -2.639461192448E-01  2.013267773007E-01 -2.090790670486E-01 -2.770339471189E-03 -4.640578401011E-06 -1.430765897906E-07 -1.062381816535E-05  4.168944370619E-01  4.640578392005E-06  5.696738184640E-03 -2.249486078634E-19  9.140172547274E-20 -1.548670244609E-19 -1.281619593426E-02
  1.200000000000E+02  1.220000000000E+02  2.002403533847E+01  8.525766753466E-15 -1.182556919048E-01  4.058606933681E+02  1.188865480112E+00  1.641393185167E+00 -9.420808530733E-01 -7.047531468269E-03 -2.363024204775E+00  5.298144252640E+00  6.017226746698E-02 -2.575196517332E-01  1.973473842657E-01 -2.013181703086E-01 -2.757793892851E-03  1.693445757949E-05  1.784972981262E-07 -1.159467129477E-05  4.035391969466E-01 -1.693445756806E-05  5.984756873613E-03 -2.287895123249E-19  7.746298498375E-20 -1.652765494355E-19 -1.234440757400E-02
  1.240000000000E+02  1.260000000000E+02  2.012322583329E+01  8.758581967333E-15 -1.167281063724E-01  4.098245123032E+02  1.186943274617E+00  1.635446617081E+00 -9.377979329936E-01 -7.017454480076E-03 -2.343218067579E+00  5.230285825099E+00  5.790438671340E-02 -2.514465961406E-01  1.935422094270E-01 -1.936721461836E-01 -2.986485440885E-03  1.339048981695E-05 -1.544246066903E-08 -1.062879299899E-05  3.909119253475E-01 -1.339048979751E-05  6.305226714297E-03 -2.647819101473E-19  9.053182131690E-20 -1.631408785762E-19 -1.187457575700E-02
  1.280000000000E+02  1.300000000000E+02  2.021947805505E+01  9.842094298116E-15 -1.151358060997E-01  4.136879311862E+02  1.184541244540E+00  1.630230890241E+00 -9.334492604955E-01 -7.018378098420E-03 -2.321424316878E+00  5.164890631786E+00  5.575103919945E-02 -2.456030819785E-01  1.898520427780E-01 -1.865934899078E-01 -2.805865862418E-03 -1.544952761114E-05 -6.224709985640E-07 -2.822916368384E-06  3.794824010447E-01  1.544952765910E-05  6.772671784636E-03 -2.652191092089E-19  1.020783128314E-19 -1.485116550843E-19 -1.145039828551E-02
  1.320000000000E+02  1.340000000000E+02  2.031294624219E+01  1.021220521341E-14 -1.133229633133E-01  4.174563899209E+02  1.181594266779E+00  1.624603471737E+00 -9.290595540065E-01 -6.950132878104E-03 -2.295179438176E+00  5.104047604731E+00  5.362771700396E-02 -2.401003338791E-01  1.864726168762E-01 -1.799039054946E-01 -3.228687397886E-03 -3.772003885800E-06 -5.933596531561E-07 -4.639520372704E-06  3.689679006517E-01  3.772003845774E-06  7.311286254796E-03 -1.788949275428E-19  9.815303627294E-20 -1.410173661523E-19 -1.105063930501E-02
  1.360000000000E+02  1.380000000000E+02  2.040393870552E+01  8.377275146724E-15 -1.114540287508E-01  4.211412881473E+02  1.178195976405E+00  1.618177453380E+00 -9.246907400729E-01 -6.960942893801E-03 -2.266535316734E+00  5.045489625925E+00  5.168443000838E-02 -2.350614054221E-01  1.833769754138E-01 -1.737780287041E-01 -3.038744465384E-03  2.076539124981E-05  1.671921910446E-07  4.091830059194E-07  3.584562845675E-01 -2.076539122478E-05  7.351191128745E-03 -2.071719130064E-19  9.435860404151E-20 -1.588502241007E-19 -1.068017121525E-02
  1.400000000000E+02  1.420000000000E+02  2.049218188444E+01  5.098325985923E-15 -1.096315917825E-01  4.247301519931E+02  1.174522351828E+00  1.611919196978E+00 -9.202168292977E-01 -6.931833149085E-03 -2.238223794381E+00  4.989521522222E+00  4.955281046804E-02 -2.302759078062E-01  1.807230973368E-01 -1.676674053677E-01 -2.947168334147E-03  3.177652648391E-05  1.552572171900E-07 -7.188937110173E-06  3.489799855031E-01 -3.177652655875E-05  7.354824826520E-03 -2.092417048208E-19  8.984604618474E-20 -1.647476883410E-19 -1.031782971067E-02
  1.440000000000E+02  1.460000000000E+02  2.057844974043E+01  2.920679901634E-15 -1.078289232600E-01  4.282538232575E+02  1.170722617542E+00  1.605206075719E+00 -9.158034931341E-01 -6.933182110129E-03 -2.209994847341E+00  4.938092589024E+00  4.804526154117E-02 -2.257976848207E-01  1.777524232776E-01 -1.626581509452E-01 -3.034154759189E-03  1.056545854563E-05 -1.567584197442E-06 -1.646176664346E-05  3.403938295218E-01 -1.056545855561E-05  7.177935558316E-03 -1.828114172202E-19  9.421266267124E-20 -1.667485828623E-19 -1.000482155688E-02
  1.480000000000E+02  1.500000000000E+02  2.066236411538E+01  2.282388976889E-15 -1.061326358010E-01  4.316938734791E+02  1.166928288829E+00  1.598089281791E+00 -9.112922382890E-01 -6.924917283044E-03 -2.183289070493E+00  4.883736281825E+00  4.662579287372E-02 -2.211925159617E-01  1.745667230881E-01 -1.575827366306E-01 -2.691672061169E-03 -1.855603884330E-06 -2.395972198855E-06 -4.944239050848E-07  3.312367722837E-01  1.855603861120E-06  6.440877285024E-03 -1.786351975437E-19  9.060052662004E-20 -1.618762255704E-19 -9.688555713976E-03
  1.520000000000E+02  1.540000000000E+02  2.074404680177E+01  1.832248184193E-15 -1.046075351243E-01  4.350537930476E+02  1.163042697513E+00  1.590548303621E+00 -9.068672825450E-01 -6.933205667446E-03 -2.159471423193E+00  4.830653547394E+00  4.504373689031E-02 -2.166125135520E-01  1.715687766606E-01 -1.526163733474E-01 -2.310671093871E-03  2.878336262047E-06 -1.132759140899E-06  8.236114042875E-06  3.217596962678E-01 -2.878336267884E-06  5.950992503118E-03 -2.011066867017E-19  9.418763844495E-20 -1.833504529595E-19 -9.378665190157E-03
  1.560000000000E+02  1.580000000000E+02  2.082325234594E+01  1.979859274211E-15 -1.031380362526E-01  4.383228961860E+02  1.159027250549E+00  1.582720123612E+00 -9.023392955520E-01 -6.915012267706E-03 -2.135669839985E+00  4.779140265185E+00  4.343683690549E-02 -2.124220952139E-01  1.689852583074E-01 -1.473747024534E-01 -2.313373727270E-03  1.656621864596E-06  2.008251046314E-07 -2.581593787401E-06  3.121790399926E-01 -1.656621844457E-06  5.734780834749E-03 -2.010780415918E-19  9.949359994171E-20 -1.690453994139E-19 -9.066159662950E-03
  1.600000000000E+02  1.620000000000E+02  2.090016086012E+01  3.051820659609E-15 -1.018046320831E-01  4.415080097318E+02  1.154937209428E+00  1.574111765793E+00 -8.978086798442E-01 -6.895450743645E-03 -2.114819213998E+00  4.728833594718E+00  4.183929513243E-02 -2.082375720318E-01  1.663982768998E-01 -1.426251229854E-01 -2.186154276211E-03  1.749949860658E-06  2.706339638973E-07 -9.207219549013E-07  3.036587781288E-01 -1.749949854416E-06  5.354096491355E-03 -1.860532706972E-19  1.119473083699E-19 -1.781898042658E-19 -8.774155612272E-03
  1.640000000000E+02  1.660000000000E+02  2.097508389961E+01  4.793110353063E-15 -1.005142572031E-01  4.446197428713E+02  1.150714441602E+00  1.565210353800E+00 -8.932594417044E-01 -6.864466084666E-03 -2.094407577909E+00  4.681704693085E+00  4.054825211514E-02 -2.042055681229E-01  1.636573160082E-01 -1.382207413744E-01 -1.928188863337E-03 -2.677691202240E-06 -3.654014077023E-07  1.313717197277E-05  2.964434639960E-01  2.677691218376E-06  4.719241738459E-03 -2.148214569118E-19  1.011542092965E-19 -1.954096386289E-19 -8.512024634931E-03
  1.680000000000E+02  1.700000000000E+02  2.104835742151E+01  6.715776950753E-15 -9.939913559302E-02  4.476714030866E+02  1.146369093686E+00  1.556017373706E+00 -8.887122772318E-01 -6.864101161574E-03 -2.077144383426E+00  4.635955601566E+00  3.951193836833E-02 -2.005393496273E-01  1.610274112611E-01 -1.343030495450E-01 -1.706375281000E-03 -6.728693222243E-06 -4.442611263743E-07  2.129671431797E-05  2.892860294374E-01  6.728693251829E-06  4.022066277275E-03 -1.769122656494E-19  1.076543225744E-19 -1.637219097020E-19 -8.260266249483E-03
  1.720000000000E+02  1.740000000000E+02  2.111968055704E+01  8.509540872873E-15 -9.841468575333E-02  4.506500934681E+02  1.142048994819E+00  1.547089193992E+00 -8.841521247828E-01 -6.827286597174E-03 -2.063028893670E+00  4.589735764208E+00  3.835632461900E-02 -1.968570793443E-01  1.585007547255E-01 -1.300837064653E-01 -1.433891814683E-03  2.701567200074E-06  1.208853670491E-06  1.402205130207E-05  2.825210782978E-01 -2.701567162544E-06  3.735683249392E-03 -2.070852601094E-19  1.004117431130E-19 -1.760770697372E-19 -8.019691217172E-03
  1.760000000000E+02  1.780000000000E+02  2.118960135310E+01  1.005905645238E-14 -9.750572620031E-02  4.535788042380E+02  1.137841831653E+00  1.538527797087E+00 -8.795341529547E-01 -6.831122840919E-03 -2.049506358705E+00  4.544370755127E+00  3.724454465669E-02 -1.933077618246E-01  1.560632171667E-01 -1.265633275316E-01 -1.290337283743E-03  1.601163689176E-05  3.601605310679E-06 -3.374293632152E-06  2.756658559999E-01 -1.601163684180E-05  3.268521643068E-03 -1.570696189725E-19  1.049702235461E-19 -1.682971858415E-19 -7.778710279629E-03
  1.800000000000E+02  1.820000000000E+02  2.125756882875E+01  1.185292445791E-14 -9.682490297784E-02  4.564342420501E+02  1.133719223783E+00  1.529513341146E+00 -8.750191953585E-01 -6.801703363753E-03 -2.040768691575E+00  4.499364601731E+00  3.616909975650E-02 -1.896963935603E-01  1.535272938034E-01 -1.224322242439E-01 -9.311979068001E-04  5.531808417059E-06  4.161251600572E-06 -1.306778290816E-05  2.695275424488E-01 -5.531808400715E-06  3.006063146903E-03 -1.601374306033E-19  8.349982086031E-20 -1.731248181437E-19 -7.550720184517E-03
  1.840000000000E+02  1.860000000000E+02  2.132439132643E+01  1.454907375131E-14 -9.603056197180E-02  4.592490300791E+02  1.129623826010E+00  1.520268493086E+00 -8.702616192154E-01 -6.821972551098E-03 -2.029527605028E+00  4.453881481078E+00  3.519070594068E-02 -1.861580141559E-01  1.509673082163E-01 -1.193327702907E-01 -8.932311389639E-04 -1.575726040764E-05  3.795247333064E-06 -3.359161313860E-06  2.634642483799E-01  1.575726044417E-05  2.618479116069E-03 -1.746227980769E-19  8.899626057243E-20 -1.852643593657E-19 -7.340080538834E-03
  1.880000000000E+02  1.900000000000E+02  2.138926964872E+01  1.713092515065E-14 -9.547943295478E-02  4.619906744260E+02  1.125484816039E+00  1.511682903456E+00 -8.658060339338E-01 -6.807815726904E-03 -2.023001361583E+00  4.412541313025E+00  3.447319311089E-02 -1.829084497978E-01  1.484352566869E-01 -1.156923155048E-01 -8.157895703191E-04 -1.089215408844E-05  4.255331977503E-06  2.012214215165E-05  2.567628273171E-01  1.089215409668E-05  1.175595181529E-03 -1.497390342648E-19  8.943059563595E-20 -1.675898556608E-19 -7.140274196773E-03
  1.920000000000E+02  1.940000000000E+02  2.145275907002E+01  1.882526455323E-14 -9.537137038822E-02  4.646782703443E+02  1.121255393173E+00  1.502433437115E+00 -8.609494741177E-01 -6.857045893064E-03 -2.026370411689E+00  4.366298824117E+00  3.343955025161E-02 -1.795250342934E-01  1.460854840423E-01 -1.126718388088E-01 -3.522573187545E-04 -7.652567183086E-06  5.075682569102E-06  1.350330228143E-05  2.504164355604E-01  7.652567178948E-06 -2.404385847137E-04 -1.497777328691E-19  8.765748843621E-20 -1.956888255275E-19 -6.927639903093E-03
  1.960000000000E+02  1.980000000000E+02  2.151444506529E+01  1.999709049969E-14 -9.557035085032E-02  4.672994201180E+02  1.117005285550E+00  1.495150376205E+00 -8.566351851412E-01 -6.855423067698E-03 -2.036755788317E+00  4.329274292142E+00  3.256809277559E-02 -1.766317351518E-01  1.440636423754E-01 -1.091794661356E-01 -3.364568642931E-04  4.969550425247E-08  6.743611998506E-06  2.095501089775E-06  2.459707981172E-01 -4.969548648777E-08 -1.093996941833E-03 -1.393306615932E-19  8.883066528064E-20 -2.050792183792E-19 -6.736060118650E-03
  2.000000000000E+02  2.020600000000E+02  2.157574803403E+01  2.116850950894E-14 -9.594519410740E-02  4.699091853831E+02  1.112368452643E+00  1.487066383969E+00 -8.516317904734E-01 -6.879876056413E-03 -2.051403142670E+00  4.295301396146E+00  3.024711841440E-02 -1.710094481957E-01  1.407623297818E-01 -1.068433319898E-01  4.606726863089E-04  8.831550762286E-06  7.485111678868E-06  8.064844656894E-06  2.388752957161E-01 -8.831550743092E-06 -1.542236164071E-03 -1.335131245963E-19  8.203733782656E-20 -1.753300262951E-19 -6.625846861886E-03
  2.041200000000E+02  2.062418000000E+02  2.163753546524E+01  2.266223233377E-14 -9.636472191935E-02  4.725481616156E+02  1.107672839089E+00  1.480285431324E+00 -8.468610363434E-01 -6.877305878981E-03 -2.067236042735E+00  4.265313842411E+00  2.793922197550E-02 -1.653443941233E-01  1.374051721491E-01 -1.051116301042E-01  6.164462792531E-04 -1.362697887362E-05  5.093918611559E-06  5.692791552554E-06  2.338266937503E-01  1.362697892448E-05 -2.183604714924E-03 -9.981680376658E-20  7.331474033649E-20 -1.749802639972E-19 -6.506439267222E-03
  2.083636000000E+02  2.105490540000E+02  2.169978084453E+01  2.488319330677E-14 -9.708406650386E-02  4.752105557274E+02  1.102906910937E+00  1.473032811419E+00 -8.416794670933E-01 -6.910940784211E-03 -2.088748617700E+00  4.231896144813E+00  2.556742312522E-02 -1.591626194014E-01  1.335951962772E-01 -1.031142561302E-01  1.162759972464E-03 -2.215704170524E-05  2.619081487750E-06 -3.872309775224E-06  2.289762011670E-01  2.215704174207E-05 -2.693422795469E-03 -1.184655032205E-19  7.747089694508E-20 -1.805493796973E-19 -6.381205778983E-03
  2.127345080000E+02  2.149855256200E+02  2.176258798308E+01  2.842327212714E-14 -9.785202880758E-02  4.779035057587E+02  1.098098265642E+00  1.465962513518E+00 -8.365461935649E-01 -6.926215586348E-03 -2.111249932010E+00  4.198117793563E+00  2.320182724855E-02 -1.529984612142E-01  1.297966339647E-01 -1.012782510761E-01  1.356312164051E-03 -2.195217941901E-06  2.580455747617E-06 -8.853690524496E-06  2.238992398975E-01  2.195217984320E-06 -2.857436580456E-03 -1.498025811787E-19  6.941936159907E-20 -1.666315187410E-19 -6.275704029510E-03
  2.172365432400E+02  2.195550913886E+02  2.182578554507E+01  3.163387737523E-14 -9.871827331755E-02  4.806192938101E+02  1.093212413368E+00  1.458015898786E+00 -8.310926410791E-01 -6.943010548210E-03 -2.135553949954E+00  4.164433105375E+00  2.061182869053E-02 -1.465574249662E-01  1.259455962764E-01 -9.954272705346E-02  1.667495855587E-03 -6.210306166492E-06  2.560049354263E-06 -3.378722062249E-06  2.194444383964E-01  6.210306175201E-06 -3.199172790769E-03 -1.106154833710E-19  6.734052287171E-20 -1.469739216398E-19 -6.171732501084E-03
  2.218736395372E+02  2.242617441303E+02  2.188980437770E+01  3.277275224927E-14 -9.970375753296E-02  4.833774497951E+02  1.088125554424E+00  1.450492328463E+00 -8.256123387466E-01 -6.900530527561E-03 -2.163097483354E+00  4.133882789886E+00  1.810662341855E-02 -1.401684752382E-01  1.220618518204E-01 -9.796125460731E-02  1.999944577869E-03 -1.373806095734E-05  1.630451617690E-06  6.402064275994E-07  2.150046893441E-01  1.373806093795E-05 -3.840502766756E-03 -1.271643273267E-19  8.000632738634E-20 -1.505153312195E-19 -6.062490002806E-03
  2.266498487233E+02  2.291095964542E+02  2.195413730292E+01  3.308704988233E-14 -1.009947426005E-01  4.861559886222E+02  1.082817242188E+00  1.443294058290E+00 -8.199226152968E-01 -6.884847079201E-03 -2.197522889230E+00  4.103475986846E+00  1.554123176803E-02 -1.336967922435E-01  1.181555604750E-01 -9.611335204146E-02  2.132056820232E-03 -1.751800047483E-06  1.667820974990E-06 -8.146226035862E-06  2.098591860821E-01  1.751800066988E-06 -4.121369236296E-03 -1.159676648481E-19  5.752190819505E-20 -1.485223428056E-19 -5.952161811275E-03
  2.315693441850E+02  2.341028843478E+02  2.201886498621E+01  3.349960008466E-14 -1.022412148075E-01  4.889586697878E+02  1.077346821329E+00  1.436782564222E+00 -8.140516506542E-01 -6.863572792401E-03 -2.231282131750E+00  4.077202714046E+00  1.299823913781E-02 -1.274339131524E-01  1.144356740141E-01 -9.439432972308E-02  1.905729571195E-03  2.461470119461E-07  1.718604855968E-06 -1.433485875332E-05  2.052684770256E-01 -2.461470219644E-07 -3.736551279111E-03 -1.205610407667E-19  6.791610390012E-20 -1.320715982706E-19 -5.852121824820E-03
  2.366364245106E+02  2.392459708782E+02  2.208417802621E+01  3.316468150452E-14 -1.033748247312E-01  4.917942560508E+02  1.071798430473E+00  1.429874119387E+00 -8.080230217074E-01 -6.861245443657E-03 -2.263212151581E+00  4.053839385734E+00  1.060278195700E-02 -1.211442355474E-01  1.105414535904E-01 -9.305288739456E-02  1.943560866068E-03 -5.069073757270E-06  7.381584036770E-07 -1.473677556635E-05  2.013425749350E-01  5.069073772396E-06 -3.453918297739E-03 -1.358959927716E-19  4.616840929364E-20 -1.482666904373E-19 -5.776579114449E-03
  2.418555172459E+02  2.445433500046E+02  2.215023348793E+01  3.182637313415E-14 -1.045012459955E-01  4.946700787651E+02  1.066219860623E+00  1.422626031813E+00 -8.019180742446E-01 -6.862409775888E-03 -2.296065946604E+00  4.027931417428E+00  8.356065569597E-03 -1.145440535789E-01  1.061879880098E-01 -9.183267209293E-02  2.281955387718E-03  4.075902399749E-06 -1.268365697290E-07 -4.792360344341E-06  1.970751073647E-01 -4.075902426222E-06 -3.471067324045E-03 -1.245226070938E-19  6.122135792659E-20 -1.398506795659E-19 -5.695628207490E-03
  2.472311827633E+02  2.499996505047E+02  2.221661197713E+01  3.007074074699E-14 -1.057028846370E-01  4.975676175730E+02  1.060697324861E+00  1.415843451974E+00 -7.955092379047E-01 -6.843155090174E-03 -2.331367214549E+00  4.001100986211E+00  5.937691579285E-03 -1.078602811507E-01  1.019225895717E-01 -9.034674841259E-02  2.457314813935E-03 -2.037617450103E-07 -7.682923545092E-07 -3.712779372374E-06  1.918665852514E-01  2.037617272989E-07 -2.786903264621E-03 -8.051970248609E-20  5.258002715815E-20 -1.221785139386E-19 -5.597151078058E-03
  2.527681182462E+02  2.556196400198E+02  2.228301417294E+01  2.880402022222E-14 -1.064195877647E-01  5.004753047994E+02  1.055195460112E+00  1.408064717487E+00 -7.890278462162E-01 -6.796196334145E-03 -2.356739020550E+00  3.976652318227E+00  3.485387748698E-03 -1.011023757475E-01  9.761698799940E-02 -8.870980091878E-02  2.053826453094E-03 -1.139757487892E-06 -5.124141561631E-07 -6.406331082916E-06  1.863405310864E-01  1.139757467880E-06 -1.542889635807E-03 -7.576604869510E-20  6.202475624761E-20 -1.132640848530E-19 -5.499232385862E-03
  2.584711617935E+02  2.614082292204E+02  2.234943962030E+01  2.856348433241E-14 -1.067977096334E-01  5.033915084021E+02  1.049489180532E+00  1.398686430999E+00 -7.822560475321E-01 -6.774630314600E-03 -2.376646918122E+00  3.955207032790E+00  1.077876898717E-03 -9.447167034886E-02  9.339379345012E-02 -8.716770990838E-02  1.699950913304E-03  5.655178096588E-06  6.864005040020E-07 -1.030562014161E-05  1.808901121539E-01 -5.655178096896E-06 -1.324531175804E-03 -7.544022349357E-20  4.473002414066E-20 -1.290961396441E-19 -5.392934618691E-03
  2.643452966473E+02  2.673704760971E+02  2.241585250430E+01  2.892550695494E-14 -1.074095308669E-01  5.063175961988E+02  1.043551981437E+00  1.387154446847E+00 -7.754516672866E-01 -6.749200472237E-03 -2.402534260345E+00  3.935555802257E+00 -1.401337524203E-03 -8.753757040943E-02  8.893890793324E-02 -8.543569777822E-02  1.805132886219E-03  6.324104761367E-06  1.513862959565E-06 -1.134751308092E-05  1.763346424964E-01 -6.324104778776E-06 -1.208167877219E-03 -6.799205910165E-20  5.146919917754E-20 -1.220276013585E-19 -5.298905593763E-03
  2.703956555468E+02  2.735115903800E+02  2.248280699561E+01  2.910276244531E-14 -1.077340036024E-01  5.092774589706E+02  1.037403214740E+00  1.376036189670E+00 -7.682557055629E-01 -6.709520317110E-03 -2.420658035396E+00  3.917095524594E+00 -3.768347213913E-03 -8.048788955659E-02  8.425623676999E-02 -8.427825644317E-02  1.699709037440E-03 -6.465688092898E-06  2.200014431551E-06 -1.453546941873E-06  1.725214466342E-01  6.465688074737E-06 -7.520275954092E-04 -7.434988531183E-20  4.199018639522E-20 -8.842335492714E-20 -5.227689256810E-03
  2.766275252132E+02  2.798369380914E+02  2.255021870612E+01  2.907499646136E-14 -1.079875949267E-01  5.122654089124E+02  1.030877908527E+00  1.365026734840E+00 -7.610627360783E-01 -6.654497925976E-03 -2.436903898215E+00  3.897676146199E+00 -5.873972671037E-03 -7.354638238663E-02  7.942035505723E-02 -8.307526925952E-02  1.653658000007E-03 -1.821029438702E-06  3.080367921242E-06 -7.247682794143E-09  1.685618321726E-01  1.821029418822E-06  4.052913211277E-04 -9.381709879830E-20  4.884215081084E-20 -8.993889680213E-20 -5.165851331419E-03
  2.830463509696E+02  2.863520462341E+02  2.261803226557E+01  3.016994249913E-14 -1.073915436220E-01  5.152781552082E+02  1.023940095333E+00  1.353078572208E+00 -7.534643271234E-01 -6.596329170379E-03 -2.434651864566E+00  3.884850497616E+00 -8.092809008069E-03 -6.656002359887E-02  7.465283260713E-02 -8.234830138189E-02  1.301650332327E-03  4.776298407528E-06  4.292244919528E-06 -6.802728126430E-06  1.645186210329E-01 -4.776298396676E-06  1.499343982924E-03 -6.660053791987E-20  5.133495746259E-20 -8.026778313254E-20 -5.114230473764E-03
  2.896577414987E+02  2.930626076211E+02  2.268618834595E+01  3.237218551671E-14 -1.067408673356E-01  5.183133364248E+02  1.016777870515E+00  1.340290800818E+00 -7.458293454836E-01 -6.598167732064E-03 -2.431325950962E+00  3.874227706990E+00 -1.046214388565E-02 -5.962321261197E-02  7.008535649649E-02 -8.120705667487E-02  1.287539729055E-03  9.850548227908E-06  4.525717776484E-06 -3.116494782725E-06  1.607262970201E-01 -9.850548201602E-06  1.599741150056E-03 -4.340400638734E-20  3.564015909613E-20 -7.512085333068E-20 -5.044734280041E-03
  2.964674737436E+02  2.999744858498E+02  2.275483823994E+01  3.347144465528E-14 -1.060167873276E-01  5.213795039566E+02  1.009373771078E+00  1.327634506575E+00 -7.378688289596E-01 -6.535845705742E-03 -2.425433702563E+00  3.862230369766E+00 -1.256256388280E-02 -5.290125652548E-02  6.546382040806E-02 -8.025192645980E-02  1.248677006607E-03  9.310090915141E-07  3.910520173146E-06  9.212392205340E-07  1.573137040732E-01 -9.310090603757E-07  8.511372278343E-04 -8.071889636723E-20  4.491950078905E-20 -5.092743987464E-20 -4.981605053480E-03
  3.034814979559E+02  3.070937204253E+02  2.282406893519E+01  3.301927018843E-14 -1.059731727227E-01  5.244824658937E+02  1.001733698899E+00  1.314902223481E+00 -7.297742825622E-01 -6.612192037892E-03 -2.435264968886E+00  3.856218369459E+00 -1.459603559853E-02 -4.641627766374E-02  6.101231326303E-02 -7.924691055826E-02  1.422775328421E-03  2.057384509744E-06  4.540035227317E-06  1.603566286708E-06  1.540318924133E-01 -2.057384512806E-06  8.484888209338E-05 -6.939259107963E-20  2.139089282208E-20 -5.408243377961E-20 -4.915063109743E-03
  3.107059428946E+02  3.144265320380E+02  2.289392038197E+01  3.102868699825E-14 -1.059146073770E-01  5.276208614224E+02  9.939076397522E-01  1.301786531681E+00 -7.213620934570E-01 -6.567861992917E-03 -2.444943340763E+00  3.852791637753E+00 -1.651846807548E-02 -3.976923874446E-02  5.628770682001E-02 -7.820379391414E-02  1.307675483104E-03 -1.118708372771E-06  5.188094118328E-06  8.679229696297E-07  1.507107119603E-01  1.118708367241E-06  6.851519916847E-05 -5.555783648968E-20  3.499871604390E-20 -7.917342365767E-20 -4.870759759250E-03
  3.181471211814E+02  3.219793279992E+02  2.296425823409E+01  2.767009942931E-14 -1.058827141753E-01  5.307873536881E+02  9.858308927381E-01  1.288335200802E+00 -7.128651813081E-01 -6.611312761736E-03 -2.453886393355E+00  3.851096161804E+00 -1.848582943942E-02 -3.315885295850E-02  5.164468239850E-02 -7.763790953034E-02  1.456160221833E-03  1.024316548748E-06  5.419411434472E-06  4.468729673394E-06  1.483915174442E-01 -1.024316569135E-06 -2.613398344099E-04 -3.759960340877E-20  2.027952154188E-20 -5.092083071484E-20 -4.839579169323E-03
  3.258115348169E+02  3.297587078391E+02  2.303608583329E+01  2.529310600662E-14 -1.061428251573E-01  5.340332574608E+02  9.775351904636E-01  1.276805000502E+00 -7.039707071630E-01 -6.649326717346E-03 -2.468184860681E+00  3.853348522318E+00 -2.053348236989E-02 -2.654358282734E-02  4.707706519699E-02 -7.730864604620E-02  1.572535510326E-03  5.056322388125E-06  6.236480197085E-06  2.787841043992E-06  1.451571120835E-01 -5.056322371149E-06 -6.433123604249E-04 -3.293523711942E-20  3.174831366262E-20 -3.796295364975E-20 -4.797851352267E-03
  3.337058808614E+02  3.377714690743E+02  2.310752347410E+01  2.300105440313E-14 -1.065173069695E-01  5.372711917166E+02  9.691463830605E-01  1.265679145094E+00 -6.950080320874E-01 -6.721146007932E-03 -2.482740187965E+00  3.856874396961E+00 -2.244031134236E-02 -2.028104996118E-02  4.272136130363E-02 -7.613220613796E-02  1.663088891068E-03  8.177002366061E-06  6.645558646655E-06  9.824671280566E-07  1.403797001768E-01 -8.177002383028E-06 -1.245774365388E-03 -3.934563476879E-20  1.967428510494E-20 -4.723212895784E-20 -4.710894385660E-03
  3.418370572872E+02  3.460246131465E+02  2.317880398043E+01  1.958314731441E-14 -1.074315563185E-01  5.405119996245E+02  9.604621962729E-01  1.254032643715E+00 -6.856241190204E-01 -6.762205976171E-03 -2.510183219073E+00  3.864603958386E+00 -2.430786029892E-02 -1.389269888608E-02  3.820055918438E-02 -7.452991551212E-02  1.989525418649E-03  3.632752109428E-06  6.619488564678E-06  2.443109557261E-06  1.359853391484E-01 -3.632752107590E-06 -1.477205869646E-03 -8.419089673359E-20  2.201897550253E-20  1.262989113565E-20 -4.622103082949E-03
  3.502121690058E+02  3.545253515409E+02  2.324991933471E+01  1.660081613552E-14 -1.080720793243E-01  5.437531631919E+02  9.515413133764E-01  1.241922774446E+00 -6.761070204248E-01 -6.813620813847E-03 -2.528530510463E+00  3.872452318504E+00 -2.580405159374E-02 -7.859260477263E-03  3.366331207125E-02 -7.333375834330E-02  2.092514289378E-03  1.055230362032E-06  7.312033370427E-06  3.148836048368E-06  1.321971957380E-01 -1.055230383228E-06 -1.789034075972E-03 -3.126092748207E-20  2.376833888545E-20 -9.295606317506E-21 -4.541394909738E-03
  3.588385340760E+02  3.632811120872E+02  2.332137130720E+01  1.466299015077E-14 -1.093493144141E-01  5.470163961517E+02  9.420711161259E-01  1.228822050623E+00 -6.662798694318E-01 -6.828499367926E-03 -2.561200706173E+00  3.881916488852E+00 -2.741210136532E-02 -1.815948351440E-03  2.922804971573E-02 -7.216135218967E-02  2.600944804192E-03  3.871868299215E-06  8.020667473521E-06  1.225062171130E-06  1.299356560855E-01 -3.871868283093E-06 -3.158967256758E-03 -1.305619570747E-20  1.792987502243E-20  2.025661049378E-20 -4.511509868575E-03
  3.677236900983E+02  3.722995454498E+02  2.339422123100E+01  1.376184517905E-14 -1.115855407336E-01  5.503552437181E+02  9.316582866740E-01  1.213968823502E+00 -6.562415366334E-01 -6.912453538731E-03 -2.617011967176E+00  3.903405064269E+00 -2.873515688410E-02  4.134448966234E-03  2.460070791777E-02 -7.224914508518E-02  3.349713288029E-03  2.707007668156E-06  6.289749416468E-06  4.493199543641E-06  1.281244724115E-01 -2.707007674508E-06 -3.345237414740E-03 -2.800392519511E-20  1.072682316076E-20  3.489033802718E-20 -4.503353827487E-03
  3.768754008012E+02  3.815885318133E+02  2.346793386779E+01  1.305646962436E-14 -1.132136673517E-01  5.537459120632E+02  9.205968588457E-01  1.199687638107E+00 -6.458543691646E-01 -6.900643865078E-03 -2.659722305955E+00  3.924812106382E+00 -3.024362849402E-02  9.878676148696E-03  2.036495234517E-02 -7.177129979182E-02  3.048427914596E-03 -2.198926272506E-06  3.571328879758E-06  2.986502869601E-06  1.267300823099E-01  2.198926283460E-06 -3.612364871387E-03 -4.569593468085E-20  1.521658409936E-20  2.723473498115E-20 -4.475975528444E-03
  3.863016628253E+02  3.911561877677E+02  2.354354213986E+01  1.246744922154E-14 -1.158859111918E-01  5.572282974985E+02  9.088646758566E-01  1.183863505147E+00 -6.351021448765E-01 -6.947836424695E-03 -2.725672759573E+00  3.949020644678E+00 -3.158369813704E-02  1.568650087214E-02  1.589719726468E-02 -7.156391089604E-02  3.717186891541E-03 -3.545929932244E-06  2.272693761010E-06  1.957536708738E-07  1.247975388784E-01  3.545929936675E-06 -5.792032800171E-03 -9.773567588762E-21  3.411423891882E-20  4.649302301466E-20 -4.458183673951E-03
  3.960107127100E+02  4.010108734007E+02  2.361938422269E+01  1.200285371673E-14 -1.202560002422E-01  5.607362085247E+02  8.964103706370E-01  1.168090508864E+00 -6.242024531462E-01 -6.918132529688E-03 -2.832843769068E+00  3.981606293020E+00 -3.347358286520E-02  2.166946463046E-02  1.180411823493E-02 -7.108273193671E-02  4.769558321459E-03 -3.283126946400E-06  1.641559986352E-06 -5.909693878471E-07  1.215916876173E-01  3.283126962298E-06 -7.336107991927E-03 -3.845255451680E-20  8.544056249629E-21  2.943000584906E-20 -4.424810195392E-03
  4.060110340913E+02  4.111611996027E+02  2.369554545430E+01  1.057157223631E-14 -1.250433306345E-01  5.642695561692E+02  8.835936143276E-01  1.148743034933E+00 -6.127393388408E-01 -6.948789790743E-03 -2.947847689856E+00  4.007480914951E+00 -3.505674442546E-02  2.709598691349E-02  7.960757511895E-03 -7.020149173628E-02  5.258073757435E-03 -2.496461373802E-06  8.271807892101E-07 -3.245886870866E-06  1.176437796976E-01  2.496461350096E-06 -7.329676571840E-03 -2.024385517985E-20  2.708582023984E-20  6.740893705176E-20 -4.330888978769E-03
  4.163113651141E+02  4.216160355908E+02  2.377086505802E+01  8.514283859837E-15 -1.296688974201E-01  5.677787075231E+02  8.704099309435E-01  1.131412055962E+00 -6.011869074312E-01 -6.911193690775E-03 -3.059108009087E+00  4.037281043815E+00 -3.657870414553E-02  3.217888569455E-02  4.399818450199E-03 -6.848219030951E-02  4.503026758719E-03  2.220482218277E-07 -5.411537700147E-07 -2.911812524028E-06  1.141211880271E-01 -2.220482386394E-07 -7.363016852880E-03 -4.842490515075E-20  1.213279058517E-20  6.975085266764E-20 -4.247564033453E-03
  4.269207060675E+02  4.323845166585E+02  2.384687265246E+01  7.483259165687E-15 -1.347950548938E-01  5.713343505770E+02  8.566386385318E-01  1.115984226345E+00 -5.891468662422E-01 -6.853360496380E-03 -3.180256145303E+00  4.079154032356E+00 -3.777475066900E-02  3.718570797364E-02  5.890426949579E-04 -6.764483959445E-02  5.070381742747E-03 -5.990449294912E-07 -2.054781170707E-06  1.106548197236E-06  1.110714453182E-01  5.990449187392E-07 -6.824240810672E-03 -2.861456922378E-20  2.061767103828E-20  7.991053744595E-20 -4.203360892605E-03
  4.378483272495E+02  4.434760521583E+02  2.392256009541E+01  7.011764649803E-15 -1.389772132923E-01  5.748851714067E+02  8.421552811910E-01  1.101337472171E+00 -5.768114794683E-01 -6.699268214582E-03 -3.281351539560E+00  4.126561023245E+00 -3.926455708289E-02  4.226073201910E-02 -2.996174935946E-03 -6.707687271975E-02  4.811818656648E-03  1.603261596459E-06 -3.025631981769E-06  2.772547111069E-06  1.088701082042E-01 -1.603261587688E-06 -5.905583965554E-03 -3.330938072217E-20  1.253802132870E-20  7.746333208884E-20 -4.208243425101E-03
  4.491037770670E+02  4.549003337230E+02  2.400003686548E+01  5.614237229048E-15 -1.430811641352E-01  5.785271371595E+02  8.272600202400E-01  1.082590265731E+00 -5.638658125518E-01 -6.784595125564E-03 -3.382411777541E+00  4.168596329811E+00 -4.021845748122E-02  4.689485471642E-02 -6.676397235396E-03 -6.738733955759E-02  4.339465136291E-03  3.308258645276E-07 -3.979480816603E-06  4.408182240508E-07  1.069918608672E-01 -3.308258822142E-07 -4.724118442799E-03 -9.383935945932E-21  1.982789554749E-20  7.890476038544E-20 -4.193210983942E-03
  4.606968903790E+02  4.666673437347E+02  2.407759953395E+01  4.378360955043E-15 -1.458315693275E-01  5.821850604146E+02  8.118139161802E-01  1.064987010990E+00 -5.507896891342E-01 -6.541959865601E-03 -3.452915176290E+00  4.206305799620E+00 -4.079660255754E-02  5.126175233199E-02 -1.046514977413E-02 -6.676527796089E-02  3.096151091467E-03 -9.168022988280E-07 -3.034619705591E-06 -2.240802901828E-06  1.041750605053E-01  9.168023053003E-07 -3.700578287300E-03 -1.734709699630E-20  1.457652227600E-20  8.715559107950E-20 -4.149783181601E-03
  4.726377970904E+02  4.787873640468E+02  2.415553685464E+01  3.534855857098E-15 -1.486281455687E-01  5.858688450052E+02  7.958388783790E-01  1.048699607090E+00 -5.369180757713E-01 -6.451000367103E-03 -3.527810848017E+00  4.250622184931E+00 -4.129889752583E-02  5.516694641968E-02 -1.386804889380E-02 -6.622220778890E-02  3.047805424880E-03  7.300662506163E-07 -7.325437768883E-07 -2.963730397528E-06  1.024511657433E-01 -7.300662669136E-07 -2.668899940226E-03 -3.187882277132E-20  1.834188061844E-20  1.055182268335E-19 -4.129958104056E-03
  4.849369310031E+02  4.912709849682E+02  2.423513624116E+01  3.708830696262E-15 -1.499409030665E-01  5.896507454767E+02  7.794948144259E-01  1.029293734694E+00 -5.231225532436E-01 -6.215160338777E-03 -3.566924537166E+00  4.297971260802E+00 -4.162732124768E-02  5.870299982138E-02 -1.707567857352E-02 -6.604707419805E-02  2.151772008084E-03 -6.173793141440E-08 -4.933953645195E-07  1.389961501576E-07  1.020471612255E-01  6.173797822268E-08 -1.473231904731E-03 -2.537311798213E-20  3.200251317418E-20  6.522783551485E-20 -4.149344950037E-03
  4.976050389332E+02  5.041291145172E+02  2.431713905615E+01  5.352254952897E-15 -1.509659511418E-01  5.935610998313E+02  7.629564125350E-01  1.008887774045E+00 -5.088419807654E-01 -5.924492593148E-03 -3.600660334904E+00  4.350729018688E+00 -4.197819263080E-02  6.171371689709E-02 -1.973552426548E-02 -6.666988930454E-02  1.736037070114E-03  1.141949068979E-06 -4.595817336058E-07  4.635933981829E-06  1.010383026992E-01 -1.141949095084E-06 -1.048570453563E-03 -3.365327357501E-20  2.074747564886E-20  9.105769620051E-20 -4.164964728224E-03
  5.106531901012E+02  5.173729879527E+02  2.439991719620E+01  6.254780403105E-15 -1.516638673532E-01  5.975246485842E+02  7.458305209284E-01  9.878627170822E-01 -4.940032967175E-01 -5.682759606515E-03 -3.626986403881E+00  4.405433356638E+00 -4.222840073447E-02  6.480252762362E-02 -2.257412688944E-02 -6.671436454670E-02  2.011172480914E-03  1.861673108921E-06 -5.656005908155E-08  3.643908628305E-06  9.904554158080E-02 -1.861673086714E-06 -8.332833834802E-04 -4.736528689279E-20  3.285041218439E-20  1.044569974348E-19 -4.159505558821E-03
  5.240927858042E+02  5.310141775913E+02  2.448351856655E+01  6.863056853148E-15 -1.523782028392E-01  6.015393738517E+02  7.280645083232E-01  9.615342655587E-01 -4.790195197563E-01 -5.142878108858E-03 -3.657459880946E+00  4.471419873321E+00 -4.303211413502E-02  6.799064342728E-02 -2.495852929224E-02 -6.642860311784E-02  1.264238776863E-03  3.747931192277E-06 -1.282185356177E-07  3.646854964474E-06  9.755749329997E-02 -3.747931175733E-06  9.054269419642E-04 -2.080742463749E-20  4.558143270652E-20  1.041248598797E-19 -4.154454914717E-03
  5.379355693784E+02  5.450646029190E+02  2.456872298917E+01  8.343070736587E-15 -1.501227190244E-01  6.056475187847E+02  7.099956502510E-01  9.347301218205E-01 -4.631702710443E-01 -4.918266204947E-03 -3.620488555968E+00  4.529707394635E+00 -4.335233448036E-02  7.060996491274E-02 -2.725763043251E-02 -6.652283102405E-02 -3.490158735520E-04  4.303783080241E-06 -2.028463615207E-07  3.620280984527E-06  9.519098270871E-02 -4.303783059517E-06  3.372683628715E-03 -3.932526463341E-20  3.450883780499E-20  1.147590702468E-19 -4.116380548627E-03
  5.521936364597E+02  5.595365410066E+02  2.465319597456E+01  9.689483012239E-15 -1.463685825043E-01  6.097343109542E+02  6.919230696157E-01  9.076594991043E-01 -4.478709910420E-01 -4.178522720199E-03 -3.546866999820E+00  4.584328294790E+00 -4.338539011397E-02  7.268855673795E-02 -2.930316662404E-02 -6.502658124631E-02 -6.310655819767E-04  4.115692124540E-06 -4.455950582577E-07 -2.141089898962E-06  9.184399430811E-02 -4.115692128869E-06  3.792035934227E-03 -4.139176330678E-20  2.111510582166E-20  1.178582070522E-19 -4.027731070969E-03
  5.668794455535E+02  5.743794455535E+02  2.473735256102E+01  1.036919248382E-14 -1.431281065029E-01  6.138154441099E+02  6.749052074083E-01  8.782314222004E-01 -4.309971698872E-01 -3.868056959921E-03 -3.488679497250E+00  4.600340445451E+00 -4.330093455008E-02  7.306547209944E-02 -2.976453754955E-02 -6.380627782095E-02 -4.564407627500E-04  2.530695057552E-07 -1.336971227943E-06  3.281784973753E-07  9.008249095914E-02 -2.530694795249E-07  3.132766507687E-03 -4.335845898338E-20  2.989112058752E-20  1.112313897879E-19 -3.964605174083E-03
  5.818794455535E+02  5.893794455535E+02  2.482210634939E+01  1.046055632161E-14 -1.404859374055E-01  6.179381375693E+02  6.594318373764E-01  8.522800582089E-01 -4.150916574386E-01 -3.440655986963E-03 -3.447726610989E+00  4.512594016141E+00 -4.144987092162E-02  6.983234600116E-02 -2.838247507964E-02 -6.201402223143E-02 -5.661093364151E-04 -3.250822988438E-06 -2.700372787685E-06  2.758503711858E-06  8.854281391449E-02  3.250822986657E-06  1.317708145025E-03 -3.516004119855E-20  5.098726117798E-20  1.263098865084E-19 -3.799372398544E-03
  5.968794455535E+02  6.043794455535E+02  2.490335946150E+01  9.415318351358E-15 -1.406646054301E-01  6.219095522712E+02  6.443924655279E-01  8.273900237986E-01 -3.985579584938E-01 -2.780358354486E-03 -3.475434190923E+00  4.432884105087E+00 -4.049832647688E-02  6.804762107326E-02 -2.754929459579E-02 -5.929238488291E-02  7.816435507146E-04 -8.067131445161E-07 -3.480329427085E-06 -4.199301107630E-06  8.629922626784E-02  8.067131603861E-07 -1.513331040929E-03 -3.495212790952E-20  3.290137608916E-20  1.222238166428E-19 -3.641601369577E-03
  6.118794455535E+02  6.193794455535E+02  2.498389535170E+01  8.698556342816E-15 -1.433370210496E-01  6.258543204534E+02  6.292258395321E-01  7.995165646096E-01 -3.827081490800E-01 -2.362137839087E-03 -3.561861606192E+00  4.351995313975E+00 -3.929311015461E-02  6.599634163792E-02 -2.670323148290E-02 -5.724862607022E-02  1.553057190950E-03 -1.643441963057E-06 -2.724464019295E-06 -5.669199044575E-06  8.329957252039E-02  1.643441948376E-06 -1.445048579472E-03 -1.601751994436E-20  3.735962841642E-20  1.336473064397E-19 -3.464627743015E-03
  6.268794455535E+02  6.343794455535E+02  2.505954379996E+01  8.505281837619E-15 -1.434072854663E-01  6.295684676399E+02  6.141849992029E-01  7.691846080097E-01 -3.664556460897E-01 -1.744515989549E-03 -3.580138678142E+00  4.270381323317E+00 -3.788081187697E-02  6.380276195786E-02 -2.592195008107E-02 -5.342367232362E-02  6.419378412970E-04 -7.241392704441E-07 -7.896865389184E-07 -5.642087302496E-06  7.946312245055E-02  7.241392598491E-07 -8.145153885352E-04 -1.526277959062E-20  3.333514181941E-20  1.050506247288E-19 -3.241069988681E-03
  6.418794455535E+02  6.493794455535E+02  2.513293269116E+01  8.160590548219E-15 -1.448711363404E-01  6.331824052337E+02  5.989643391943E-01  7.412510903597E-01 -3.506359458308E-01 -1.305837817791E-03 -3.630678885671E+00  4.198729427651E+00 -3.669262241160E-02  6.152368505489E-02 -2.483106264319E-02 -5.057345738719E-02  9.557713655292E-04 -9.321407157478E-07  1.091038374291E-08 -4.410539356623E-06  7.818705646979E-02  9.321407144213E-07 -8.380177331395E-04 -2.362287408892E-20  4.309916121833E-20  1.189119826305E-19 -3.113633358235E-03
  6.568794455535E+02  6.643794455535E+02  2.520618233185E+01  8.389827461236E-15 -1.449585245822E-01  6.368049874573E+02  5.832996346685E-01  7.146993789099E-01 -3.344086965111E-01 -9.665584245786E-04 -3.646589315078E+00  4.137219895248E+00 -3.561458642752E-02  5.992454922176E-02 -2.430996279498E-02 -4.907026735999E-02  2.867704231725E-04 -6.605123412282E-07 -1.270513085886E-06 -5.219941179752E-06  7.726515008154E-02  6.605123476864E-07 -3.988580910303E-04 -2.429631966801E-20  3.044731570938E-20  1.180461010147E-19 -3.021456957872E-03
  6.718794455535E+02  6.793794455535E+02  2.527778873373E+01  8.981612907114E-15 -1.456131379628E-01  6.403590563104E+02  5.669721527458E-01  6.887532067865E-01 -3.189767532045E-01 -4.295119084893E-04 -3.671081029169E+00  4.069392628781E+00 -3.447018558304E-02  5.818060116778E-02 -2.371041558477E-02 -4.748281311392E-02  3.790916671469E-04  1.197878218355E-06 -2.743237185355E-06 -6.960694619532E-06  7.482049302925E-02 -1.197878206908E-06 -1.045139730458E-03 -1.996286235689E-20  3.167679016547E-20  1.006660783515E-19 -2.897848480839E-03
  6.868794455535E+02  6.943794455535E+02  2.534644301057E+01  9.002713649795E-15 -1.469213487848E-01  6.437771577488E+02  5.501623855822E-01  6.635708188958E-01 -3.028914310433E-01 -4.397098549985E-04 -3.715382609603E+00  3.998917922564E+00 -3.349054133361E-02  5.677917390451E-02 -2.328863257056E-02 -4.509151213101E-02  7.321127815937E-04  4.389818173087E-06 -2.785153140690E-06 -2.833160662097E-06  7.183724241312E-02 -4.389818174414E-06 -1.946258273085E-03 -4.186525946051E-21  4.257212896618E-20  8.015043799105E-20 -2.747582107104E-03
  7.018794455535E+02  7.093794455535E+02  2.541247930905E+01  7.655935636610E-15 -1.492571220525E-01  6.470790479499E+02  5.330588023465E-01  6.403265756369E-01 -2.877312078074E-01  3.101600509193E-05 -3.780208043477E+00  3.919506662693E+00 -3.308751720394E-02  5.478576291209E-02 -2.169824570788E-02 -4.256595852461E-02  9.031175890028E-04  2.779438623595E-06 -1.440066137318E-06 -2.583260097866E-06  6.884469220184E-02 -2.779438650015E-06 -1.299161077808E-03 -2.440837585568E-20  3.765243452771E-20  1.013982709624E-19 -2.580766828627E-03
  7.168794455535E+02  7.243794455535E+02  2.547552747550E+01  5.899491687990E-15 -1.493428320566E-01  6.502419403192E+02  5.153487607220E-01  6.174860673650E-01 -2.720117806835E-01  1.683491931570E-04 -3.788132554144E+00  3.836268841696E+00 -3.234911486083E-02  5.311774695815E-02 -2.076863209687E-02 -4.008266290677E-02  4.938754066368E-04  2.269359821654E-06 -2.103766077787E-08 -5.052906798172E-06  6.571558933166E-02 -2.269359826319E-06 -4.452408229765E-04 -2.667241321024E-20  3.277557893795E-20  9.432397101493E-20 -2.437744986961E-03
  7.318794455535E+02  7.393794455535E+02  2.553570608147E+01  4.419031257817E-15 -1.501016766644E-01  6.532583547280E+02  4.970811525055E-01  5.972798824195E-01 -2.568398956337E-01  4.386766904109E-04 -3.812410938617E+00  3.760482440450E+00 -3.121688906461E-02  5.145449043135E-02 -2.023760136665E-02 -3.783339459205E-02  5.341006218079E-04 -1.504619806839E-06  7.289179806350E-07 -2.746571112768E-06  6.271229978429E-02  1.504619811607E-06 -1.765184850382E-03 -2.031793691722E-20  3.378181925568E-20  9.405371788320E-20 -2.289288995713E-03
  7.468794455535E+02  7.543794455535E+02  2.559312483252E+01  3.074221577535E-15 -1.526671311895E-01  6.561490272047E+02  4.776961132378E-01  5.754745599680E-01 -2.414946853428E-01  4.816485036626E-04 -3.884790682123E+00  3.681895786401E+00 -3.047008690791E-02  5.001037229706E-02 -1.954028538877E-02 -3.523716094070E-02  1.293584128883E-03 -2.139102717541E-06  9.650139879645E-07 -7.344658227043E-06  5.855314430452E-02  2.139102716172E-06 -1.882300705252E-03 -1.527981331108E-20  1.208678064645E-20  9.644443860602E-20 -2.099635352666E-03
  7.618794455535E+02  7.693794455535E+02  2.564548584451E+01  2.641675940496E-15 -1.536311969276E-01  6.587914381183E+02  4.578904781755E-01  5.493627293426E-01 -2.265646713345E-01  5.945467957820E-04 -3.916233167090E+00  3.596182724660E+00 -2.993603537155E-02  4.833480454929E-02 -1.839876917795E-02 -3.220253649617E-02  1.263172353803E-04 -1.896202230927E-06  8.351881402657E-07 -9.986221663124E-06  5.439766216593E-02  1.896202223128E-06 -1.433428412810E-03 -1.549410052974E-20  3.201054988309E-20  1.051472353543E-19 -1.938753527783E-03
  7.768794455535E+02  7.843794455535E+02  2.569509873118E+01  3.225570418403E-15 -1.553576714924E-01  6.612963098034E+02  4.378102738116E-01  5.259958699259E-01 -2.111407104050E-01  6.300477473615E-04 -3.966487556009E+00  3.516780305985E+00 -2.891774037054E-02  4.660501965841E-02 -1.768727928793E-02 -2.955186008867E-02  2.369590885315E-04 -2.749873436045E-06  1.127400717709E-06 -1.395108598625E-05  5.010009318592E-02  2.749873436628E-06 -2.065724396415E-04 -3.036250045037E-21  3.637152517985E-20  7.981194624251E-20 -1.748693428857E-03
  7.918794455535E+02  7.993794455535E+02  2.573940147685E+01  4.725320250828E-15 -1.540137749308E-01  6.635355715038E+02  4.167297114779E-01  5.045315084300E-01 -1.964923056705E-01  8.478527007181E-04 -3.935824459298E+00  3.437614178889E+00 -2.780316789694E-02  4.475664685686E-02 -1.695347896006E-02 -2.653552807336E-02 -2.892171550652E-04 -5.055283418183E-06  1.088464818682E-06 -1.258169116067E-05  4.572270821641E-02  5.055283445815E-06 -3.106312373815E-04 -8.903178681161E-21  3.382922081329E-20  9.007522063435E-20 -1.589682008885E-03
  8.068794455535E+02  8.143794455535E+02  2.578082457911E+01  6.238681446447E-15 -1.559266078699E-01  6.656362445645E+02  3.946710699518E-01  4.890941338539E-01 -1.809696282900E-01  6.203839114691E-04 -3.990245070149E+00  3.361521921812E+00 -2.695586162634E-02  4.320853020097E-02 -1.625266857471E-02 -2.433842614436E-02  6.708932035214E-04 -1.696341456439E-06  3.771734027735E-07 -4.796518436245E-06  4.195726051486E-02  1.696341468458E-06 -1.321358990008E-03 -1.156570432069E-20  3.128121415613E-20  8.080516425944E-20 -1.457419290517E-03
  8.218794455535E+02  8.293794455535E+02  2.581807933399E+01  6.632522945212E-15 -1.564841774723E-01  6.675241014984E+02  3.717444304512E-01  4.727227734588E-01 -1.664767344477E-01  8.603738844087E-04 -4.010250779200E+00  3.297355609864E+00 -2.615435586364E-02  4.203780058698E-02 -1.588344472328E-02 -2.222048638952E-02  3.656779397273E-04 -2.520952357695E-06  6.127778524125E-08 -1.722950815652E-06  3.690235373125E-02  2.520952364585E-06 -8.995948447169E-04  3.225664479632E-21  1.887161166279E-20  7.815294329891E-20 -1.310716742732E-03
  8.368794455535E+02  8.443794455535E+02  2.585002445489E+01  7.296900641588E-15 -1.576216543111E-01  6.691455817812E+02  3.485006279247E-01  4.605693612347E-01 -1.512323320842E-01  6.971074505345E-04 -4.043529540723E+00  3.235072473990E+00 -2.527707002946E-02  4.072872184195E-02 -1.545165181232E-02 -1.975241836725E-02  6.545356490684E-04 -1.589369934918E-07 -1.229744501091E-07 -2.079300584050E-06  3.425918291773E-02  1.589369984636E-07 -1.856828807918E-03 -9.193450260249E-22  2.120012014041E-20  9.694241624306E-20 -1.199750704980E-03
  8.518794455535E+02  8.593794455535E+02  2.588232141866E+01  8.733337837630E-15 -1.599756883487E-01  6.707822545271E+02  3.251410742651E-01  4.523370168039E-01 -1.365858102692E-01  8.869585985329E-04 -4.109512742309E+00  3.158697170302E+00 -2.426860911297E-02  3.943675290901E-02 -1.516814379633E-02 -1.886760859727E-02  1.070402995179E-03  2.083436889858E-06  5.953511191698E-08 -5.767967808908E-07  3.390386441414E-02 -2.083436882256E-06 -1.720108656892E-03  1.525693109702E-20  2.043871501564E-20  8.490285591558E-20 -1.142427936652E-03
  8.668794455535E+02  8.743794455535E+02  2.591359702778E+01  9.148237144670E-15 -1.608594116390E-01  6.723709493325E+02  3.009963565812E-01  4.451156083891E-01 -1.215183854369E-01  4.977893827990E-04 -4.137439508847E+00  3.101070839749E+00 -2.337290442039E-02  3.815637951860E-02 -1.478347509857E-02 -1.776779632403E-02  7.264239281952E-04  3.526776238748E-06  1.615456361684E-07 -1.672068255973E-06  3.296823110052E-02 -3.526776268144E-06 -8.098536674653E-04  7.445574276175E-21  1.722859446653E-20  9.269192445142E-20 -1.088697881790E-03
  8.818794455535E+02  8.893794455535E+02  2.594415218898E+01  8.181653705225E-15 -1.615122942349E-01  6.739252206980E+02  2.759716719656E-01  4.367731989190E-01 -1.069648413631E-01  8.835308693100E-04 -4.158968376882E+00  3.045704323231E+00 -2.254106707890E-02  3.660186749880E-02 -1.406080041985E-02 -1.694508647783E-02  4.745626259278E-04  3.112640131517E-06 -7.304488816951E-07  2.226449590195E-07  3.240656581283E-02 -3.112640126792E-06 -1.956479363457E-03  2.649294655320E-20  1.531665816486E-20  8.418956370053E-20 -1.034117264256E-03
  8.968794455535E+02  9.043794455535E+02  2.597437392033E+01  6.290792828785E-15 -1.645309516566E-01  6.754662184985E+02  2.502357302545E-01  4.340790332156E-01 -9.203840720210E-02  4.697598228152E-04 -4.240379819426E+00  2.984914999972E+00 -2.171084398782E-02  3.539312935922E-02 -1.368228537142E-02 -1.613662116244E-02  9.108407953808E-04 -1.544857635392E-06 -1.546064251045E-06  1.383596456438E-06  3.279484570631E-02  1.544857616573E-06 -3.658172506921E-03  4.196461699507E-20  1.437768115285E-20  9.310824466289E-20 -9.935727572427E-04
  9.118794455535E+02  9.193794455535E+02  2.600563295101E+01  4.300974073418E-15 -1.683549149502E-01  6.770675688606E+02  2.231128313495E-01  4.330206627477E-01 -7.759402371583E-02  5.617195770780E-04 -4.342704756457E+00  2.933295356018E+00 -2.061280165830E-02  3.431587296235E-02 -1.370307130439E-02 -1.579878925750E-02  1.128886204195E-03 -4.765583446941E-06 -2.021788449221E-06  1.005740986803E-06  3.311439653044E-02  4.765583439928E-06 -5.510233408335E-03  3.507877468103E-20  1.360505081113E-20  8.786169556951E-20 -9.788590614212E-04
  9.268794455535E+02  9.343794455535E+02  2.603644347734E+01  3.708735069631E-15 -1.748470742781E-01  6.786514409421E+02  1.935046968760E-01  4.338876382035E-01 -6.311226080757E-02  3.414599981561E-04 -4.514105610850E+00  2.911006429522E+00 -2.032970216777E-02  3.363308086386E-02 -1.330337869592E-02 -1.552569346211E-02  1.957397285240E-03 -2.666499067664E-07 -2.298994471198E-06  1.762146404750E-06  3.427611564437E-02  2.666499205322E-07 -6.521110392570E-03  3.612490984326E-20  1.556526095556E-20  9.150048067052E-20 -9.737999728157E-04
  9.418794455535E+02  9.493794455535E+02  2.606989360793E+01  3.218236983328E-15 -1.805776687848E-01  6.803802917560E+02  1.604404679297E-01  4.355640934923E-01 -4.862937373768E-02  2.870796863504E-04 -4.669990566119E+00  2.882984746602E+00 -2.009424191951E-02  3.269353918740E-02 -1.259929726771E-02 -1.560227527004E-02  1.733349278539E-03 -8.039405953284E-08 -2.199146783722E-06  3.273469551095E-06  3.755877558187E-02  8.039406533420E-08 -6.550293333500E-03  3.983903584696E-20  9.031271077504E-21  1.099550615017E-19 -9.975141831024E-04
  9.568794455535E+02  9.643794455535E+02  2.610686970570E+01  1.553341114589E-15 -1.871293217732E-01  6.822961598552E+02  1.216357252643E-01  4.481054211616E-01 -3.432899366289E-02  1.773811394890E-04 -4.850112093560E+00  2.896640020864E+00 -1.978544628957E-02  3.177303297636E-02 -1.198758668656E-02 -1.629244304989E-02  1.727413510812E-03 -5.445296347730E-07 -2.172112407342E-06  9.805985992607E-07  4.422861274324E-02  5.445296304911E-07 -6.145830255177E-03  5.522317112400E-20 -4.171398415757E-21  1.053321242263E-19 -1.079698180203E-03
  9.718794455535E+02  9.793794455535E+02  2.615282286274E+01 -1.301114887127E-18 -1.921043921080E-01  6.847003878359E+02  7.409767575909E-02  4.775281190443E-01 -1.964256969402E-02  1.029862029171E-04 -4.992654301033E+00  3.103785825680E+00 -2.058103946621E-02  3.527831408014E-02 -1.469727461418E-02 -1.921751355220E-02  1.591367163417E-03 -1.476943541100E-07 -2.028252302090E-06 -2.126596301121E-06  5.745843127244E-02  1.476943545628E-07 -6.596761033625E-03  5.812842056012E-20 -1.173411613082E-20  1.310558574321E-19 -1.475119151198E-03
  9.868794455535E+02  9.943794455535E+02  2.621460310519E+01 -2.534168350426E-16 -1.994989002291E-01  6.879794321825E+02  1.506742955162E-02  5.519341859281E-01 -5.801344834613E-03 -1.236153915773E-04 -5.204649558147E+00  3.122883065320E+00 -2.358739009280E-02  3.871339063295E-02 -1.512600054021E-02 -2.493149653669E-02  2.621104796034E-03  2.500133416878E-06 -9.481660692316E-07 -1.124004214952E-06  3.295006699851E-02 -2.500133412870E-06 -3.944823059699E-03  7.443568380076E-20 -9.424590716660E-21  1.138471666313E-19 -7.295110101146E-04
