                   y                  ym                   U                   V                   W                 U^2                 V^2                 W^2                  UV                  VW                  UW                VISC               SFSxx               SFSyy               SFSzz               SFSxy               SFSyz                dUdX                dVdX                dWdX                dUdY                dVdY                dWdY                dUdZ                dVdZ                dWdZ              SFSxym
 -4.000000000000E+00 -2.000000000000E+00  0.000000000000E+00  0.000000000000E+00  0.000000000000E+00  0.000000000000E+00  0.000000000000E+00  0.000000000000E+00  0.000000000000E+00  0.000000000000E+00  0.000000000000E+00  0.000000000000E+00  0.000000000000E+00  0.000000000000E+00  0.000000000000E+00  0.000000000000E+00  0.000000000000E+00  0.000000000000E+00  0.000000000000E+00  0.000000000000E+00  0.000000000000E+00  0.000000000000E+00  0.000000000000E+00  0.000000000000E+00  0.000000000000E+00  0.000000000000E+00  0.000000000000E+00
  2.220446049250E-16  2.000000000000E+00  1.009669692125E+01  3.037887071529E-15 -2.656769036647E-01  1.066236121941E+02  1.219414086713E-01  1.738810767432E+00 -3.665502185468E-01 -6.829134697796E-03 -2.700228992394E+00  2.295510066944E+00 -4.277139381825E-03  3.380346833351E-02 -2.952632895336E-02 -1.217094867728E+01  2.028190901124E-01 -2.241523658123E-03 -2.067158080402E-04  7.480017535555E-05  4.665888657098E+01  2.241523658207E-03 -1.104351998168E+00  9.845887495393E-21  8.744581694482E-22 -1.043892180992E-19 -5.361690249641E-02
  4.000000000000E+00  6.000000000000E+00  1.323306212736E+01  8.410187476993E-15 -2.865963234572E-01  1.819784516569E+02  4.967250743720E-01  1.943316663673E+00 -8.582572941468E-01 -6.104874957855E-03 -3.845499166247E+00  9.166012054553E+00  8.627607267397E-01 -6.801565269878E-01 -1.826041997437E-01 -4.315274000544E+00 -1.167026461875E-01  4.535500357254E-04 -3.290374643145E-04 -8.181867345788E-05  7.989812962365E+00 -4.535500356941E-04 -2.888813463591E-02 -4.959734969272E-20  1.637686217301E-20 -1.262643208580E-19 -2.757417800641E-01
  8.000000000000E+00  1.000000000000E+01  1.409105318531E+01  1.172668342639E-14 -2.801782904841E-01  2.042445793065E+02  6.493730519124E-01  1.855555825836E+00 -8.111602899053E-01 -7.026163686811E-03 -4.003131284075E+00  9.771310069183E+00  3.940978250883E-01 -8.939440745491E-01  4.998462494648E-01 -1.886734296634E+00 -7.890641556978E-02  5.111535569662E-04 -1.921183309112E-04  2.605688213828E-05  3.390379325175E+00 -5.111535568998E-04  3.147199498217E-02 -1.036998887605E-19  4.364594197332E-21 -2.300149059316E-19 -1.163264297474E-01
  1.200000000000E+01  1.400000000000E+01  1.492844849879E+01  1.254583806634E-14 -2.707727848176E-01  2.285517527925E+02  7.367001799897E-01  1.826575789615E+00 -8.904068235952E-01 -6.079549962090E-03 -4.097527224658E+00  9.665409719820E+00  3.772605377550E-01 -8.216986516276E-01  4.444381138718E-01 -1.876285504284E+00 -1.589082184432E-02  3.283134695931E-04 -1.120789667526E-04  2.603188049870E-05  2.833067508736E+00 -3.283134695561E-04  3.884551978324E-02 -1.171594283675E-19 -2.196184460168E-21 -2.320622803869E-19 -1.007649639634E-01
  1.600000000000E+01  1.800000000000E+01  1.550751208862E+01  1.271527631450E-14 -2.607128463072E-01  2.459214963778E+02  8.009181427065E-01  1.802558765912E+00 -8.853046899790E-01 -6.679779454880E-03 -4.097939110603E+00  9.111563497420E+00  3.106089517985E-01 -7.420106456958E-01  4.314016938986E-01 -1.313816009348E+00 -1.489809124579E-02  2.480235894372E-04 -6.590093072768E-05  1.301781359950E-05  2.174443729773E+00 -2.480235894454E-04  3.570679567991E-02 -1.002779681020E-19  6.648542557485E-21 -2.852131191227E-19 -7.586775227724E-02
  2.000000000000E+01  2.200000000000E+01  1.601566169482E+01  1.351862708148E-14 -2.529507038489E-01  2.618566034977E+02  8.524556757210E-01  1.792877625787E+00 -9.071969503618E-01 -6.508734481040E-03 -4.106151604374E+00  8.759933478048E+00  2.790244103851E-01 -6.815995423091E-01  4.025751319179E-01 -1.133784747659E+00 -1.388514242042E-02  1.195618872908E-04 -3.761025722556E-05 -9.208572824856E-09  1.833651177053E+00 -1.195618871605E-04  2.958516346714E-02 -1.045268104184E-19  4.376789161283E-21 -2.856557978492E-19 -6.394207865732E-02
  2.400000000000E+01  2.600000000000E+01  1.642441248560E+01  1.379213909783E-14 -2.459086745163E-01  2.750004085632E+02  8.944697731597E-01  1.781687910922E+00 -9.071459835556E-01 -6.881310640618E-03 -4.093614628467E+00  8.361085998349E+00  2.420862214385E-01 -6.245810773316E-01  3.824948558912E-01 -9.117456515793E-01 -1.179465502015E-02  9.465099020068E-05 -2.252839025308E-05  6.694473057300E-06  1.541630706582E+00 -9.465099023524E-05  2.535136408849E-02 -1.006618740600E-19  6.813830079493E-21 -3.233465387228E-19 -5.318271346907E-02
  2.800000000000E+01  3.000000000000E+01  1.678654840009E+01  1.411603360966E-14 -2.402629988916E-01  2.869632782828E+02  9.284914690303E-01  1.772400648685E+00 -9.138635771340E-01 -6.939436357081E-03 -4.087123423614E+00  8.044368631259E+00  2.162118883222E-01 -5.779689155630E-01  3.617570272448E-01 -7.960583457239E-01 -1.014463950330E-02  7.328087515358E-05 -1.464966555376E-05  1.458014482074E-05  1.349332843981E+00 -7.328087517479E-05  2.094779622042E-02 -1.492723860003E-19  6.734007215245E-22 -2.681576111059E-19 -4.625559676133E-02
  3.200000000000E+01  3.400000000000E+01  1.709905925740E+01  1.543179650182E-14 -2.354217080012E-01  2.974901858985E+02  9.557205858858E-01  1.761175425211E+00 -9.132089166133E-01 -7.060622415562E-03 -4.078084068546E+00  7.740552061865E+00  1.928545132857E-01 -5.365254316422E-01  3.436709183571E-01 -6.855690196952E-01 -9.258172888369E-03  9.618778974954E-05 -7.959689445446E-06  3.208085024286E-06  1.191473525861E+00 -9.618778972689E-05  1.769009718597E-02 -1.375333961562E-19  2.690459712620E-21 -3.009234859944E-19 -4.053953922056E-02
  3.600000000000E+01  3.800000000000E+01  1.738224687859E+01  1.826989194697E-14 -2.313805394394E-01  3.072174564978E+02  9.772478147319E-01  1.748983643345E+00 -9.144359056809E-01 -7.050651433833E-03 -4.072985278675E+00  7.483435089828E+00  1.751852546280E-01 -5.014767728449E-01  3.262915182164E-01 -6.141539937185E-01 -8.000679720066E-03  9.329099578739E-05 -8.832762247743E-07  1.434653402961E-05  1.075870217112E+00 -9.329099573664E-05  1.572773889346E-02 -1.641454540577E-19  4.832074226253E-21 -2.920310215119E-19 -3.634137654327E-02
  4.000000000000E+01  4.200000000000E+01  1.763706797053E+01  2.290377277304E-14 -2.275336708826E-01  3.161064537750E+02  9.940863918573E-01  1.735505577745E+00 -9.128136831590E-01 -7.030214428370E-03 -4.063736968675E+00  7.241833080226E+00  1.596696974902E-01 -4.705366053116E-01  3.108669078186E-01 -5.498315877019E-01 -7.364740382150E-03  5.186109185406E-05  1.305933469907E-06  1.941607573553E-05  9.793978641967E-01 -5.186109174956E-05  1.562979330863E-02 -1.535825489537E-19  2.284529400213E-20 -2.714371825176E-19 -3.281865590103E-02
  4.400000000000E+01  4.600000000000E+01  1.787202199750E+01  2.788066327288E-14 -2.235201660796E-01  3.244244005075E+02  1.007130293931E+00  1.722944133013E+00 -9.117852986835E-01 -7.007808575419E-03 -4.045548381016E+00  7.027229085218E+00  1.466816260998E-01 -4.435848325853E-01  2.969032064896E-01 -5.018186265127E-01 -8.018975544895E-03  3.040723988973E-05 -2.017579775630E-07 -6.951418932666E-06  9.030824254687E-01 -3.040723983566E-05  1.572002340343E-02 -1.432272397720E-19  2.502107228298E-20 -2.796483983685E-19 -3.001483390910E-02
  4.800000000000E+01  5.000000000000E+01  1.808863266792E+01  3.141899204637E-14 -2.196230109026E-01  3.321906419331E+02  1.017092096594E+00  1.710992449611E+00 -9.093737230460E-01 -7.018316317703E-03 -4.023216879498E+00  6.831803950838E+00  1.355014533394E-01 -4.202120590754E-01  2.847106057371E-01 -4.590894399516E-01 -7.824423006155E-03  1.188728845425E-05 -1.788338583042E-06 -1.573280924003E-05  8.384789934181E-01 -1.188728841905E-05  1.602027358723E-02 -1.484594188294E-19  1.578000784112E-20 -2.694986288151E-19 -2.760752837802E-02
  5.200000000000E+01  5.400000000000E+01  1.829120701498E+01  3.275837225901E-14 -2.155910366041E-01  3.395403725016E+02  1.024512484238E+00  1.698866377355E+00 -9.072099006635E-01 -6.994256993222E-03 -3.993339588102E+00  6.653418928080E+00  1.261214068434E-01 -3.996331328897E-01  2.735117260435E-01 -4.253395831599E-01 -7.866937303409E-03 -1.680128248269E-05 -2.929846614671E-06  1.294927447260E-05  7.836788311229E-01  1.680128251776E-05  1.700094373613E-02 -1.280088528069E-19  2.526507139980E-20 -2.398970472713E-19 -2.559955919257E-02
  5.600000000000E+01  5.800000000000E+01  1.848034319831E+01  3.439553177866E-14 -2.111685279853E-01  3.464767131184E+02  1.029970484477E+00  1.685379580018E+00 -9.043233431569E-01 -6.970348520315E-03 -3.951588513283E+00  6.485683100175E+00  1.176924572268E-01 -3.803627860777E-01  2.626703288498E-01 -3.942156919714E-01 -8.169034422833E-03  2.671317241619E-05 -1.429799759965E-06  1.877353546881E-05  7.359214682374E-01 -2.671317231513E-05  1.741107792713E-02 -1.184654804797E-19  1.953839887173E-20 -2.244660790534E-19 -2.383475234897E-02
  6.000000000000E+01  6.200000000000E+01  1.865907598640E+01  3.340437366821E-14 -2.068250629855E-01  3.530970067891E+02  1.033804207183E+00  1.671087620229E+00 -9.014835577452E-01 -6.985309221330E-03 -3.908621163888E+00  6.330895838898E+00  1.099560630695E-01 -3.630212171344E-01  2.530651540655E-01 -3.689464573960E-01 -7.731988566407E-03  4.402738472823E-05  3.562406991333E-06  8.012003020764E-06  6.948419604887E-01 -4.402738496666E-05  1.778759384412E-02 -1.108077121776E-19  2.767800440124E-20 -2.296115781571E-19 -2.230538187024E-02
  6.400000000000E+01  6.600000000000E+01  1.882778822525E+01  3.165164390711E-14 -2.022976159733E-01  3.594047471452E+02  1.036302020877E+00  1.657389185223E+00 -8.982639181603E-01 -6.969493374720E-03 -3.859443418173E+00  6.189220979761E+00  1.031322463564E-01 -3.476395801373E-01  2.445073337817E-01 -3.451629247601E-01 -7.803551530344E-03  3.520471531157E-05  7.485599551370E-06  1.022741760307E-05  6.572477685007E-01 -3.520471504119E-05  1.798393434017E-02 -1.109184069240E-19  1.813379028048E-20 -2.340464523974E-19 -2.091832529493E-02
  6.800000000000E+01  7.000000000000E+01  1.898780849631E+01  3.014221157104E-14 -1.978992249274E-01  3.654413779824E+02  1.037665816331E+00  1.645371479484E+00 -8.950234103979E-01 -7.056955260692E-03 -3.809975988426E+00  6.054813086138E+00  9.690163678206E-02 -3.332455063636E-01  2.363438695809E-01 -3.244545971287E-01 -7.323269800287E-03  2.000414373875E-05  6.896626420212E-06 -1.454687944050E-05  6.240207605953E-01 -2.000414399610E-05  1.698089043192E-02 -9.799308529781E-20  3.943087209215E-20 -2.102752166464E-19 -1.968791171344E-02
  7.200000000000E+01  7.400000000000E+01  1.913985525009E+01  2.998539134005E-14 -1.938752955967E-01  3.712242626773E+02  1.038093176501E+00  1.634046995479E+00 -8.915550344343E-01 -7.029609703104E-03 -3.765822993597E+00  5.931263281695E+00  9.118779880568E-02 -3.202988837896E-01  2.291110849848E-01 -3.055501297707E-01 -6.890720733834E-03  1.468392450742E-05  4.575000416222E-06 -2.550935529422E-05  5.943471927148E-01 -1.468392443831E-05  1.566646068533E-02 -1.040990252909E-19  1.788873273971E-20 -2.199084849645E-19 -1.856091722798E-02
  7.600000000000E+01  7.800000000000E+01  1.928492001657E+01  3.440272647199E-14 -1.901262581198E-01  3.767838502849E+02  1.037801136373E+00  1.623223475049E+00 -8.881190782034E-01 -7.055453348387E-03 -3.724694865703E+00  5.812737033848E+00  8.605910913619E-02 -3.083582905100E-01  2.222991813740E-01 -2.887052505694E-01 -6.427421957834E-03 -2.365661587421E-06  4.640290343792E-06 -1.243675341778E-06  5.678214207713E-01  2.365661579790E-06  1.477727997876E-02 -8.966846974674E-20  3.110813351761E-20 -1.919767271214E-19 -1.754384440166E-02
  8.000000000000E+01  8.200000000000E+01  1.942367481172E+01  3.768741265245E-14 -1.864827202158E-01  3.821394533901E+02  1.036926124558E+00  1.612061467298E+00 -8.844075606923E-01 -7.063955598444E-03 -3.682657663506E+00  5.699576926273E+00  8.092049115355E-02 -2.970146501409E-01  2.160941589913E-01 -2.731960627879E-01 -6.273708495694E-03  6.374986243906E-07  7.079360324298E-06  1.932625654870E-05  5.435407656016E-01 -6.374986727966E-07  1.450602379539E-02 -1.140492454581E-19  3.073804267919E-20 -2.132816696747E-19 -1.663250227665E-02
  8.400000000000E+01  8.600000000000E+01  1.955669397949E+01  4.023745023516E-14 -1.828538589963E-01  3.873081883349E+02  1.035499012787E+00  1.600000117742E+00 -8.806825570952E-01 -7.064335434259E-03 -3.638072116470E+00  5.595341623894E+00  7.661658865354E-02 -2.866400056182E-01  2.100234169657E-01 -2.592238969080E-01 -6.015865431206E-03  2.873097192672E-05  8.262955848477E-06  1.066428359670E-05  5.202281050483E-01 -2.873097188067E-05  1.472702389300E-02 -1.353691873319E-19  1.999885492445E-20 -2.213534487796E-19 -1.580667198152E-02
  8.800000000000E+01  9.000000000000E+01  1.968386991172E+01  4.457811998588E-14 -1.791088633628E-01  3.922817375516E+02  1.033551998135E+00  1.587491269188E+00 -8.768127817235E-01 -7.089617041885E-03 -3.588767503869E+00  5.493527732376E+00  7.273086443322E-02 -2.768772084480E-01  2.041463440156E-01 -2.464832123202E-01 -5.784273471045E-03  2.460950354573E-06  7.111607161069E-06 -9.839549345184E-06  4.991193767911E-01 -2.460950328705E-06  1.479856657155E-02 -9.771295748590E-20  2.204512100293E-20 -2.130286876574E-19 -1.504684332152E-02
  9.200000000000E+01  9.400000000000E+01  1.980626382723E+01  4.751013608859E-14 -1.754721137312E-01  3.970977522221E+02  1.031164016247E+00  1.574570082556E+00 -8.729975164976E-01 -7.038858590724E-03 -3.540029708711E+00  5.397171628452E+00  6.951856234841E-02 -2.680047622214E-01  1.984861998715E-01 -2.350427933578E-01 -5.551127570963E-03 -9.651864328907E-08  6.054197047776E-06 -1.173291826794E-05  4.802296931195E-01  9.651863396441E-08  1.408403803171E-02 -8.777241689110E-20  3.123830182245E-20 -2.265468096093E-19 -1.434952382945E-02
  9.600000000000E+01  9.800000000000E+01  1.992395130009E+01  4.727210644051E-14 -1.721130511224E-01  4.017568776260E+02  1.028503588369E+00  1.561820976288E+00 -8.690011311536E-01 -7.025702108846E-03 -3.494576587296E+00  5.308391594176E+00  6.639983782776E-02 -2.596744848929E-01  1.932746470648E-01 -2.241269829354E-01 -5.200027677344E-03  2.273595963114E-05  5.314539585787E-06  1.092806883426E-05  4.628706850310E-01 -2.273595964523E-05  1.351584212260E-02 -1.209283469206E-19  3.128417785544E-20 -2.087550803954E-19 -1.370347417650E-02
  1.000000000000E+02  1.020000000000E+02  2.003771573644E+01  4.695650277752E-14 -1.686752923997E-01  4.062855828259E+02  1.025631640104E+00  1.549458887328E+00 -8.650873913077E-01 -6.945945172334E-03 -3.446289996149E+00  5.221894126577E+00  6.309200744794E-02 -2.514628927535E-01  1.883708853047E-01 -2.144799951880E-01 -5.083643599360E-03  8.095947253107E-06  4.017513123992E-06  2.791969324436E-05  4.469312693344E-01 -8.095947231024E-06  1.326732492531E-02 -8.057653726455E-20  3.394235017206E-20 -1.993051124881E-19 -1.310380189836E-02
  1.040000000000E+02  1.060000000000E+02  2.014743990432E+01  4.674805117663E-14 -1.653481682589E-01  4.106775930039E+02  1.022611928020E+00  1.536666037813E+00 -8.610978798544E-01 -6.927471419816E-03 -3.398007935911E+00  5.136598369451E+00  6.021974304806E-02 -2.440480648899E-01  1.838283218411E-01 -2.049062683635E-01 -5.023536717850E-03  3.383210751623E-06  2.543794068678E-06  2.099759155854E-06  4.317388940300E-01 -3.383210818138E-06  1.300211541955E-02 -1.292206516479E-19  4.651789963183E-20 -1.682353807666E-19 -1.254340075747E-02
  1.080000000000E+02  1.100000000000E+02  2.025357448761E+01  4.646422338319E-14 -1.621256984327E-01  4.149477862005E+02  1.019511865263E+00  1.523923552981E+00 -8.570952133181E-01 -6.849542660604E-03 -3.350543306390E+00  5.053563402274E+00  5.745996387704E-02 -2.367678065254E-01  1.793078426493E-01 -1.962109986877E-01 -4.954415739035E-03  5.258647194667E-06  1.761589218745E-06 -2.755178817305E-05  4.165742834551E-01 -5.258647180679E-06  1.285199080614E-02 -8.603433770400E-20  4.786132335486E-20 -1.915001308980E-19 -1.198182800190E-02
  1.120000000000E+02  1.140000000000E+02  2.035571567257E+01  4.741604418129E-14 -1.590159866151E-01  4.190757703950E+02  1.016365465964E+00  1.510847499322E+00 -8.531102916787E-01 -6.850388078900E-03 -3.302599122893E+00  4.972744569628E+00  5.489097395530E-02 -2.299693043413E-01  1.750783303846E-01 -1.872435599402E-01 -4.700337887196E-03 -2.409918912556E-06  1.097208135070E-06 -8.840721927494E-06  4.022140936225E-01  2.409918871447E-06  1.214747928155E-02 -1.119743827968E-19  3.543500235460E-20 -1.817331960630E-19 -1.146123481747E-02
  1.160000000000E+02  1.180000000000E+02  2.045470056448E+01  4.797451599754E-14 -1.561034223107E-01  4.230943396913E+02  1.013120739349E+00  1.497743907290E+00 -8.490343377707E-01 -6.814854208545E-03 -3.256771102083E+00  4.898276012169E+00  5.282948573337E-02 -2.235824092383E-01  1.707529235033E-01 -1.796085929733E-01 -3.967666767711E-03  4.956575656495E-06  1.641065432117E-07  1.950281754498E-05  3.885378622191E-01 -4.956575625743E-06  1.124741219895E-02 -9.088674713389E-20  5.924738096770E-20 -1.854370187917E-19 -1.098509605967E-02
  1.200000000000E+02  1.220000000000E+02  2.054996154152E+01  4.719703852278E-14 -1.533139200681E-01  4.269806561455E+02  1.009808889821E+00  1.484855794831E+00 -8.450136527524E-01 -6.760385810331E-03 -3.211859873176E+00  4.826171801800E+00  5.088472541021E-02 -2.176550652960E-01  1.667703398846E-01 -1.719513156978E-01 -3.752132128521E-03  5.064687552678E-06  2.890177793642E-07  1.230016203336E-05  3.749582987344E-01 -5.064687519479E-06  1.075875694564E-02 -7.712602270047E-20  4.723586606623E-20 -1.707374439264E-19 -1.051512804795E-02
  1.240000000000E+02  1.260000000000E+02  2.064214864304E+01  4.764730436012E-14 -1.506451438245E-01  4.307561430836E+02  1.006424227361E+00  1.472310114983E+00 -8.408802112292E-01 -6.698377521385E-03 -3.167668107081E+00  4.756413088033E+00  4.867958733780E-02 -2.119042555303E-01  1.632246681932E-01 -1.647266030478E-01 -3.585215123591E-03 -1.558667714883E-05  7.762681587370E-07 -5.007579721718E-06  3.617161393547E-01  1.558667720028E-05  1.042225315783E-02 -8.080571194937E-20  5.021299306696E-20 -1.606779659270E-19 -1.006700934938E-02
  1.280000000000E+02  1.300000000000E+02  2.073081765421E+01  4.907159632343E-14 -1.480927327731E-01  4.344028864874E+02  1.002975805768E+00  1.460023558605E+00 -8.368679633765E-01 -6.639452599541E-03 -3.123956880773E+00  4.687413190316E+00  4.654954760376E-02 -2.061622507138E-01  1.596127031100E-01 -1.575547335578E-01 -3.229987678492E-03 -1.720798854111E-05  1.738541620521E-06 -9.683170716054E-06  3.475703359468E-01  1.720798856037E-05  9.673147348363E-03 -9.331568327113E-20  4.139450411040E-20 -1.456734799495E-19 -9.621533941247E-03
  1.320000000000E+02  1.340000000000E+02  2.081593759971E+01  4.858613945197E-14 -1.458265908016E-01  4.379168065332E+02  9.995490288677E-01  1.447976836998E+00 -8.327560730224E-01 -6.591211165952E-03 -3.084904006492E+00  4.621431145446E+00  4.458690746653E-02 -2.008232746883E-01  1.562363672208E-01 -1.503715649045E-01 -2.872748298304E-03  1.827480671253E-05  3.135564196577E-06 -5.058375735150E-06  3.346664142794E-01 -1.827480673885E-05  8.634391624758E-03 -1.149567002740E-19  4.132441398994E-20 -1.687827422343E-19 -9.213395406179E-03
  1.360000000000E+02  1.380000000000E+02  2.089819748685E+01  4.704764023390E-14 -1.437890351357E-01  4.413239697890E+02  9.962492290494E-01  1.435848617386E+00 -8.286381242350E-01 -6.572266812507E-03 -3.049554642530E+00  4.559607620362E+00  4.275271988402E-02 -1.960161302664E-01  1.532634103821E-01 -1.442591661319E-01 -2.700734876903E-03  9.632100652344E-07  2.277764010081E-06 -6.628599492468E-06  3.233783404413E-01 -9.632100566556E-07  7.860667417565E-03 -1.373778709814E-19  4.763542682476E-20 -1.595851014741E-19 -8.822012744198E-03
  1.400000000000E+02  1.420000000000E+02  2.097763236973E+01  4.396558392234E-14 -1.419034962427E-01  4.446242520011E+02  9.931126550697E-01  1.423878257272E+00 -8.245686766871E-01 -6.554019861256E-03 -3.016825493895E+00  4.497096249329E+00  4.091654614314E-02 -1.910665564265E-01  1.501500102828E-01 -1.381427422077E-01 -2.210785163909E-03 -2.201674609598E-05  5.984700460061E-07 -3.610638286477E-06  3.119143959773E-01  2.201674606608E-05  6.555304300138E-03 -1.139135421598E-19  4.558956610406E-20 -1.649570236240E-19 -8.443315212370E-03
  1.440000000000E+02  1.460000000000E+02  2.105408108642E+01  4.082391860903E-14 -1.404971691479E-01  4.478096998232E+02  9.901457900996E-01  1.412371229590E+00 -8.204167584552E-01 -6.551129898427E-03 -2.993680633333E+00  4.435873190638E+00  3.923773077721E-02 -1.863615784067E-01  1.471238476294E-01 -1.321832617938E-01 -1.731847556438E-03 -6.345166939967E-06  1.722006956479E-06  3.007609849382E-06  2.995061995958E-01  6.345166942655E-06  4.742783754079E-03 -9.890480892128E-20  4.663125990203E-20 -1.716607443826E-19 -8.071274480367E-03
  1.480000000000E+02  1.500000000000E+02  2.112732299902E+01  4.038485539905E-14 -1.395097534617E-01  4.508699568849E+02  9.873569029486E-01  1.401511301450E+00 -8.163203135842E-01 -6.541470764197E-03 -2.979230721675E+00  4.374570478778E+00  3.761246277812E-02 -1.817428704337E-01  1.441304076554E-01 -1.260733216310E-01 -1.230334556817E-03  1.350883344115E-05  4.873651936579E-06 -1.377293189607E-06  2.879278649829E-01 -1.350883343159E-05  3.901617954226E-03 -1.358356227199E-19  5.603247260541E-20 -1.663660754803E-19 -7.716433362743E-03
  1.520000000000E+02  1.540000000000E+02  2.119807327732E+01  4.024095162994E-14 -1.385454377822E-01  4.538348256309E+02  9.846662484071E-01  1.390144811034E+00 -8.121568270512E-01 -6.542197479436E-03 -2.965080926823E+00  4.315740014325E+00  3.623855642711E-02 -1.775718873490E-01  1.413333309209E-01 -1.208582530572E-01 -1.185919313289E-03  9.353471062329E-06  6.217375749075E-06 -9.177266280502E-06  2.777553840381E-01 -9.353471071189E-06  3.669453497223E-03 -1.010063118528E-19  5.761013539297E-20 -1.669381603182E-19 -7.390970172064E-03
  1.560000000000E+02  1.580000000000E+02  2.126627576019E+01  4.024313644188E-14 -1.376877703672E-01  4.567009429919E+02  9.820392813187E-01  1.378679364870E+00 -8.080624459081E-01 -6.529251457055E-03 -2.952715149222E+00  4.260580498118E+00  3.492779368581E-02 -1.735959246969E-01  1.386681310110E-01 -1.157211687252E-01 -1.010145983011E-03 -5.289747337285E-06  4.887055493187E-06 -8.718223532997E-06  2.677519282485E-01  5.289747406000E-06  3.269647837155E-03 -6.105681623238E-20  4.449478547965E-20 -1.481169070805E-19 -7.084207946967E-03
  1.600000000000E+02  1.620000000000E+02  2.133195932583E+01  4.168464090975E-14 -1.369346747382E-01  4.594679194577E+02  9.794882263072E-01  1.367678651986E+00 -8.038928847187E-01 -6.500755377930E-03 -2.942430405667E+00  4.208903012694E+00  3.354327169718E-02 -1.697737609678E-01  1.362304892711E-01 -1.109652779115E-01 -8.114145545232E-04 -1.044550915354E-05  3.506286700340E-06 -8.701401600269E-06  2.593087929304E-01  1.044550913659E-05  3.471650449401E-03 -8.418055060246E-20  5.793985247852E-20 -1.527387826913E-19 -6.807369904706E-03
  1.640000000000E+02  1.660000000000E+02  2.139588260633E+01  4.343559008562E-14 -1.359791991068E-01  4.621694295679E+02  9.770273359475E-01  1.356847338957E+00 -7.997618664170E-01 -6.450043151359E-03 -2.927768682843E+00  4.157676109609E+00  3.243052575555E-02 -1.660343995239E-01  1.336038737702E-01 -1.067248376324E-01 -1.051227360859E-03 -2.242817228950E-06  3.612762851709E-06 -3.498763991977E-06  2.513218570452E-01  2.242817240440E-06  4.297184062285E-03 -1.160839025238E-19  5.294771141719E-20 -1.360389449567E-19 -6.542035420388E-03
  1.680000000000E+02  1.700000000000E+02  2.145760340565E+01  4.497885115577E-14 -1.347777188732E-01  4.647847165294E+02  9.747058081123E-01  1.345984456300E+00 -7.955220090099E-01 -6.415351903609E-03 -2.907358464034E+00  4.107041111322E+00  3.124338197201E-02 -1.624070782686E-01  1.311636962961E-01 -1.025611871577E-01 -1.267859025617E-03  1.301102353546E-05  4.328215512858E-06 -1.899355730374E-06  2.426950780218E-01 -1.301102351577E-05  5.113804160574E-03 -1.012809318368E-19  4.983602493259E-20 -1.445213938738E-19 -6.282339577928E-03
  1.720000000000E+02  1.740000000000E+02  2.151727300260E+01  4.771019881973E-14 -1.333980254976E-01  4.673175912635E+02  9.725975887316E-01  1.335925466181E+00 -7.914286325892E-01 -6.401134081724E-03 -2.882543416236E+00  4.059213308074E+00  3.010910016324E-02 -1.589871536081E-01  1.288780534442E-01 -9.846015862693E-02 -1.433196243666E-03  7.903443500331E-06  3.862879606270E-06 -4.557260114727E-06  2.345921029299E-01 -7.903443440371E-06  5.444517121677E-03 -8.096823635583E-20  3.504193843530E-20 -1.513448497449E-19 -6.048109346974E-03
  1.760000000000E+02  1.780000000000E+02  2.157491827059E+01  5.004446668987E-14 -1.320437512264E-01  4.697686704590E+02  9.706376249455E-01  1.326619725489E+00 -7.871202591370E-01 -6.383452080683E-03 -2.857957804667E+00  4.013025945711E+00  2.905895649807E-02 -1.557600955526E-01  1.267011390540E-01 -9.501345255578E-02 -1.402378417217E-03 -1.003638728287E-05  3.150224693819E-06  9.019094573507E-07  2.267446099522E-01  1.003638734863E-05  5.415831154186E-03 -5.711700260391E-20  4.422611569769E-20 -1.331774010929E-19 -5.814972890036E-03
  1.800000000000E+02  1.820000000000E+02  2.163062272627E+01  5.156778866769E-14 -1.306539535115E-01  4.721431614446E+02  9.687477517448E-01  1.318196623269E+00 -7.830664870454E-01 -6.364233863542E-03 -2.832446875187E+00  3.971177904268E+00  2.813483686082E-02 -1.527986634421E-01  1.246638265813E-01 -9.117045266766E-02 -1.361801984097E-03  9.005121790654E-06  3.788460688691E-06  1.755013128233E-06  2.194430531647E-01 -9.005121747405E-06  5.226618417259E-03 -5.548907288213E-20  3.668041317688E-20 -1.250474920239E-19 -5.594048585596E-03
  1.840000000000E+02  1.860000000000E+02  2.168466316771E+01  5.498336284245E-14 -1.293950798583E-01  4.744489148947E+02  9.669142778378E-01  1.309948324318E+00 -7.787273560007E-01 -6.355887717539E-03 -2.809456668978E+00  3.928633670903E+00  2.724389097398E-02 -1.499207907946E-01  1.226768998195E-01 -8.772191901238E-02 -1.239819424010E-03  7.992657188961E-06  4.155872222127E-06 -1.553115328584E-05  2.114765068185E-01 -7.992657141441E-06  4.338491288646E-03 -8.839764579586E-20  4.751232531942E-20 -1.000235798920E-19 -5.366732024756E-03
  1.880000000000E+02  1.900000000000E+02  2.173640407518E+01  5.880409375582E-14 -1.285102508328E-01  4.766606857015E+02  9.651721822486E-01  1.302372859687E+00 -7.747284932797E-01 -6.378087604300E-03 -2.794649212213E+00  3.888075118847E+00  2.631147068740E-02 -1.471194141995E-01  1.208079435121E-01 -8.398142519705E-02 -9.059164517956E-04 -4.733010143865E-06  3.541027388688E-06 -2.194069428205E-05  2.042585799321E-01  4.733010168461E-06  2.992421123423E-03 -6.008640002725E-20  4.983758721061E-20 -1.120055500047E-19 -5.162288077124E-03
  1.920000000000E+02  1.940000000000E+02  2.178678201709E+01  6.047644864638E-14 -1.279209427205E-01  4.788169768668E+02  9.635815025755E-01  1.294428356702E+00 -7.702930871093E-01 -6.355375965815E-03 -2.786671245606E+00  3.845126588248E+00  2.521595402589E-02 -1.439496232621E-01  1.187336692366E-01 -8.132739131223E-02 -6.729346543817E-04  3.826924683484E-06  3.920667957930E-06 -1.309008529999E-05  1.975972695880E-01 -3.826924690582E-06  2.254141907768E-03 -8.638891098898E-20  4.355951331690E-20 -1.157386846343E-19 -4.977827987454E-03
  1.960000000000E+02  1.980000000000E+02  2.183520244720E+01  6.061006948069E-14 -1.273525108559E-01  4.808959117622E+02  9.621648383157E-01  1.288126350067E+00 -7.664144812033E-01 -6.372404740467E-03 -2.778887854336E+00  3.808236481339E+00  2.456786476311E-02 -1.413425827240E-01  1.167747179606E-01 -7.794524057941E-02 -8.654179343199E-04  1.707473106652E-05  4.751208573790E-06 -7.242168109247E-06  1.918336408692E-01 -1.707473106648E-05  2.088228812553E-03 -6.121439005754E-20  4.712124085294E-20 -1.115116148813E-19 -4.788024198017E-03
  2.000000000000E+02  2.020600000000E+02  2.188274949787E+01  6.069884164161E-14 -1.268558843123E-01  4.829366487334E+02  9.604932208236E-01  1.281586390106E+00 -7.618979300688E-01 -6.331159173003E-03 -2.772791583273E+00  3.775339956141E+00  2.282473208867E-02 -1.367540360887E-01  1.139293040004E-01 -7.552586764692E-02 -2.120443658944E-04 -3.394864908756E-06  3.909888354155E-06 -5.818954955429E-06  1.851994371263E-01  3.394864937887E-06  1.727276007305E-03 -9.304228900421E-20  4.020108704911E-20 -1.045056624851E-19 -4.671764118085E-03
  2.041200000000E+02  2.062418000000E+02  2.193058471031E+01  6.141860905857E-14 -1.264605285918E-01  4.849939725413E+02  9.587401673366E-01  1.276201161156E+00 -7.576130906436E-01 -6.316024812659E-03 -2.769090034736E+00  3.747072631729E+00  2.103141675749E-02 -1.322976731015E-01  1.112662563444E-01 -7.392720393983E-02 -3.000112607803E-04 -2.233696591897E-05  3.209342476637E-06 -1.008060609970E-06  1.794948087502E-01  2.233696601366E-05  9.376238282124E-04 -5.991273185561E-20  6.225392801150E-20 -9.918073916074E-20 -4.546349942791E-03
  2.083636000000E+02  2.105490540000E+02  2.197790899479E+01  6.317215775371E-14 -1.263438710818E-01  4.870311707655E+02  9.569573363055E-01  1.270343151031E+00 -7.529268101643E-01 -6.260775922529E-03 -2.771545224704E+00  3.717155716915E+00  1.913103875638E-02 -1.274741543593E-01  1.083431156032E-01 -7.169953387991E-02  1.033068244181E-05 -1.344388166013E-05  4.877480776724E-06 -4.144261703510E-06  1.731672113039E-01  1.344388161389E-05  3.246148135921E-04 -4.806233869158E-20  5.472488152772E-20 -1.072280498404E-19 -4.422507393598E-03
  2.127345080000E+02  2.149855256200E+02  2.202517995887E+01  6.661512516372E-14 -1.262825416701E-01  4.890695293997E+02  9.552731185897E-01  1.264977763704E+00 -7.483556750920E-01 -6.243158940033E-03 -2.775357067763E+00  3.689871906834E+00  1.739337993560E-02 -1.228588446572E-01  1.054654647222E-01 -6.985942464233E-02  1.512821277117E-04  2.529475091663E-06  6.426953359183E-06 -4.423480569170E-06  1.673757487491E-01 -2.529474999975E-06 -7.162065779762E-05 -5.357087760869E-20  3.696801507236E-20 -1.106510973607E-19 -4.311795184394E-03
  2.172365432400E+02  2.195550913886E+02  2.207213818618E+01  6.962251391726E-14 -1.264037242635E-01  4.910969707773E+02  9.537329943007E-01  1.259696305986E+00 -7.434380858256E-01 -6.204989630433E-03 -2.783164494663E+00  3.663132623485E+00  1.549351186745E-02 -1.178963083984E-01  1.024027965304E-01 -6.800949731096E-02  3.126090033599E-04  3.480905937299E-06  5.320035613749E-06  4.775345011345E-06  1.618183007255E-01 -3.480905954321E-06 -7.958343848663E-04 -4.349866450378E-20  4.189237427859E-20 -1.145248811782E-19 -4.202618326940E-03
  2.218736395372E+02  2.242617441303E+02  2.211899331854E+01  7.032047210156E-14 -1.267322024183E-01  4.931222227037E+02  9.522629598783E-01  1.255056886883E+00 -7.385616929162E-01 -6.197016620189E-03 -2.794587729156E+00  3.639151106557E+00  1.377070034020E-02 -1.129841221334E-01  9.921342179412E-02 -6.651768309850E-02  5.931242230678E-04 -7.100143953056E-06  3.222182795325E-06  3.030306806606E-06  1.564885692166E-01  7.100143949969E-06 -1.945555995041E-03 -2.766048290028E-20  4.749377162579E-20 -7.426386349342E-20 -4.098276278764E-03
  2.266498487233E+02  2.291095964542E+02  2.216554414906E+01  7.064770600126E-14 -1.275500521460E-01  4.951362771625E+02  9.507382377889E-01  1.250767292291E+00 -7.334214259567E-01 -6.143729704288E-03 -2.816552596987E+00  3.613448388450E+00  1.190933129098E-02 -1.079771674584E-01  9.606783616726E-02 -6.467490614633E-02  1.022941955595E-03 -7.415115520858E-06  1.801436668874E-06 -5.140230310345E-06  1.505962411345E-01  7.415115519994E-06 -2.994956214169E-03 -3.334707242763E-20  4.034558938474E-20 -8.163172831025E-20 -3.985454554159E-03
  2.315693441850E+02  2.341028843478E+02  2.221159807489E+01  7.135175320953E-14 -1.286143047142E-01  4.971323127810E+02  9.490718087274E-01  1.246849225068E+00 -7.282634245790E-01 -6.137322699828E-03 -2.844093088005E+00  3.589627866134E+00  9.935812147713E-03 -1.028755127509E-01  9.293970060282E-02 -6.295470249510E-02  1.213358037745E-03 -3.627375545922E-06  5.346205783476E-07 -8.081458770973E-07  1.451612750969E-01  3.627375536385E-06 -3.009757873145E-03 -5.931507579549E-20  5.271569160490E-20 -8.055422454174E-20 -3.886349321958E-03
  2.366364245106E+02  2.392459708782E+02  2.225748845047E+01  7.075664157595E-14 -1.294962885983E-01  4.991226722428E+02  9.473155002003E-01  1.243099862626E+00 -7.228647764317E-01 -6.040105653243E-03 -2.868001319012E+00  3.568758848933E+00  8.117076106732E-03 -9.776010679317E-02  8.964303068608E-02 -6.153479638697E-02  1.154799406073E-03 -4.912594886218E-06 -8.168446161139E-07  9.674294986792E-06  1.402162021487E-01  4.912594929039E-06 -2.297789950901E-03 -5.549774502102E-20  4.469510835031E-20 -8.484353726317E-20 -3.802409187459E-03
  2.418555172459E+02  2.445433500046E+02  2.230305128082E+01  6.825956813672E-14 -1.301123006616E-01  5.011016025685E+02  9.454746211496E-01  1.239542457325E+00 -7.173815366983E-01 -6.019914516369E-03 -2.886811252593E+00  3.552100367032E+00  6.114975118317E-03 -9.274798147368E-02  8.663300635581E-02 -6.009853268464E-02  8.888580503931E-04 -2.024725053494E-06 -1.277245511782E-06  5.265594654385E-06  1.352161245129E-01  2.024725017313E-06 -1.959595973155E-03 -4.618906869211E-20  4.667901208742E-20 -9.240074223800E-20 -3.710423795807E-03
  2.472311827633E+02  2.499996505047E+02  2.234834273100E+01  6.514266484454E-14 -1.308156663739E-01  5.030701991592E+02  9.435400033565E-01  1.236142049556E+00 -7.116729711319E-01 -5.889526388956E-03 -2.907987492398E+00  3.538312979433E+00  4.202273380950E-03 -8.781190581325E-02  8.360963243240E-02 -5.873895164164E-02  8.834143090786E-04  5.482670732916E-06 -1.058306927839E-06  5.113708379459E-06  1.308619224789E-01 -5.482670772123E-06 -1.423314748120E-03 -9.275510952098E-21  4.614231545474E-20 -7.058468343094E-20 -3.636403141673E-03
  2.527681182462E+02  2.556196400198E+02  2.239365107728E+01  6.330649676353E-14 -1.311131142283E-01  5.050428525494E+02  9.415128495502E-01  1.232770827380E+00 -7.059340538750E-01 -5.900101850401E-03 -2.920038716644E+00  3.522927595039E+00  2.312762800641E-03 -8.264374043765E-02  8.033097763642E-02 -5.766267166531E-02  8.971246743329E-04  6.649489980987E-06 -1.795262691210E-06  8.983908680281E-06  1.261172513222E-01 -6.649489980575E-06 -3.758261757705E-04 -3.153111571328E-20  4.204514322620E-20 -5.537323032962E-20 -3.565192368183E-03
  2.584711617935E+02  2.614082292204E+02  2.243826832721E+01  6.302983063140E-14 -1.310910374980E-01  5.069869606561E+02  9.394093365952E-01  1.229519425122E+00 -6.999037628367E-01 -5.743623348571E-03 -2.925585721236E+00  3.506180115446E+00  4.163143793226E-04 -7.715299308243E-02  7.673667870331E-02 -5.635538297204E-02  7.566019646697E-04 -2.138429388693E-06 -3.350749139612E-06  4.785657151164E-06  1.211650126384E-01  2.138429377459E-06  5.233271167331E-04 -3.828184980063E-20  3.962938801742E-20 -2.243179861398E-20 -3.476711141672E-03
  2.643452966473E+02  2.673704760971E+02  2.248260306690E+01  6.292262211850E-14 -1.307524366241E-01  5.089225792038E+02  9.371175216144E-01  1.226012798527E+00 -6.938032394540E-01 -5.757678866805E-03 -2.923101329253E+00  3.494464197655E+00 -1.727284560474E-03 -7.167024562810E-02  7.339753018883E-02 -5.505175343524E-02  5.713781422048E-04 -3.363090884242E-06 -3.995364863953E-06  1.985157899570E-06  1.163448874670E-01  3.363090853421E-06  9.484751568704E-04  3.118128506161E-20  6.661185172197E-20 -3.127070251419E-20 -3.398912433610E-03
  2.703956555468E+02  2.735115903800E+02  2.252624043596E+01  6.162878916684E-14 -1.303962093550E-01  5.108283593420E+02  9.344322226666E-01  1.221821948094E+00 -6.874222874692E-01 -5.674026519080E-03 -2.920029477223E+00  3.488666880274E+00 -3.625891018828E-03 -6.645042491386E-02  7.007631593198E-02 -5.373908000768E-02  6.133847375905E-04  2.407832711435E-06 -3.478183924489E-06  3.885085357898E-06  1.127881181539E-01 -2.407832758727E-06  3.723200332902E-04 -1.267334682523E-20  3.430533430487E-20 -3.523613175965E-20 -3.338353735464E-03
  2.766275252132E+02  2.798369380914E+02  2.257046512351E+01  5.995354111892E-14 -1.304586522592E-01  5.127636664159E+02  9.314223285076E-01  1.219035766112E+00 -6.809944448700E-01 -5.642413521854E-03 -2.925239691823E+00  3.482995253821E+00 -5.667598990881E-03 -6.096932640758E-02  6.663692539876E-02 -5.321581612356E-02  9.852330922492E-04  2.979967447440E-06 -3.092526823182E-06  1.716702619857E-06  1.108544204706E-01 -2.979967503777E-06 -8.082325853934E-04 -6.753765227377E-21  3.303892344627E-20 -1.022093959529E-20 -3.314534427685E-03
  2.830463509696E+02  2.863520462341E+02  2.261519597224E+01  6.087998565922E-14 -1.310451275349E-01  5.147255650557E+02  9.281574824195E-01  1.216558518102E+00 -6.741987180254E-01 -5.592352780294E-03 -2.940256323042E+00  3.480072290696E+00 -7.642492013096E-03 -5.542295803447E-02  6.306545004752E-02 -5.296532007189E-02  1.336182368094E-03 -2.306167667596E-06 -3.172585892226E-06  2.768890673003E-06  1.099852774834E-01  2.306167694345E-06 -1.553566800059E-03  7.100420103284E-22  4.216440794909E-20 -3.330874382662E-20 -3.311702520143E-03
  2.896577414987E+02  2.930626076211E+02  2.266136018381E+01  6.376617781254E-14 -1.317426828255E-01  5.167548008066E+02  9.246619445774E-01  1.214663812604E+00 -6.674076565370E-01 -5.526048621820E-03 -2.958545888947E+00  3.482553031240E+00 -9.411739627430E-03 -5.009823928070E-02  5.950997890841E-02 -5.312270571960E-02  1.539916854375E-03 -3.191833976168E-06 -3.090139262705E-06  5.510887061349E-06  1.090017712048E-01  3.191833991102E-06 -1.549944573728E-03 -8.439219941628E-21  3.442502860091E-20 -6.841976107052E-21 -3.316118609940E-03
  2.964674737436E+02  2.999744858498E+02  2.270797963340E+01  6.461044980283E-14 -1.323493693831E-01  5.188077262126E+02  9.210666206890E-01  1.212576915698E+00 -6.602514133393E-01 -5.582379139252E-03 -2.975567367694E+00  3.483926467509E+00 -1.131829514490E-02 -4.453083637114E-02  5.584913151668E-02 -5.298980125462E-02  1.380536593678E-03 -9.529331222455E-07 -2.591782551047E-06  6.341074915129E-06  1.070188532845E-01  9.529331625194E-07 -1.271502657891E-03  8.904541054952E-21  4.102455848276E-20 -1.817618278934E-20 -3.310248108195E-03
  3.034814979559E+02  3.070937204253E+02  2.275519491297E+01  6.270381841071E-14 -1.328361151005E-01  5.208919344033E+02  9.174412381476E-01  1.211680989185E+00 -6.530801245427E-01 -5.515187337477E-03 -2.989066814974E+00  3.485755652721E+00 -1.303741354995E-02 -3.906590477490E-02  5.210331832432E-02 -5.288187619244E-02  1.389916269933E-03 -2.694285660444E-06 -2.062933532731E-06  5.429999351763E-06  1.052063536038E-01  2.694285636930E-06 -1.652168059580E-03  4.326355210469E-20  3.007922138149E-20 -6.298891605401E-22 -3.302254215746E-03
  3.107059428946E+02  3.144265320380E+02  2.280298594069E+01  5.807809152584E-14 -1.338235400360E-01  5.230061547546E+02  9.136653103964E-01  1.211536424746E+00 -6.455585542926E-01 -5.600789841243E-03 -3.016220268331E+00  3.487812333902E+00 -1.483900653914E-02 -3.356882082339E-02  4.840782736250E-02 -5.282508384634E-02  1.710001957378E-03  2.066294424314E-06 -1.723826814486E-06  2.234794987929E-06  1.039691232881E-01 -2.066294448905E-06 -2.178820743665E-03  1.304074390467E-20  2.755715154671E-20  6.729151465012E-21 -3.294280224569E-03
  3.181471211814E+02  3.219793279992E+02  2.285191198065E+01  5.044796235846E-14 -1.348433101503E-01  5.251772499004E+02  9.093397961824E-01  1.212229317476E+00 -6.379960300757E-01 -5.500944719024E-03 -3.042981990630E+00  3.495858752820E+00 -1.669520758274E-02 -2.813672834837E-02  4.483193593161E-02 -5.271392712304E-02  1.697880267897E-03  4.734607134324E-06 -1.760997969076E-06  5.256370781186E-07  1.031770146702E-01 -4.734607213702E-06 -1.920342280380E-03  3.525648665093E-20  1.418152723455E-20  2.827440075575E-20 -3.308336354574E-03
  3.258115348169E+02  3.297587078391E+02  2.290186745735E+01  4.399440534097E-14 -1.356432701696E-01  5.274003212263E+02  9.044540723531E-01  1.213451159776E+00 -6.300504117969E-01 -5.483117338702E-03 -3.066270391348E+00  3.508411218068E+00 -1.837696093327E-02 -2.261345125617E-02  4.099041218979E-02 -5.305772921273E-02  1.722129510405E-03  3.362507709094E-06 -2.567479219612E-06 -6.079643635304E-07  1.019669424402E-01 -3.362507678520E-06 -8.085885553427E-04  2.031231438651E-20  3.188033308276E-20  3.012354593085E-20 -3.318267097938E-03
  3.337058808614E+02  3.377714690743E+02  2.295254965623E+01  3.829700763689E-14 -1.356291959823E-01  5.296604369496E+02  8.990726836644E-01  1.214220377879E+00 -6.220718135513E-01 -5.455904204822E-03 -3.071502288596E+00  3.527572882597E+00 -2.003971224918E-02 -1.704520330855E-02  3.708491555758E-02 -5.321589765664E-02  1.225043410588E-03 -1.021933930300E-07 -3.361568741983E-06  8.771881047010E-07  1.012093729845E-01  1.021933401601E-07 -5.954732928239E-04  1.963029827217E-20  2.474634112528E-20  2.479390335436E-20 -3.339589844525E-03
  3.418370572872E+02  3.460246131465E+02  2.300473557218E+01  3.192161234418E-14 -1.362482818265E-01  5.319919597002E+02  8.934277771325E-01  1.212799638002E+00 -6.136241337402E-01 -5.491294411123E-03 -3.091769764580E+00  3.550016423168E+00 -2.169273809880E-02 -1.145490168348E-02  3.314763978212E-02 -5.368618327785E-02  1.390261292806E-03 -2.479560973146E-06 -3.532341758188E-06  1.727286024291E-06  1.011232943755E-01  2.479560972577E-06 -7.840564000456E-04  2.129226705426E-20  3.620384234706E-20  5.563810440366E-20 -3.359628311357E-03
  3.502121690058E+02  3.545253515409E+02  2.305840583283E+01  2.721951165620E-14 -1.364571923462E-01  5.343985665235E+02  8.875725368619E-01  1.209825830342E+00 -6.051929063632E-01 -5.376261513113E-03 -3.101824945620E+00  3.567426747700E+00 -2.315108298294E-02 -5.932200934777E-03  2.908328391775E-02 -5.394564079133E-02  9.828871791127E-04 -1.199509522657E-07 -3.652899263450E-06  3.340419945805E-06  1.010669507862E-01  1.199509146689E-07 -1.901955240045E-04  3.531939049571E-20  1.804906456468E-20  2.632457098189E-20 -3.391645769382E-03
  3.588385340760E+02  3.632811120872E+02  2.311369868223E+01  2.427698088855E-14 -1.364541568408E-01  5.368858355325E+02  8.812196209486E-01  1.204823043814E+00 -5.963136695789E-01 -5.406280483686E-03 -3.109156129203E+00  3.588844055779E+00 -2.469725728228E-02 -6.224875117841E-04  2.531974479367E-02 -5.454004803587E-02  6.554875607941E-04 -2.694264459433E-07 -4.497985952541E-06  3.370968609338E-06  1.008228614352E-01  2.694264622787E-07  7.219112004650E-04  6.109938503159E-20  1.275146370283E-20  5.471787699299E-20 -3.419056747968E-03
  3.677236900983E+02  3.722995454498E+02  2.317036765711E+01  2.292880468824E-14 -1.356711788805E-01  5.394443723037E+02  8.742003910489E-01  1.200165656084E+00 -5.876235798752E-01 -5.285724868129E-03 -3.096781363269E+00  3.616150281128E+00 -2.622422148406E-02  4.574968718973E-03  2.164925276542E-02 -5.481800995965E-02  2.308564086413E-04  4.327290738140E-07 -5.009328183129E-06  4.033419308666E-07  1.000387672574E-01 -4.327290819465E-07  1.853982629734E-03  4.501761981618E-20  9.047003628933E-21  4.958041874834E-20 -3.434680911893E-03
  3.768754008012E+02  3.815885318133E+02  2.322812932802E+01  2.157291532912E-14 -1.343782658424E-01  5.420568440335E+02  8.666425933652E-01  1.194664420710E+00 -5.783005850891E-01 -5.301265412109E-03 -3.070541842125E+00  3.641538501778E+00 -2.783279904354E-02  9.818571100061E-03  1.801422794366E-02 -5.513487884145E-02  6.586725001390E-05  5.178942631437E-07 -4.640201455559E-06 -5.297717615140E-07  9.942074602080E-02 -5.178942420903E-07  2.020146706088E-03  3.832129520317E-20  1.247109530783E-20  6.000730477641E-20 -3.451903127127E-03
  3.863016628253E+02  3.911561877677E+02  2.328752129174E+01  1.924872154030E-14 -1.333374269351E-01  5.447532717556E+02  8.582667380121E-01  1.186405763800E+00 -5.690090812651E-01 -5.328681661545E-03 -3.048973627758E+00  3.673351215688E+00 -2.919924238615E-02  1.472902885349E-02  1.447021353308E-02 -5.548639616170E-02  6.091057455033E-05 -9.878739099457E-07 -4.301946641034E-06  1.622162463709E-06  9.924710665037E-02  9.878739046748E-07  1.887223560811E-03  7.985840995082E-20  2.248884168814E-20  7.018017067244E-20 -3.494163737883E-03
  3.960107127100E+02  4.010108734007E+02  2.334859352776E+01  1.722933659169E-14 -1.321055176998E-01  5.475333972394E+02  8.493119364517E-01  1.177811122144E+00 -5.592698936849E-01 -5.395940312596E-03 -3.024792508784E+00  3.705718409153E+00 -3.047408962486E-02  1.960693155314E-02  1.086715807198E-02 -5.630802521177E-02 -8.247263135994E-06  7.685853529101E-07 -3.742717488793E-06  2.999230938156E-06  9.900968022080E-02 -7.685853424328E-07  9.865741455299E-04  4.176542349385E-20  2.922090554239E-20  6.039810955068E-20 -3.533428727997E-03
  4.060110340913E+02  4.111611996027E+02  2.341129131169E+01  1.594492593515E-14 -1.320808741491E-01  5.503997690254E+02  8.398634518602E-01  1.165401727350E+00 -5.494216096438E-01 -5.490342778920E-03 -3.028336998295E+00  3.748605775730E+00 -3.186920794454E-02  2.457951692449E-02  7.289691021098E-03 -5.661218678165E-02  9.713349828481E-04  3.141657053998E-06 -2.901668284331E-06  3.235081848665E-06  9.712149303799E-02 -3.141657068294E-06 -1.264476303575E-03  5.589706192829E-20  1.936785902758E-20  5.257426553588E-20 -3.510808485017E-03
  4.163113651141E+02  4.216160355908E+02  2.347363953377E+01  1.470543449742E-14 -1.336854144848E-01  5.532625911300E+02  8.294487953632E-01  1.151057185231E+00 -5.393313976983E-01 -5.705587985822E-03 -3.071557537127E+00  3.797315197503E+00 -3.365522611301E-02  2.960124031791E-02  4.053985795375E-03 -5.572983024154E-02  1.664609734775E-03  1.920144121147E-06 -1.799612272285E-06  3.639953178786E-06  9.454561818435E-02 -1.920144147512E-06 -2.566828720033E-03  4.706918102527E-20  1.308147732440E-20  7.322034183110E-20 -3.472368856105E-03
  4.269207060675E+02  4.323845166585E+02  2.353665726313E+01  1.467324063179E-14 -1.354517386259E-01  5.561687514722E+02  8.181972716002E-01  1.134447320288E+00 -5.289084345054E-01 -5.804948871583E-03 -3.120145742487E+00  3.854286532032E+00 -3.499354838848E-02  3.410552648996E-02  8.880218984013E-04 -5.557235940292E-02  1.746575960835E-03 -4.060902088054E-07 -1.016041513051E-06  3.254011037313E-06  9.446055009790E-02  4.060902229819E-07 -1.961544940432E-03  5.225265589982E-20  1.474287065024E-20  6.542677867800E-20 -3.514120379893E-03
  4.378483272495E+02  4.434760521583E+02  2.360263267558E+01  1.582366124705E-14 -1.363675165061E-01  5.592256020693E+02  8.067310540422E-01  1.116970120846E+00 -5.182538803832E-01 -6.094989199579E-03 -3.150447878060E+00  3.909425541704E+00 -3.638076449122E-02  3.854149301305E-02 -2.160728521532E-03 -5.684794135491E-02  1.217235197183E-03 -2.359325625067E-07 -1.409650690907E-06  1.416055735560E-06  9.513811007303E-02  2.359325725506E-07 -1.450757829378E-03  4.319627700418E-20  7.664358904684E-21  8.030095018494E-20 -3.561591497990E-03
  4.491037770670E+02  4.549003337230E+02  2.367049006774E+01  1.563952960193E-14 -1.375005378622E-01  5.623843052770E+02  7.945594038257E-01  1.097601170835E+00 -5.072361227313E-01 -6.189287217325E-03 -3.185297783204E+00  3.979102201253E+00 -3.788752580385E-02  4.318037463418E-02 -5.292848830537E-03 -5.763730825522E-02  1.134235025079E-03 -3.992496221484E-07 -2.456047868771E-06  1.075957227079E-06  9.808555569929E-02  3.992496260186E-07 -1.059556816292E-03  6.058418989787E-20  1.623177564051E-20  7.990144995077E-20 -3.684504370633E-03
  4.606968903790E+02  4.666673437347E+02  2.374477443419E+01  1.445727883474E-14 -1.379134645826E-01  5.658573537550E+02  7.815938109601E-01  1.079794119733E+00 -4.959861624204E-01 -6.333957779587E-03 -3.206346998735E+00  4.048130528222E+00 -3.914477040896E-02  4.763966110519E-02 -8.494890695733E-03 -6.018277417942E-02  5.583692670713E-04  2.080198476941E-07 -3.418887499763E-06 -7.094546407585E-07  9.986394999324E-02 -2.080198323700E-07  3.250083559458E-04  3.394681364683E-20  3.400303696124E-21  1.052607289338E-19 -3.760126229032E-03
  4.726377970904E+02  4.787873640468E+02  2.381954962095E+01  1.175328729018E-14 -1.370508514359E-01  5.693653496068E+02  7.678098961033E-01  1.061006584587E+00 -4.843985097474E-01 -6.707688859314E-03 -3.197007236755E+00  4.118773299425E+00 -4.027543239324E-02  5.188089329090E-02 -1.160546089771E-02 -6.018561549524E-02  1.334428852736E-05 -8.137954619337E-07 -3.592333134180E-06 -4.593850101763E-06  1.003885561653E-01  8.137954274320E-07  1.585469065925E-03  8.148561840419E-20  1.560566792683E-20  1.078243717945E-19 -3.820370954361E-03
  4.849369310031E+02  4.912709849682E+02  2.389910658512E+01  8.930793315524E-15 -1.355013722940E-01  5.731146375402E+02  7.533821540758E-01  1.042032101789E+00 -4.725090389130E-01 -6.559147868160E-03 -3.171006117074E+00  4.191976389667E+00 -4.105377290128E-02  5.583882227889E-02 -1.478504937722E-02 -6.208620515046E-02 -6.633733389842E-05 -2.320540396989E-06 -3.749343656988E-06 -3.456506680401E-06  1.010680616532E-01  2.320540460018E-06  2.570496870659E-03  6.011705035410E-20  2.303796961034E-20  1.021564314072E-19 -3.898295431874E-03
  4.976050389332E+02  5.041291145172E+02  2.397959388005E+01  6.943083261102E-15 -1.329798391148E-01  5.769161587033E+02  7.383876440252E-01  1.020398191270E+00 -4.605314392095E-01 -6.976167256354E-03 -3.116983064726E+00  4.260618139176E+00 -4.154244729615E-02  5.949674062019E-02 -1.795429332350E-02 -6.262840681054E-02 -2.684414686350E-04 -2.226395591293E-06 -4.805905989310E-06 -1.086168696574E-06  1.015800080226E-01  2.226395532292E-06  2.063042815595E-04  4.172880557353E-20 -5.719236053230E-21  9.548612227723E-20 -3.951578101425E-03
  5.106531901012E+02  5.173729879527E+02  2.406478396275E+01  4.800536126022E-15 -1.351563355502E-01  5.809572259330E+02  7.228930422380E-01  9.974433436250E-01 -4.479511925847E-01 -6.979738859051E-03 -3.181642176930E+00  4.330267525415E+00 -4.202781165482E-02  6.293784525040E-02 -2.091003359526E-02 -6.394972715669E-02  1.522481591828E-03 -1.594856174884E-06 -4.557813521956E-06 -9.129402994011E-07  1.011327710303E-01  1.594856196482E-06 -2.337570375270E-03  6.228238377497E-20  1.134535251570E-21  8.242704378134E-20 -4.001766258980E-03
  5.240927858042E+02  5.310141775913E+02  2.414947747949E+01  5.019676803849E-15 -1.368959663717E-01  5.849860312468E+02  7.076060339144E-01  9.751337883822E-01 -4.355584245569E-01 -7.248735753319E-03 -3.237471547235E+00  4.412877804308E+00 -4.283221368686E-02  6.638199972020E-02 -2.354978603321E-02 -6.418735257624E-02  1.052487606067E-03  1.766115506354E-06 -2.944262811569E-06 -2.260427782898E-06  1.011398155386E-01 -1.766115481316E-06 -1.870118158780E-03  6.061940396236E-20 -2.347938497691E-21  1.249463700406E-19 -4.065411500840E-03
  5.379355693784E+02  5.450646029190E+02  2.423980314799E+01  7.124237542492E-15 -1.383851914723E-01  5.893065308726E+02  6.931125676445E-01  9.494069802371E-01 -4.225275541954E-01 -6.937443527143E-03 -3.289669818011E+00  4.504626705264E+00 -4.319105450991E-02  6.928141306985E-02 -2.609035856047E-02 -6.624142682664E-02  8.442392810996E-04  1.808590253623E-06 -1.230328387018E-06 -8.875331474702E-07  1.026758973804E-01 -1.808590220572E-06 -2.662363651886E-03  5.735266691598E-20  1.019332165377E-21  1.154646464265E-19 -4.178658297250E-03
  5.521936364597E+02  5.595365410066E+02  2.433250089573E+01  7.459631292302E-15 -1.416364516537E-01  5.937549198023E+02  6.789448236316E-01  9.294608530665E-01 -4.096368578573E-01 -7.149737621485E-03 -3.381625507034E+00  4.579208935595E+00 -4.283174900995E-02  7.147779052736E-02 -2.864604151721E-02 -6.711038351294E-02  1.779974010892E-03  5.923497589689E-07  4.929166919562E-07 -1.189624290550E-06  1.017323802816E-01 -5.923497691982E-07 -3.046150775400E-03  8.054163709875E-20  9.202281969814E-21  1.225987444581E-19 -4.190250051082E-03
  5.668794455535E+02  5.743794455535E+02  2.442656727023E+01  6.184313477986E-15 -1.439765624789E-01  5.982876567456E+02  6.653523064665E-01  9.068817779350E-01 -3.959261383164E-01 -7.334838352044E-03 -3.449006641279E+00  4.616249329244E+00 -4.247002929663E-02  7.263463645685E-02 -3.016460716061E-02 -6.662332172629E-02  1.149284813847E-03 -1.562796672023E-07  1.003037829781E-06 -4.271433989346E-06  9.904021795050E-02  1.562797007245E-07 -4.485779429299E-03  5.327424493124E-20 -9.847620141279E-21  1.027784947784E-19 -4.142957199742E-03
  5.818794455535E+02  5.893794455535E+02  2.451819571200E+01  4.973948914781E-15 -1.500684817956E-01  6.027229014626E+02  6.525336583151E-01  8.889737049859E-01 -3.825740812617E-01 -7.222644683388E-03 -3.608923893683E+00  4.550857785233E+00 -4.105634358635E-02  7.020865023230E-02 -2.915230664595E-02 -6.489019960252E-02  2.208799033441E-03 -4.195480401438E-06  1.391625342989E-06 -3.445355309414E-06  9.821140545778E-02  4.195480396470E-06 -6.951281752744E-03  8.369358607925E-20 -1.291215569567E-20  1.182482999512E-19 -4.034319597884E-03
  5.968794455535E+02  6.043794455535E+02  2.461069680017E+01  2.523163969426E-15 -1.570439546968E-01  6.072180219489E+02  6.394948488375E-01  8.672222401119E-01 -3.690078757299E-01 -7.159444997924E-03 -3.791324329072E+00  4.500144790487E+00 -4.026465911979E-02  6.825095176586E-02 -2.798629264577E-02 -6.445413656947E-02  2.953248918938E-03 -5.855243093520E-07  2.672564430770E-06 -1.776538291965E-06  9.825900053575E-02  5.855243296926E-07 -6.416818964132E-03  8.471379750635E-20 -7.081578678013E-21  1.355258958922E-19 -3.993898029245E-03
  6.118794455535E+02  6.193794455535E+02  2.470242893397E+01  1.848307386772E-16 -1.621063539358E-01  6.116985506115E+02  6.251987113227E-01  8.450517564330E-01 -3.555255928632E-01 -6.966111052482E-03 -3.930188411201E+00  4.439673677031E+00 -3.911035506444E-02  6.651670501284E-02 -2.740634994884E-02 -6.313318402430E-02  2.086386519760E-03  7.722419189902E-07  2.719646236025E-06 -2.037328433949E-06  9.823084176237E-02 -7.722419377698E-07 -5.782525798728E-03  4.751641588286E-20 -8.912087345749E-21  1.246767939374E-19 -3.908723656946E-03
  6.268794455535E+02  6.343794455535E+02  2.479488749564E+01 -5.307669812919E-16 -1.678713056192E-01  6.162307294427E+02  6.095472353906E-01  8.213536041828E-01 -3.421274077438E-01 -6.836924427888E-03 -4.090017566108E+00  4.380376422065E+00 -3.858953078541E-02  6.552867888279E-02 -2.693914809688E-02 -6.201895666826E-02  1.896511370811E-03 -2.335947250957E-06  7.292453609348E-07  4.077875853755E-06  9.602743972503E-02  2.335947231468E-06 -4.291282259871E-03  6.051705738442E-20 -2.125583091539E-20  1.160172896878E-19 -3.803191367791E-03
  6.418794455535E+02  6.493794455535E+02  2.488245959094E+01 -8.166442059624E-17 -1.701529882138E-01  6.205299169933E+02  5.932137114398E-01  7.998046511024E-01 -3.284921547799E-01 -6.644892364758E-03 -4.167305084876E+00  4.326440632092E+00 -3.806672028731E-02  6.436622505429E-02 -2.629950476685E-02 -5.966666172931E-02  8.399304213453E-04  6.240116781630E-07 -1.600097483057E-06  9.618038715036E-06  9.438515203550E-02 -6.240116683265E-07 -3.951198546902E-03  7.837337499189E-20 -1.475167490196E-20  1.325947333940E-19 -3.726177300537E-03
  6.568794455535E+02  6.643794455535E+02  2.497182219069E+01  7.421736836211E-16 -1.752737803644E-01  6.249309719239E+02  5.765008309572E-01  7.769291817160E-01 -3.148777072891E-01 -6.464050000914E-03 -4.317952990146E+00  4.259242340219E+00 -3.695148366141E-02  6.262122899912E-02 -2.566974533846E-02 -5.936953070673E-02  1.742985917550E-03  1.453274842405E-06 -2.474182003265E-06  7.456901255359E-06  9.271843709605E-02 -1.453274837978E-06 -4.748934154866E-03  6.340605618503E-20 -1.109167126398E-20  1.025438339725E-19 -3.627487177982E-03
  6.718794455535E+02  6.793794455535E+02  2.505628696595E+01  8.536186803706E-16 -1.790372954273E-01  6.291011298943E+02  5.592997528054E-01  7.559595732220E-01 -3.013825821506E-01 -6.033682759096E-03 -4.430515516204E+00  4.195058564030E+00 -3.619731787926E-02  6.093366615224E-02 -2.473634827216E-02 -5.638958983384E-02  1.754039133536E-03  2.278384278246E-06 -2.699583000881E-06  3.412999157449E-06  8.896670105362E-02 -2.278384253602E-06 -4.770880552912E-03  6.105115258323E-20 -1.743288309422E-20  1.140916159961E-19 -3.443987909455E-03
  6.868794455535E+02  6.943794455535E+02  2.513864080905E+01  4.937398869383E-16 -1.842208620027E-01  6.331818548697E+02  5.415862186240E-01  7.316278064317E-01 -2.878370641559E-01 -5.799110151297E-03 -4.576598756309E+00  4.117547380781E+00 -3.468386639486E-02  5.869240847323E-02 -2.400854207854E-02 -5.388373865749E-02  2.006021059858E-03  2.452260993285E-06 -2.947274003929E-06  1.999956996158E-06  8.718973237911E-02 -2.452260994668E-06 -4.854302686228E-03  6.379062383587E-20 -2.277584296699E-20  1.095977462272E-19 -3.308398885218E-03
  7.018794455535E+02  7.093794455535E+02  2.521980426221E+01 -8.802145933425E-16 -1.881419441495E-01  6.372176851811E+02  5.228181787960E-01  7.072151701348E-01 -2.741781671921E-01 -5.161311294608E-03 -4.693944815151E+00  4.044973172925E+00 -3.377152919928E-02  5.705311456423E-02 -2.328158536471E-02 -5.197427775276E-02  1.743891605303E-03  4.835321089857E-06 -2.832550970004E-06  5.344584047334E-07  8.574763856260E-02 -4.835321117983E-06 -3.870207174962E-03  6.177320994199E-20 -1.553488444164E-20  9.580869490640E-20 -3.188722860033E-03
  7.168794455535E+02  7.243794455535E+02  2.529944788139E+01 -3.738671120375E-15 -1.914637968093E-01  6.411908156060E+02  5.033482581173E-01  6.832465739528E-01 -2.605856996249E-01 -5.212319679319E-03 -4.795237414463E+00  3.959738793169E+00 -3.354555970083E-02  5.563951441205E-02 -2.209395471162E-02 -4.963962279861E-02  1.369992872072E-03  2.279901572645E-06 -2.456805150213E-06 -2.027242623410E-06  8.053613596850E-02 -2.279901585514E-06 -3.143718222836E-03  6.339275187668E-20 -1.230103998999E-20  1.073720188243E-19 -2.958599805470E-03
  7.318794455535E+02  7.393794455535E+02  2.537082633573E+01 -6.121901885888E-15 -1.940318305021E-01  6.447550971052E+02  4.835481992637E-01  6.599874833121E-01 -2.468825661898E-01 -4.265883893838E-03 -4.877983058397E+00  3.872508674837E+00 -3.272368378521E-02  5.383465623810E-02 -2.111097245305E-02 -4.497014660707E-02  6.833215651274E-04  3.347162248269E-06 -2.194775488355E-06 -3.033033840391E-06  7.503512771364E-02 -3.347162233556E-06 -1.354014678104E-03  3.791394336465E-20  2.593712051265E-22  1.162457446996E-19 -2.726855222357E-03
  7.468794455535E+02  7.543794455535E+02  2.544014809431E+01 -7.474595306127E-15 -1.940103876305E-01  6.482315961539E+02  4.637754621317E-01  6.354955381344E-01 -2.331377498623E-01 -3.714920315858E-03 -4.893713184235E+00  3.801328116212E+00 -3.195538798920E-02  5.224520026607E-02 -2.028981227674E-02 -4.257219672976E-02 -3.865722342885E-04 -1.166353753119E-06 -1.889278224219E-06 -3.323489576128E-06  7.227055631348E-02  1.166353748099E-06  1.726839399988E-03  4.793436098217E-20 -4.513906681504E-21  9.871192720989E-20 -2.583107813125E-03
  7.618794455535E+02  7.693794455535E+02  2.550632214472E+01 -7.251343333662E-15 -1.907975388861E-01  6.515578342978E+02  4.445492495045E-01  6.112718021656E-01 -2.192371103486E-01 -3.249463655464E-03 -4.829951104876E+00  3.715974943305E+00 -3.083703654333E-02  5.028375692246E-02 -1.944672037866E-02 -3.975716350621E-02 -1.586104707533E-03 -5.107924110897E-06 -8.897767277020E-07 -6.470285652395E-06  6.672653901277E-02  5.107924102617E-06  3.725806487896E-03  6.236771893301E-20  1.693677002834E-21  8.650819957552E-20 -2.364567977122E-03
  7.768794455535E+02  7.843794455535E+02  2.556524220438E+01 -4.854103519599E-15 -1.870350740591E-01  6.545196986808E+02  4.251877162613E-01  5.869859264788E-01 -2.050936731501E-01 -2.835307217206E-03 -4.750056162089E+00  3.632108154667E+00 -2.968958273561E-02  4.838206815379E-02 -1.869248541822E-02 -3.606197151364E-02 -1.526440382969E-03 -3.845333502783E-06  2.705338539023E-07 -9.395164138375E-06  6.190662779982E-02  3.845333512970E-06  3.235997644354E-03  4.889173872451E-20 -2.417025761510E-21  1.012554416120E-19 -2.178977480317E-03
  7.918794455535E+02  7.993794455535E+02  2.562238591521E+01 -1.250186007958E-15 -1.847398399405E-01  6.573967753363E+02  4.055109175688E-01  5.646150706096E-01 -1.912597120867E-01 -2.542201410423E-03 -4.704135845741E+00  3.562629344596E+00 -2.867929797286E-02  4.693484454893E-02 -1.825554657636E-02 -3.392243786645E-02 -8.352858169426E-04 -3.067740351588E-06  1.130017173922E-06 -9.248916690318E-06  5.958693899122E-02  3.067740387823E-06  2.680599962699E-03  5.366098338981E-20 -4.665442996314E-21  9.912847952463E-20 -2.079998681699E-03
  8.068794455535E+02  8.143794455535E+02  2.567696683358E+01  1.930144701475E-15 -1.820042690221E-01  6.601456700392E+02  3.857838611285E-01  5.435757460919E-01 -1.769147315157E-01 -2.496294868728E-03 -4.645988793125E+00  3.495311939328E+00 -2.766748258399E-02  4.537390520916E-02 -1.770642262536E-02 -3.255428804359E-02 -7.926288009644E-04 -3.485363339876E-06  1.231714299866E-06 -6.327997651041E-06  5.753840425347E-02  3.485363371982E-06 -4.677194433086E-05  4.602221125872E-20  2.680741638510E-21  8.363832274506E-20 -1.983719249123E-03
  8.218794455535E+02  8.293794455535E+02  2.573027547912E+01  3.833569457249E-15 -1.848269698875E-01  6.628386407501E+02  3.656101535030E-01  5.260380329398E-01 -1.630359975353E-01 -2.148073935298E-03 -4.728908755099E+00  3.421043957332E+00 -2.650588305611E-02  4.365111219166E-02 -1.714522913607E-02 -3.089711542881E-02  6.515198629169E-04 -2.180008004057E-06  5.043597912127E-07 -5.571670912558E-06  5.473897929547E-02  2.180008017699E-06 -2.463583354590E-03  4.728744002647E-20 -5.634410327420E-21  9.361483585068E-20 -1.864122438719E-03
  8.368794455535E+02  8.443794455535E+02  2.577960311836E+01  5.448507096883E-15 -1.866164094811E-01  6.653321227465E+02  3.442730903319E-01  5.146271826702E-01 -1.487310880897E-01 -2.298320295796E-03 -4.784830955223E+00  3.349959298141E+00 -2.552461208908E-02  4.206822564219E-02 -1.654361355338E-02 -2.840698135920E-02  5.472319004035E-04 -4.775971135830E-07 -5.316137799272E-07 -3.107031515655E-06  5.119796777712E-02  4.775971311471E-07 -3.383868317842E-03  5.309754305577E-20  1.169218616973E-20  8.640923829126E-20 -1.708285336904E-03
  8.518794455535E+02  8.593794455535E+02  2.582625553718E+01  7.065401215478E-15 -1.911575476739E-01  6.676988403582E+02  3.217708451281E-01  5.011409070136E-01 -1.346744365812E-01 -2.022496948562E-03 -4.910930373879E+00  3.277463062448E+00 -2.483218048393E-02  4.057666632721E-02 -1.574448584336E-02 -2.619869176472E-02  1.072950180433E-03  1.960786835882E-06 -1.119405178965E-06 -3.749741345342E-07  4.742623820550E-02 -1.960786826612E-06 -4.268442929296E-03  4.393494100974E-20  6.035240609394E-21  8.858726058291E-20 -1.557056498641E-03
  8.668794455535E+02  8.743794455535E+02  2.586852533642E+01  7.193578270675E-15 -1.946251852950E-01  6.698489800384E+02  2.984954208533E-01  4.902297402127E-01 -1.203297953016E-01 -2.044852575624E-03 -5.009863067751E+00  3.202631829877E+00 -2.409520477105E-02  3.900329130053E-02 -1.490808652949E-02 -2.362791871058E-02  7.971001985815E-04  2.948266125860E-06 -1.073324894337E-06 -1.165348652419E-07  4.457989566981E-02 -2.948266158170E-06 -4.766407307650E-03  5.263877689951E-20  3.542710820339E-21  8.332615629253E-20 -1.423038166640E-03
  8.818794455535E+02  8.893794455535E+02  2.590985312479E+01  6.097481460715E-15 -2.001153208242E-01  6.719584699836E+02  2.744199143959E-01  4.795612788290E-01 -1.061619982455E-01 -1.857782484765E-03 -5.161257952444E+00  3.142551502398E+00 -2.317762264502E-02  3.775466435774E-02 -1.457704171233E-02 -2.213462901269E-02  1.579515867840E-03  1.208886494181E-06 -9.234294935330E-07 -1.933961350264E-07  4.244018197102E-02 -1.208886487877E-06 -7.139320597688E-03  5.940269590295E-20 -1.939817133176E-21  9.736572986181E-20 -1.331115510423E-03
  8.968794455535E+02  9.043794455535E+02  2.594809419464E+01  3.814600328320E-15 -2.080313723699E-01  6.739180194384E+02  2.491022251145E-01  4.729368688849E-01 -9.196315725866E-02 -1.593751899959E-03 -5.376672371392E+00  3.069180636433E+00 -2.230506025453E-02  3.611355586293E-02 -1.380849560881E-02 -2.012696220976E-02  2.132377631835E-03 -7.058446257937E-07 -5.416219822965E-07 -4.859901142428E-07  3.925174553576E-02  7.058446114431E-07 -8.574424307618E-03  4.437754352932E-20  2.917431768835E-21  8.766657508010E-20 -1.192175888815E-03
  9.118794455535E+02  9.193794455535E+02  2.598345670641E+01  9.017692191929E-16 -2.161951691068E-01  6.757365730170E+02  2.217364621728E-01  4.704151299014E-01 -7.767529690587E-02 -1.443658636870E-03 -5.599620296601E+00  3.000055562998E+00 -2.143060049992E-02  3.476253424477E-02 -1.333193374474E-02 -1.806055966012E-02  2.351446608316E-03 -1.073860090350E-06 -6.880294168551E-07  1.775499588389E-07  3.571850868028E-02  1.073860075385E-06 -8.724087421106E-03  4.709639138274E-20  4.338841398309E-21  8.222695619456E-20 -1.051441001774E-03
  9.268794455535E+02  9.343794455535E+02  2.601508017778E+01 -7.584492929535E-17 -2.243790872647E-01  6.773722347490E+02  1.918644450533E-01  4.736826517109E-01 -6.348444413035E-02 -1.126913210411E-03 -5.821627405203E+00  2.942481011952E+00 -2.094517050104E-02  3.355984400213E-02 -1.261467350132E-02 -1.575181521727E-02  2.192218077164E-03 -1.061640238854E-06 -1.441063219496E-06  9.353993274338E-07  3.398252678198E-02  1.061640269050E-06 -8.247490888640E-03  3.560677949999E-20 -5.141864030641E-21  9.272164645683E-20 -9.616272209011E-04
  9.418794455535E+02  9.493794455535E+02  2.604717252278E+01 -3.678870720789E-16 -2.316524982634E-01  6.790405161629E+02  1.584707913761E-01  4.836480903660E-01 -4.901240578188E-02 -1.004051428083E-03 -6.020776224121E+00  2.912885773668E+00 -2.015418953210E-02  3.265342156895E-02 -1.249923203680E-02 -1.520103101038E-02  1.868149253798E-03 -2.655736684759E-06 -1.319691207123E-06  1.084451542624E-06  3.594391900777E-02  2.655736687772E-06 -8.162214128029E-03  3.951033891149E-20 -7.026024843107E-21  8.678850443180E-20 -9.667035278815E-04
  9.568794455535E+02  9.643794455535E+02  2.608246502786E+01 -1.791013698749E-15 -2.396830235351E-01  6.808829904302E+02  1.199059952965E-01  4.983322799227E-01 -3.475377782315E-02 -6.343892683898E-04 -6.242590706808E+00  2.934233709617E+00 -1.971936464103E-02  3.233517136021E-02 -1.261580671925E-02 -1.594438814859E-02  1.988884031345E-03 -1.589256508128E-06 -4.555613638627E-07 -1.074924780435E-06  4.155789429405E-02  1.589256519706E-06 -1.042016154444E-02  4.629250192102E-20 -1.100160464747E-20  1.018343959957E-19 -1.089531699525E-03
  9.718794455535E+02  9.793794455535E+02  2.612508325975E+01 -2.456819542367E-15 -2.511907636876E-01  6.831190082619E+02  7.343753491824E-02  5.308692878284E-01 -1.987204203752E-02 -5.945680106068E-04 -6.559419992632E+00  3.141085775078E+00 -2.036464253346E-02  3.537466948671E-02 -1.501002695314E-02 -1.978848866862E-02  3.296352811087E-03 -3.398028028328E-07  2.804414205116E-07 -1.317056207157E-06  5.626180400256E-02  3.398028052957E-07 -1.580361049887E-02  3.598329545043E-20 -1.129608956403E-20  9.799053814031E-20 -1.533996191048E-03
  9.868794455535E+02  9.943794455535E+02  2.618795659865E+01 -1.069142694660E-15 -2.693153847568E-01  6.864475931991E+02  1.505799512975E-02  6.105590910299E-01 -5.871421798804E-03 -3.648805577090E-04 -7.060697006004E+00  3.141372755544E+00 -2.314890859479E-02  3.799723354686E-02 -1.484832495226E-02 -2.609042931181E-02  5.689364680878E-03  1.503543342369E-06  2.797946362823E-07 -5.283892398014E-06  3.353026214355E-02 -1.503543323358E-06 -9.665229534643E-03  4.893918959756E-20 -1.018440076424E-20  1.040595056763E-19 -7.601197828654E-04
