                   y                  ym                   U                   V                   W                 U^2                 V^2                 W^2                  UV                  VW                  UW                VISC               SFSxx               SFSyy               SFSzz               SFSxy               SFSyz                dUdX                dVdX                dWdX                dUdY                dVdY                dWdY                dUdZ                dVdZ                dWdZ              SFSxym
 -4.000000000000E+00 -2.000000000000E+00  0.000000000000E+00  0.000000000000E+00  0.000000000000E+00  0.000000000000E+00  0.000000000000E+00  0.000000000000E+00  0.000000000000E+00  0.000000000000E+00  0.000000000000E+00  0.000000000000E+00  0.000000000000E+00  0.000000000000E+00  0.000000000000E+00  0.000000000000E+00  0.000000000000E+00  0.000000000000E+00  0.000000000000E+00  0.000000000000E+00  0.000000000000E+00  0.000000000000E+00  0.000000000000E+00  0.000000000000E+00  0.000000000000E+00  0.000000000000E+00  0.000000000000E+00
  2.220446049250E-16  2.000000000000E+00  1.320326082491E+01  3.729911923304E-15 -7.707242531318E-02  1.791056560594E+02  9.855460305243E-02  1.316263409322E+00 -2.932984004010E-01 -2.518461520459E-03 -1.008680407911E+00  1.359894301795E+00 -2.922478393354E-03  1.260688910755E-02 -9.684410713964E-03 -9.238271458353E+00  4.299100139325E-02 -1.351213851590E-03 -1.226988261289E-04  3.244651533716E-05  5.693822956012E+01  1.351213851722E-03 -3.115086822252E-01 -1.087736954096E-19  3.065280251371E-22  1.996870887055E-19 -2.036929034915E-02
  4.000000000000E+00  6.000000000000E+00  1.526602331893E+01  1.025355639515E-14 -7.873375822903E-02  2.379439526438E+02  3.914356109536E-01  1.296428930879E+00 -5.741340376583E-01 -3.287740098296E-03 -1.189198630065E+00  7.561511629529E+00  4.224194540615E-01 -4.526842817396E-01  3.026482768215E-02 -2.104368930149E+00 -1.612278925100E-01  3.466674895168E-04 -1.896469600986E-04  6.744633785116E-06  5.472156194345E+00 -3.466674894684E-04  3.729583275069E-03 -1.677194007336E-19 -2.654142085683E-21  2.927935429848E-19 -1.489593132527E-01
  8.000000000000E+00  1.000000000000E+01  1.593910076544E+01  1.522398396583E-14 -7.523496922101E-02  2.582930828601E+02  4.729858254794E-01  1.199661416736E+00 -5.587635429613E-01 -3.529082615433E-03 -1.181041303992E+00  7.908017309164E+00  2.382679189595E-01 -5.945772043647E-01  3.563092853997E-01 -1.201459410033E+00 -3.108726927599E-02  2.979004699151E-04 -1.029699056366E-04  6.936168622190E-06  2.601767414778E+00 -2.979004698561E-04  1.442912203874E-02 -1.347353589126E-19  6.895950556069E-21  2.165086854470E-19 -7.244783515366E-02
  1.200000000000E+01  1.400000000000E+01  1.656698526169E+01  1.839136904835E-14 -7.144859152926E-02  2.786614851841E+02  5.171338494614E-01  1.172542121588E+00 -6.008474891469E-01 -3.320216246175E-03 -1.162288756024E+00  7.780797463888E+00  2.269734071667E-01 -5.478941436529E-01  3.209207364885E-01 -1.132963698479E+00  6.937148122603E-04  1.691120793092E-04 -5.732986131542E-05  9.261152613479E-06  2.156264545663E+00 -1.691120792014E-04  1.685794819604E-02 -1.481483548048E-19 -1.005494245948E-20  2.093806725278E-19 -6.169286710213E-02
  1.600000000000E+01  1.800000000000E+01  1.701723548051E+01  1.965472643219E-14 -6.682335771822E-02  2.936405696808E+02  5.523382533100E-01  1.151246401845E+00 -5.994888932463E-01 -3.422314923554E-03 -1.112585523221E+00  7.329727575667E+00  1.883865380220E-01 -4.884417637915E-01  3.000552257733E-01 -8.234143533104E-01 -3.153306003090E-05  1.134942099846E-04 -3.417966913603E-05  4.185387085547E-06  1.687547965567E+00 -1.134942099796E-04  1.726141274299E-02 -1.614217459053E-19 -9.950022093372E-21  1.658659830532E-19 -4.761254079750E-02
  2.000000000000E+01  2.200000000000E+01  1.741073173397E+01  1.958606244493E-14 -6.286337622068E-02  3.071388494279E+02  5.817025822906E-01  1.141679250063E+00 -6.115088877737E-01 -3.460941237077E-03 -1.066979317605E+00  7.028101049945E+00  1.683514730377E-01 -4.450914632209E-01  2.767399901827E-01 -7.103967199845E-01 -2.516403474694E-03  7.989023183605E-05 -2.078698093436E-05 -2.197012423547E-06  1.433014743438E+00 -7.989023172537E-05  1.442791436147E-02 -2.084288387193E-19  1.691046220413E-21  1.442156733526E-19 -4.040322978553E-02
  2.400000000000E+01  2.600000000000E+01  1.773372229880E+01  1.809115146101E-14 -5.960782197772E-02  3.184294606153E+02  6.058366209611E-01  1.133071978469E+00 -6.118175004768E-01 -3.518368424559E-03 -1.026265444707E+00  6.707038726498E+00  1.470062438301E-01 -4.063698590353E-01  2.593636152040E-01 -5.828542121271E-01 -2.567434118416E-03  6.586095492689E-05 -1.328355591475E-05  6.015578225410E-06  1.222362405522E+00 -6.586095498559E-05  1.164692784697E-02 -1.902998690418E-19 -3.881994187762E-21  1.264060956149E-19 -3.412081060674E-02
  2.800000000000E+01  3.000000000000E+01  1.802187486959E+01  1.691923637506E-14 -5.696160965256E-02  3.287003228430E+02  6.251140519695E-01  1.126857033895E+00 -6.156518012868E-01 -3.583087779144E-03 -9.917850764694E-01  6.448369471601E+00  1.319998297822E-01 -3.753427830650E-01  2.433429532846E-01 -5.127309560431E-01 -2.638927092049E-03  5.764960748116E-05 -8.058514911221E-06  2.157079396327E-06  1.080345665260E+00 -5.764960736193E-05  9.358401702859E-03 -1.683910268308E-19  5.327661623408E-21  1.696878834403E-19 -2.993976984628E-02
  3.200000000000E+01  3.400000000000E+01  1.827387332954E+01  1.673397914739E-14 -5.489310407354E-02  3.378169997505E+02  6.402870543502E-01  1.118933172332E+00 -6.154487902865E-01 -3.569371332824E-03 -9.653230962782E-01  6.202635075832E+00  1.186283792216E-01 -3.481708852186E-01  2.295425059958E-01 -4.460512694118E-01 -2.445628855284E-03  3.828313328320E-05 -4.203676755791E-06 -1.475471383964E-05  9.618357041203E-01 -3.828313339583E-05  7.578998845520E-03 -2.070574334304E-19  2.036077782636E-20  1.164483337291E-19 -2.641566065751E-02
  3.600000000000E+01  3.800000000000E+01  1.850284190203E+01  1.606478903897E-14 -5.318225781274E-02  3.462182510285E+02  6.519911285431E-01  1.111267933490E+00 -6.162078884931E-01 -3.590784321213E-03 -9.442579829664E-01  5.988667718756E+00  1.076166156617E-01 -3.251089584305E-01  2.174923427699E-01 -4.006043703625E-01 -2.236269585640E-03  3.305631657956E-05 -2.549906748630E-06 -1.138133900683E-05  8.707920966184E-01 -3.305631653056E-05  5.903655012088E-03 -2.039034295127E-19  1.054537602214E-20  1.331991537618E-19 -2.372869872277E-02
  4.000000000000E+01  4.200000000000E+01  1.870931370473E+01  1.817423710803E-14 -5.191976443101E-02  3.538833362940E+02  6.608157459042E-01  1.103778200087E+00 -6.153828124519E-01 -3.546309051689E-03 -9.298213243153E-01  5.791969862792E+00  9.795903367620E-02 -3.052379289943E-01  2.072788953173E-01 -3.591790838078E-01 -1.925256357589E-03  2.229286708062E-05 -3.023532961820E-06  1.475827603712E-06  7.943967111115E-01 -2.229286716844E-05  4.807064590507E-03 -1.787797458473E-19  2.101003061055E-20  1.154649653833E-19 -2.144431467202E-02
  4.400000000000E+01  4.600000000000E+01  1.889997937314E+01  2.415219044725E-14 -5.078365271012E-02  3.610395888934E+02  6.673003209705E-01  1.095863157605E+00 -6.147931766499E-01 -3.533772842130E-03 -9.180700188977E-01  5.616904522114E+00  9.007614441655E-02 -2.878316807919E-01  1.977555363763E-01 -3.279051037629E-01 -1.717948168809E-03  1.197637910298E-05 -2.891757001723E-06  7.750790205943E-06  7.321331319169E-01 -1.197637910073E-05  5.171409779399E-03 -1.801758395677E-19  3.169923274461E-20  1.218376372558E-19 -1.958184456578E-02
  4.800000000000E+01  5.000000000000E+01  1.907533358953E+01  3.017756069991E-14 -4.936498088219E-02  3.676850455577E+02  6.719498634006E-01  1.087530461618E+00 -6.134981793767E-01 -3.500856390344E-03 -8.994137527660E-01  5.455359855663E+00  8.346385105762E-02 -2.722794517297E-01  1.888156006700E-01 -2.994475055241E-01 -2.096755429679E-03  1.290957571011E-05 -1.127521391986E-06  3.879337158858E-07  6.778179025266E-01 -1.290957558358E-05  5.269587964749E-03 -1.740888229028E-19  1.767448639936E-20  1.470780120460E-19 -1.799939880362E-02
  5.200000000000E+01  5.400000000000E+01  1.923892552495E+01  3.491953297699E-14 -4.814936873697E-02  3.739396602797E+02  6.751906740975E-01  1.079128958433E+00 -6.121354833571E-01 -3.422636159802E-03 -8.841630786832E-01  5.307566964753E+00  7.759435885585E-02 -2.584713376573E-01  1.808769788009E-01 -2.766371365039E-01 -1.982307861283E-03  2.053775055443E-05 -4.616235058824E-07  8.268445962705E-06  6.333639600893E-01 -2.053775078340E-05  4.700428532662E-03 -1.742251170468E-19  4.196454463378E-20  1.582216968671E-19 -1.666272971392E-02
  5.600000000000E+01  5.800000000000E+01  1.939200138512E+01  4.109833567217E-14 -4.699989265632E-02  3.798407958974E+02  6.774534948318E-01  1.070389484154E+00 -6.105298587877E-01 -3.421748384807E-03 -8.686948079907E-01  5.169213663066E+00  7.222121369629E-02 -2.459050629111E-01  1.736838492152E-01 -2.567238624345E-01 -1.843606966372E-03  1.028390439414E-05  8.410101905174E-07  9.899847980175E-06  5.944966338083E-01 -1.028390412555E-05  4.048478720989E-03 -2.016662644789E-19  3.762367226882E-20  1.507962310566E-19 -1.548342908207E-02
  6.000000000000E+01  6.200000000000E+01  1.953617571559E+01  4.680640922593E-14 -4.612008427461E-02  3.854415623050E+02  6.789718249483E-01  1.062098620374E+00 -6.088429247859E-01 -3.334975236713E-03 -8.580356513121E-01  5.041009209048E+00  6.725321444209E-02 -2.344914371089E-01  1.672382226675E-01 -2.389948425480E-01 -1.539773365887E-03 -4.339370136054E-06  2.440859885397E-06  1.040961129035E-06  5.592807956457E-01  4.339370231359E-06  3.529952700772E-03 -2.040192176850E-19  4.115394940911E-20  1.158826225508E-19 -1.442300217484E-02
  6.400000000000E+01  6.600000000000E+01  1.967168103629E+01  5.299490812184E-14 -4.523776877849E-02  3.907426515399E+02  6.798332669620E-01  1.052969753754E+00 -6.070139138948E-01 -3.292209929289E-03 -8.468123944762E-01  4.917917677478E+00  6.269992790416E-02 -2.238584939776E-01  1.611585660724E-01 -2.225558629574E-01 -1.452842632561E-03 -5.483485050394E-06  2.712147226452E-06 -6.503722309288E-07  5.265751181968E-01  5.483485426278E-06  3.461208686128E-03 -1.578754364415E-19  6.338305460468E-20  1.423837830864E-19 -1.346180375477E-02
  6.800000000000E+01  7.000000000000E+01  1.979947589982E+01  5.882549337690E-14 -4.439270982755E-02  3.957733941073E+02  6.801345482506E-01  1.043959423661E+00 -6.050801838556E-01 -3.253908751093E-03 -8.361535088296E-01  4.801594993643E+00  5.865609691641E-02 -2.140868540232E-01  1.554307571071E-01 -2.082158883485E-01 -1.197068124907E-03  7.510947919982E-06  3.226318904307E-06  8.027779311579E-07  4.976869195645E-01 -7.510948016395E-06  3.733689925717E-03 -1.879082920771E-19  3.833763466566E-20  1.134628248064E-19 -1.261066930826E-02
  7.200000000000E+01  7.400000000000E+01  1.992056135343E+01  5.950640432518E-14 -4.337864717150E-02  4.005673563473E+02  6.798732483848E-01  1.034777180775E+00 -6.030362952806E-01 -3.200425573366E-03 -8.217421827188E-01  4.695639801696E+00  5.518537702200E-02 -2.054163925361E-01  1.502310155140E-01 -1.955158985706E-01 -1.333185846264E-03  9.595765700246E-06  3.468312233071E-06  5.392629457211E-07  4.718882755020E-01 -9.595765675021E-06  4.118321288223E-03 -1.680617447583E-19  4.756214411974E-20  1.032898896387E-19 -1.185077233115E-02
  7.600000000000E+01  7.800000000000E+01  2.003545752119E+01  5.848247571618E-14 -4.234570508852E-02  4.051406306508E+02  6.791512787174E-01  1.024881342351E+00 -6.009958383953E-01 -3.186206824445E-03 -8.058645431270E-01  4.596189356584E+00  5.180455458362E-02 -1.974101238911E-01  1.456055693077E-01 -1.837754871837E-01 -1.224502202770E-03  8.059609332444E-06  3.150511893260E-06  7.494133551026E-07  4.475795333397E-01 -8.059609501705E-06  3.541256754352E-03 -1.756487284353E-19  6.573081834602E-20  7.959107666239E-20 -1.113458622296E-02
  8.000000000000E+01  8.200000000000E+01  2.014436167538E+01  5.854850167692E-14 -4.162710076915E-02  4.094970089696E+02  6.780675258185E-01  1.015022438968E+00 -5.988690613970E-01 -3.131031288915E-03 -7.964451833256E-01  4.502915779036E+00  4.875649857392E-02 -1.899275795936E-01  1.411710810205E-01 -1.726291471177E-01 -8.159746165810E-04  3.293865648578E-06  3.067966971048E-06  3.504471626253E-06  4.250989905466E-01 -3.293865530147E-06  2.760184325634E-03 -1.528381655175E-19  5.176882064730E-20  1.066273082392E-19 -1.048558999567E-02
  8.400000000000E+01  8.600000000000E+01  2.024804154687E+01  5.727326951458E-14 -4.097684300811E-02  4.136645957297E+02  6.767029426018E-01  1.005845533903E+00 -5.966622205782E-01 -3.107873564438E-03 -7.874148464881E-01  4.413598941842E+00  4.626338002873E-02 -1.830903627165E-01  1.368269826884E-01 -1.629496807308E-01 -5.962758316192E-04 -1.987313169901E-06  2.502902801604E-06  3.719642763976E-07  4.048094658107E-01  1.987313082216E-06  2.558106290718E-03 -1.789881651094E-19  5.461401338141E-20  1.218399967244E-19 -9.900557950836E-03
  8.800000000000E+01  9.000000000000E+01  2.034678288020E+01  5.518185792567E-14 -4.035167195242E-02  4.176525682037E+02  6.751504119123E-01  9.973459163609E-01 -5.944341211023E-01 -3.050396034653E-03 -7.787724492802E-01  4.327828449747E+00  4.383627396235E-02 -1.768242810719E-01  1.329880071092E-01 -1.538869194146E-01 -6.948834537880E-04  1.134694633315E-05  2.160279822425E-06 -5.195386799262E-06  3.856378669293E-01 -1.134694627988E-05  2.605095289638E-03 -1.433634765366E-19  6.358174564723E-20  1.038555318630E-19 -9.354522538152E-03
  9.200000000000E+01  9.400000000000E+01  2.044086759130E+01  5.543419990979E-14 -3.968473651926E-02  4.214685286433E+02  6.735515655259E-01  9.882901306937E-01 -5.921963640710E-01 -3.014272261353E-03 -7.695055276866E-01  4.251321351177E+00  4.169920306836E-02 -1.714094877168E-01  1.297102846484E-01 -1.454693553731E-01 -8.680291323310E-04  1.068418700820E-06  1.813410979187E-06 -1.230988252200E-06  3.680225209533E-01 -1.068418789460E-06  2.566251354599E-03 -1.586712080352E-19  5.938139579910E-20  9.391006795667E-20 -8.842325127418E-03
  9.600000000000E+01  9.800000000000E+01  2.053079802260E+01  5.465467083539E-14 -3.907484152370E-02  4.251301145477E+02  6.720718427835E-01  9.791356805118E-01 -5.898992459840E-01 -2.979986289561E-03 -7.616381712743E-01  4.177094972558E+00  3.935967653411E-02 -1.658539748941E-01  1.264942983587E-01 -1.375343043445E-01 -8.189232161071E-04 -4.862574877265E-06  9.962848765801E-07  2.226439453669E-06  3.514028092123E-01  4.862574958157E-06  2.864495135467E-03 -1.569391684401E-19  7.524185266239E-20  1.091748201848E-19 -8.359409418459E-03
  1.000000000000E+02  1.020000000000E+02  2.061651893596E+01  5.179645304968E-14 -3.825568215814E-02  4.286335631842E+02  6.707529368209E-01  9.697610335916E-01 -5.876486549759E-01 -2.938542870472E-03 -7.491409638919E-01  4.102695576065E+00  3.720350105206E-02 -1.604730719504E-01  1.232695708980E-01 -1.300238649537E-01 -9.560978848927E-04  1.029131913488E-06  1.306306666981E-06  2.953146413418E-06  3.348229115618E-01 -1.029131985126E-06  3.579096117001E-03 -1.616221083618E-19  6.461291228518E-20  1.216072523481E-19 -7.900945553406E-03
  1.040000000000E+02  1.060000000000E+02  2.069818861171E+01  5.165453141898E-14 -3.728587783988E-02  4.319828655832E+02  6.695994050261E-01  9.602223601481E-01 -5.852896157145E-01 -2.902818580362E-03 -7.330492705164E-01  4.033539491811E+00  3.535855073044E-02 -1.555596824144E-01  1.202011316845E-01 -1.228592813178E-01 -1.207853276100E-03  1.752507364309E-07  1.475530993507E-06  2.196654341793E-06  3.199372341366E-01 -1.752506216621E-07  3.871672430518E-03 -1.503831493819E-19  7.836545437753E-20  7.650035026029E-20 -7.482210002719E-03
  1.080000000000E+02  1.100000000000E+02  2.077650331337E+01  5.312977293358E-14 -3.632375440928E-02  4.352032239818E+02  6.686694318289E-01  9.510486726778E-01 -5.829565100225E-01 -2.869899933619E-03 -7.173983230089E-01  3.967957613140E+00  3.376331758600E-02 -1.508285890252E-01  1.170652714398E-01 -1.166942699216E-01 -1.100613991332E-03  1.547535218482E-06  5.779359078840E-07  7.279839652718E-07  3.068884454169E-01 -1.547535245593E-06  3.995520611354E-03 -1.688390183165E-19  8.332222092997E-20  9.394839342206E-20 -7.117323511834E-03
  1.120000000000E+02  1.140000000000E+02  2.085161677544E+01  5.294221195699E-14 -3.530666292204E-02  4.383013348501E+02  6.678998590698E-01  9.426536917539E-01 -5.805872676934E-01 -2.861712818731E-03 -7.003056572646E-01  3.905378793250E+00  3.216376314000E-02 -1.463850593183E-01  1.142212961781E-01 -1.109953381215E-01 -1.274299535302E-03 -2.441271410826E-06  3.918030694169E-08 -8.686466393297E-07  2.946322157648E-01  2.441271513172E-06  4.051302415916E-03 -1.501715744776E-19  7.517391530922E-20  8.902201770597E-20 -6.768024937674E-03
  1.160000000000E+02  1.180000000000E+02  2.092379652075E+01  5.215144469340E-14 -3.430965786626E-02  4.412869705407E+02  6.672425622342E-01  9.348284057062E-01 -5.781753303795E-01 -2.845649311279E-03 -6.831155135450E-01  3.844506380043E+00  3.062679999603E-02 -1.421474964523E-01  1.115206964558E-01 -1.057017050567E-01 -1.193403567158E-03  1.075979989372E-06  1.703606633584E-07  1.984309575677E-07  2.818213801793E-01 -1.075980074543E-06  3.922783442499E-03 -1.354999939314E-19  8.670188289850E-20  8.385061540825E-20 -6.439662232506E-03
  1.200000000000E+02  1.220000000000E+02  2.099252105553E+01  5.058787727550E-14 -3.332594101232E-02  4.441365241700E+02  6.666378431409E-01  9.275524040072E-01 -5.757424194602E-01 -2.833725250026E-03 -6.662018893200E-01  3.788307447067E+00  2.925612150753E-02 -1.383931830240E-01  1.091370615154E-01 -1.004200358477E-01 -1.159735675655E-03  9.102087355934E-06  4.945780123371E-07  2.833506363251E-06  2.687528839793E-01 -9.102087305895E-06  3.606213058907E-03 -1.330082634521E-19  8.824137107308E-20  7.107667140924E-20 -6.127532237450E-03
  1.240000000000E+02  1.260000000000E+02  2.105818489292E+01  4.874164541308E-14 -3.248129848283E-02  4.468660389593E+02  6.660855818125E-01  9.204743200168E-01 -5.733363771527E-01 -2.800694034279E-03 -6.521783634416E-01  3.734380991833E+00  2.786565983686E-02 -1.348561418624E-01  1.069904820270E-01 -9.573337148448E-02 -1.017943069634E-03 -2.299465956395E-06  1.836336301571E-07  4.449992199331E-06  2.575990693649E-01  2.299465844887E-06  3.646584082642E-03 -1.377799519640E-19  9.084780006718E-20  6.904626403764E-20 -5.844134056363E-03
  1.280000000000E+02  1.300000000000E+02  2.112131528488E+01  4.663874278096E-14 -3.149309491217E-02  4.494969241122E+02  6.656446552627E-01  9.140238783024E-01 -5.708864053593E-01 -2.760856017732E-03 -6.355974408174E-01  3.684408522475E+00  2.669612632849E-02 -1.314825640980E-01  1.047864377704E-01 -9.132204666441E-02 -1.086297332969E-03  4.007449490646E-07 -3.288672065965E-07  3.824262000984E-06  2.472762154021E-01 -4.007447603154E-07  3.841876143488E-03 -1.348562994525E-19  9.034890345768E-20  6.648105430390E-20 -5.573709516665E-03
  1.320000000000E+02  1.340000000000E+02  2.118179222132E+01  4.271629541694E-14 -3.056205845791E-02  4.520233097869E+02  6.653658056166E-01  9.081648512216E-01 -5.684606309584E-01 -2.722471918930E-03 -6.195201564581E-01  3.634034407749E+00  2.559313556481E-02 -1.283056186384E-01  1.027124830739E-01 -8.698960120330E-02 -1.096324586825E-03  6.831306450516E-06 -3.835137872153E-07 -1.817337776196E-06  2.361868407798E-01 -6.831306686095E-06  3.634627222002E-03 -1.258655126449E-19  8.671174112207E-20  7.219788097666E-20 -5.302979627180E-03
  1.360000000000E+02  1.380000000000E+02  2.123939563712E+01  3.545122514414E-14 -2.968011052307E-02  4.544356984142E+02  6.652907872264E-01  9.025702629188E-01 -5.660074220789E-01 -2.709656242012E-03 -6.045826915881E-01  3.587505827063E+00  2.449557791048E-02 -1.252903773223E-01  1.007947994125E-01 -8.261097632134E-02 -1.007825245217E-03  2.776727583284E-06 -5.117832054032E-07 -3.287589989062E-06  2.253651226979E-01 -2.776727392960E-06  2.885985388501E-03 -1.430515203827E-19  7.065069113826E-20  5.659120558555E-20 -5.031893035339E-03
  1.400000000000E+02  1.420000000000E+02  2.129447149247E+01  2.530331626374E-14 -2.910372703380E-02  4.567454079982E+02  6.653850482784E-01  8.976696535664E-01 -5.635749480863E-01 -2.720872437300E-03 -5.960164576207E-01  3.542549575543E+00  2.331198677752E-02 -1.223718772391E-01  9.905989046059E-02 -7.846115753905E-02 -6.451407175435E-04  4.563564404610E-06 -7.888886951645E-07  5.812957858931E-06  2.152126494536E-01 -4.563564742741E-06  1.354537837530E-03 -1.362835905676E-19  9.488567809960E-20  4.936325281317E-20 -4.785384973970E-03
  1.440000000000E+02  1.460000000000E+02  2.134699226196E+01  1.909730815326E-14 -2.897917968262E-02  4.589522562069E+02  6.655531812780E-01  8.935277647692E-01 -5.610791194843E-01 -2.713107529910E-03 -5.971484473759E-01  3.501014890916E+00  2.246269084913E-02 -1.196616852050E-01  9.719899435600E-02 -7.473221379883E-02 -3.778980187523E-04  3.124886190079E-06 -1.012298903566E-06  2.908978983319E-06  2.055468853436E-01 -3.124886184443E-06 -1.126614684753E-04 -1.409415512659E-19  8.956537279908E-20  5.264547270806E-20 -4.557297469841E-03
  1.480000000000E+02  1.500000000000E+02  2.139722138775E+01  1.807481407023E-14 -2.915720556693E-02  4.610661154385E+02  6.657476478994E-01  8.895391539669E-01 -5.586311816487E-01 -2.706139449105E-03 -6.042956391085E-01  3.460486372673E+00  2.163408708794E-02 -1.172007545854E-01  9.556666749736E-02 -7.126152962376E-02 -1.971487990332E-04 -1.970255150583E-06 -5.058634882955E-07 -5.519841376402E-06  1.966729840064E-01  1.970255033090E-06 -1.192114768673E-03 -1.452567375839E-19  8.511175430310E-20  4.368957610433E-20 -4.353379580914E-03
  1.520000000000E+02  1.540000000000E+02  2.144531376582E+01  1.639036170603E-14 -2.958111708734E-02  4.630922027346E+02  6.659940401325E-01  8.858987819829E-01 -5.560875260763E-01 -2.687215936106E-03 -6.164062340026E-01  3.422262198311E+00  2.072941221236E-02 -1.148763166319E-01  9.414690441973E-02 -6.805321563384E-02 -3.092981393723E-05  8.330942556548E-06  7.790645053956E-07 -2.756027480438E-06  1.883914086566E-01 -8.330942574306E-06 -2.157354287866E-03 -1.664552928574E-19  7.979378789203E-20  5.389388862475E-20 -4.162516282417E-03
  1.560000000000E+02  1.580000000000E+02  2.149144773518E+01  1.540577734827E-14 -3.022319855220E-02  4.650392204730E+02  6.663607554259E-01  8.822526251447E-01 -5.536124624962E-01 -2.682959651203E-03 -6.327906357722E-01  3.387131363245E+00  2.013647166602E-02 -1.127391133319E-01  9.260264166553E-02 -6.516697425351E-02  2.271479176064E-04  6.727187368222E-07  1.035752862140E-06 -1.046411320299E-06  1.810587747019E-01 -6.727187957996E-07 -2.888307394725E-03 -1.483285406598E-19  8.777360837039E-20  4.275914099461E-20 -3.987914036049E-03
  1.600000000000E+02  1.620000000000E+02  2.153585888140E+01  1.787016090840E-14 -3.101315882849E-02  4.669162291073E+02  6.669013832573E-01  8.784723214968E-01 -5.510704180754E-01 -2.648209863426E-03 -6.523918697821E-01  3.352213017958E+00  1.941837012943E-02 -1.105906236204E-01  9.117225349124E-02 -6.246124912686E-02  4.510228580521E-04 -8.027295416581E-06  7.129774855840E-07 -4.529528883760E-06  1.740170368839E-01  8.027295456079E-06 -3.348468509456E-03 -1.371611948569E-19  9.222950073178E-20  5.127605633657E-20 -3.822731889749E-03
  1.640000000000E+02  1.660000000000E+02  2.157844265270E+01  2.083899754688E-14 -3.191074191437E-02  4.687184325443E+02  6.676263227839E-01  8.746053605509E-01 -5.485630615684E-01 -2.632344252618E-03 -6.743710144500E-01  3.317136205803E+00  1.869593021973E-02 -1.085036382453E-01  8.980770802502E-02 -5.980393954122E-02  5.864497596011E-04  3.673216602790E-06  1.098886382432E-06 -5.526415615355E-06  1.672216867734E-01 -3.673216608281E-06 -3.928351605999E-03 -1.475077946958E-19  9.337053910747E-20  3.821682685593E-20 -3.667391984742E-03
  1.680000000000E+02  1.700000000000E+02  2.161948966661E+01  2.305076206408E-14 -3.298587099548E-02  4.704575237489E+02  6.685341654018E-01  8.710599147066E-01 -5.460096729745E-01 -2.600860499676E-03 -6.998850674020E-01  3.282215939149E+00  1.809860984660E-02 -1.063525247541E-01  8.825391490728E-02 -5.751295182651E-02  8.101424143615E-04 -2.834266134915E-06  9.929846251481E-07 -5.691311132310E-06  1.610048864252E-01  2.834266166497E-06 -4.457977738767E-03 -1.328716390215E-19  8.530250995823E-20  1.895876523086E-20 -3.519981171403E-03
  1.720000000000E+02  1.740000000000E+02  2.165896822026E+01  2.600223526801E-14 -3.413171148893E-02  4.721323362235E+02  6.695265552528E-01  8.682305790070E-01 -5.434891113464E-01 -2.569315680468E-03 -7.270329547595E-01  3.250740665638E+00  1.734526374230E-02 -1.043023116871E-01  8.695704794465E-02 -5.514045894729E-02  8.735693497602E-04 -1.250267245615E-05  4.223750307818E-07 -2.597875724653E-06  1.552598679755E-01  1.250267244528E-05 -4.732513778678E-03 -1.127118146249E-19  7.804663465027E-20  1.641564650507E-20 -3.381385877964E-03
  1.760000000000E+02  1.780000000000E+02  2.169710550046E+01  2.784599339667E-14 -3.534918046456E-02  4.737520244517E+02  6.705338851689E-01  8.656460431291E-01 -5.408485971657E-01 -2.519928190738E-03 -7.558852334253E-01  3.223004455879E+00  1.673304388433E-02 -1.026872133013E-01  8.595416941707E-02 -5.319049315805E-02  8.597733637980E-04 -9.504379416864E-06  6.604481181544E-07  2.887901837264E-06  1.502415696074E-01  9.504379457564E-06 -4.451009496017E-03 -1.379939117033E-19  7.338172829347E-20  2.709251395452E-20 -3.262134438930E-03
  1.800000000000E+02  1.820000000000E+02  2.173408326580E+01  2.907558727926E-14 -3.634972733316E-02  4.753243920154E+02  6.715520955862E-01  8.633538048102E-01 -5.383381759437E-01 -2.496957784958E-03 -7.795712823258E-01  3.196679707000E+00  1.608690929161E-02 -1.009388974454E-01  8.485198815414E-02 -5.126065887789E-02  7.637607188009E-04  3.228459317380E-06  1.195675681532E-06  4.045770809892E-06  1.463270750681E-01 -3.228459359202E-06 -4.296662023768E-03 -1.374674773795E-19  7.927908926177E-20  2.244904819630E-20 -3.164169912722E-03
  1.840000000000E+02  1.860000000000E+02  2.177029808834E+01  3.249420862230E-14 -3.749392484216E-02  4.768654373145E+02  6.725476521198E-01  8.610292362552E-01 -5.356254655718E-01 -2.462784977326E-03 -8.054754914478E-01  3.168594998789E+00  1.537691823774E-02 -9.908501619832E-02  8.370809796036E-02 -4.995713648577E-02  8.941156746132E-04 -4.255878722503E-07  1.003738980501E-06 -8.357088773518E-07  1.424114374727E-01  4.255878809523E-07 -4.350909837184E-03 -1.361319709172E-19  9.922011141535E-20  2.118481300953E-20 -3.072445441046E-03
  1.880000000000E+02  1.900000000000E+02  2.180531044519E+01  3.568660944733E-14 -3.853874442684E-02  4.783579845436E+02  6.734641317699E-01  8.594555777661E-01 -5.331212110138E-01 -2.446424595550E-03 -8.288527378089E-01  3.143479887027E+00  1.500325616355E-02 -9.757990412042E-02  8.257664795713E-02 -4.834206307986E-02  9.378567489742E-04 -8.143827039945E-06  6.652602658580E-07 -3.668881587256E-07  1.383487536802E-01  8.143827001847E-06 -3.990323358833E-03 -1.231771172842E-19  8.396530228974E-20  1.439233157505E-20 -2.976325749438E-03
  1.920000000000E+02  1.940000000000E+02  2.183946816674E+01  3.683691629363E-14 -3.949131380504E-02  4.798154698789E+02  6.743137367009E-01  8.581592353563E-01 -5.303679104242E-01 -2.419982267019E-03 -8.500226091400E-01  3.117492891868E+00  1.449489287429E-02 -9.590930959350E-02  8.141441671822E-02 -4.690754750077E-02  8.790023661439E-04 -8.313827406567E-06  8.372187760849E-07 -2.428796259501E-06  1.348979107242E-01  8.313827433065E-06 -3.757847065794E-03 -1.045255767893E-19  7.228398265969E-20  2.034823279232E-21 -2.891543306632E-03
  1.960000000000E+02  1.980000000000E+02  2.187275335618E+01  3.852018944341E-14 -4.041333097469E-02  4.812384705616E+02  6.751436206900E-01  8.576669565346E-01 -5.278508406707E-01 -2.400892393064E-03 -8.703377179044E-01  3.096111145291E+00  1.411522432585E-02 -9.457997506590E-02  8.046475074016E-02 -4.561680534093E-02  6.373478341443E-04 -1.079179376071E-06  1.069902239116E-06 -5.693057601985E-06  1.324813760181E-01  1.079179397625E-06 -3.405369915654E-03 -1.043878304817E-19  7.138018945458E-20  7.259026442798E-21 -2.815457924353E-03
  2.000000000000E+02  2.020600000000E+02  2.190570462920E+01  4.056200799864E-14 -4.119803483536E-02  4.826477095095E+02  6.757586057778E-01  8.566445550718E-01 -5.250852267733E-01 -2.374132686048E-03 -8.881587143239E-01  3.077325970398E+00  1.325457158807E-02 -9.191297744392E-02  7.865840585595E-02 -4.476204616245E-02  9.539911212039E-04  1.569592698177E-06  1.503613813737E-06 -2.559215465797E-06  1.281787391004E-01 -1.569592612644E-06 -3.630332382098E-03 -1.323204254370E-19  8.187241120804E-20 -1.342414165268E-20 -2.771948116018E-03
  2.041200000000E+02  2.062418000000E+02  2.193876687329E+01  4.058754692291E-14 -4.227961983312E-02  4.840647027660E+02  6.763144990078E-01  8.561924056728E-01 -5.223446280463E-01 -2.364049445296E-03 -9.127955492737E-01  3.060324704878E+00  1.225878931232E-02 -8.918653664592E-02  7.692774733288E-02 -4.390563055591E-02  1.077603147332E-03  5.310272469578E-06  2.128046558714E-06 -5.744483147546E-08  1.247311436150E-01 -5.310272592879E-06 -4.360716141248E-03 -1.017048149284E-19  7.206907825694E-20 -7.551219572770E-21 -2.716782482911E-03
  2.083636000000E+02  2.105490540000E+02  2.197188867192E+01  3.963421822546E-14 -4.350437930114E-02  4.854847448911E+02  6.767433576947E-01  8.552106411019E-01 -5.194053493283E-01 -2.328239721869E-03 -9.411639380569E-01  3.042165716937E+00  1.121460547775E-02 -8.628693278539E-02  7.507232730730E-02 -4.312434475587E-02  1.218192797286E-03  1.737303578929E-06  2.147663320241E-06 -3.907765328633E-06  1.215292456967E-01 -1.737303294500E-06 -4.846492827033E-03 -1.186615219353E-19  7.985666968887E-20 -8.807763995043E-21 -2.675142145570E-03
  2.127345080000E+02  2.149855256200E+02  2.200517724968E+01  3.946842845089E-14 -4.494145563061E-02  4.869144756507E+02  6.770349348033E-01  8.544410496156E-01 -5.164714038975E-01 -2.312384473846E-03 -9.745622353335E-01  3.026256197761E+00  1.014701974000E-02 -8.336030315589E-02  7.321328341553E-02 -4.247002467021E-02  1.400816371581E-03 -1.458875348774E-06  1.771982938176E-06 -5.076424427791E-06  1.183800218341E-01  1.458875148749E-06 -5.515595630891E-03 -1.057326944295E-19  7.953406833915E-20 -1.407808172468E-20 -2.627914005634E-03
  2.172365432400E+02  2.195550913886E+02  2.203848857661E+01  4.083780569387E-14 -4.663109947241E-02  4.883465439337E+02  6.772460120285E-01  8.536435603317E-01 -5.134115345649E-01 -2.264077961998E-03 -1.013825545151E+00  3.012570479373E+00  8.901955515790E-03 -8.034778246366E-02  7.144582694786E-02 -4.169213196243E-02  1.558192389705E-03  4.620377746474E-07  1.660731376326E-06 -2.031713036032E-07  1.153058620872E-01 -4.620377054405E-07 -6.132174843420E-03 -1.139852351768E-19  6.785006027653E-20 -1.470930154599E-20 -2.584902423035E-03
  2.218736395372E+02  2.242617441303E+02  2.207199323619E+01  4.089757707298E-14 -4.850030923821E-02  4.897878381036E+02  6.774307970452E-01  8.527871394812E-01 -5.102441471403E-01 -2.236494643942E-03 -1.056793885312E+00  2.997302847674E+00  7.633706375062E-03 -7.714364504177E-02  6.950993866682E-02 -4.109243074077E-02  1.723806015946E-03  6.501649872863E-06  1.823480056876E-06  2.669499841055E-06  1.130542810599E-01 -6.501649991414E-06 -5.789025219080E-03 -1.084167457547E-19  6.176304515675E-20 -3.700737128231E-21 -2.553919693091E-03
  2.266498487233E+02  2.291095964542E+02  2.210598481635E+01  3.818708606165E-14 -5.008293692834E-02  4.912523007299E+02  6.775248315462E-01  8.519683789162E-01 -5.069453614117E-01 -2.154190799242E-03 -1.093570125476E+00  2.983705373865E+00  6.358736401289E-03 -7.385878256121E-02  6.750004615928E-02 -4.068508217283E-02  1.541583912710E-03  4.755475199943E-06  1.657222313751E-06  1.680740207614E-06  1.118105111913E-01 -4.755475126573E-06 -5.529015195453E-03 -1.114258762235E-19  6.465387689492E-20 -1.985915562494E-21 -2.535061395368E-03
  2.315693441850E+02  2.341028843478E+02  2.214075610900E+01  3.545143061852E-14 -5.190288478704E-02  4.927520970486E+02  6.774759092690E-01  8.510763053889E-01 -5.035438842387E-01 -2.145059197740E-03 -1.136264773790E+00  2.973161249834E+00  5.206755743834E-03 -7.060706318499E-02  6.540030744168E-02 -4.049529031399E-02  1.612163702972E-03  3.533076131269E-06  9.622230709113E-07 -1.490926103342E-07  1.106543334562E-01 -3.533076192172E-06 -5.564483816856E-03 -1.236958859276E-19  7.004403866856E-20 -1.819832212184E-20 -2.522073462922E-03
  2.366364245106E+02  2.392459708782E+02  2.217607350849E+01  3.353215112262E-14 -5.361333126758E-02  4.942758206950E+02  6.772398281593E-01  8.501873362021E-01 -5.000205073926E-01 -2.049188764788E-03 -1.176831636920E+00  2.961023174688E+00  3.968918544653E-03 -6.738863426531E-02  6.341971572057E-02 -4.015506878803E-02  1.548769824358E-03  4.691892848164E-06  4.837642495238E-08  5.657560569797E-08  1.091491484612E-01 -4.691892897091E-06 -5.427889879739E-03 -9.610646348025E-20  7.435825567075E-20 -3.441525664025E-20 -2.501170475204E-03
  2.418555172459E+02  2.445433500046E+02  2.221195171619E+01  3.237630050667E-14 -5.544372758709E-02  4.958264859195E+02  6.767323077220E-01  8.496137543217E-01 -4.964019632704E-01 -2.032248159350E-03 -1.220351490302E+00  2.951945776989E+00  2.657505181944E-03 -6.410961471347E-02  6.145210953155E-02 -3.989077645097E-02  1.587009695130E-03  1.384874431963E-06 -7.124817985798E-07  4.880213743120E-07  1.065719255102E-01 -1.384874477886E-06 -5.708838233005E-03 -1.207873154781E-19  6.127473288425E-20 -2.252170293880E-20 -2.469546896355E-03
  2.472311827633E+02  2.499996505047E+02  2.224767238603E+01  3.087381211508E-14 -5.744420303950E-02  4.973721479688E+02  6.759262112676E-01  8.491878264071E-01 -4.926932411194E-01 -1.921488411103E-03 -1.268407484140E+00  2.944636602075E+00  1.370696413713E-03 -6.058736284357E-02  5.921666643006E-02 -3.929277699899E-02  1.659033753012E-03  7.921473081066E-07 -1.225702170060E-06 -1.269601724917E-06  1.054571132143E-01 -7.921472908860E-07 -6.093649825116E-03 -1.130141620519E-19  6.602700679910E-20 -3.036792135960E-20 -2.470076146314E-03
  2.527681182462E+02  2.556196400198E+02  2.228493005657E+01  2.817598238058E-14 -5.966979785247E-02  4.989871173430E+02  6.748797522578E-01  8.490691359975E-01 -4.888178147308E-01 -1.869333014253E-03 -1.321895652255E+00  2.936866270302E+00  1.271856830236E-04 -5.708722048542E-02  5.696003480199E-02 -3.969621142822E-02  1.915152270676E-03  2.375611714544E-06 -1.310118311493E-06 -1.643427899468E-07  1.046922480965E-01 -2.375611778408E-06 -6.628512412652E-03 -1.086048447718E-19  7.447626427899E-20 -2.237591198125E-20 -2.462765192615E-03
  2.584711617935E+02  2.614082292204E+02  2.232229805010E+01  2.560327167292E-14 -6.218465009783E-02  5.006092016912E+02  6.736677300239E-01  8.499850396441E-01 -4.849116917204E-01 -1.777590341660E-03 -1.381915999180E+00  2.930570779357E+00 -1.155674701447E-03 -5.364636373093E-02  5.480203843246E-02 -3.925921585775E-02  2.128752060873E-03  5.621184548417E-06 -8.093987033273E-07  8.630748769007E-07  1.035043814413E-01 -5.621184536278E-06 -6.987783459031E-03 -1.146921491504E-19  6.392110234693E-20 -2.795094052000E-20 -2.461472439991E-03
  2.643452966473E+02  2.673704760971E+02  2.236094041547E+01  2.465186644951E-14 -6.480990748714E-02  5.022917849201E+02  6.722389918077E-01  8.513876598896E-01 -4.808201128625E-01 -1.646925493549E-03 -1.445105514323E+00  2.927310347662E+00 -2.397876370944E-03 -4.991462553864E-02  5.231250190918E-02 -3.961945502700E-02  2.117878383719E-03  2.880321076369E-06 -4.108944016399E-07 -6.660977570093E-07  1.035639897511E-01 -2.880321106898E-06 -7.098726598710E-03 -1.107197133915E-19  5.889394850643E-20 -2.039455159074E-20 -2.488729359059E-03
  2.703956555468E+02  2.735115903800E+02  2.240062470959E+01  2.612797008553E-14 -6.756437201647E-02  5.040247433134E+02  6.705847600263E-01  8.532424344689E-01 -4.766272815693E-01 -1.533066823654E-03 -1.511359023879E+00  2.927659537508E+00 -3.537456922821E-03 -4.633521900467E-02  4.987267592709E-02 -3.995338091210E-02  2.201808199366E-03  4.364530354985E-07 -5.527033576329E-08 -5.624229372926E-08  1.030986180465E-01 -4.364529994096E-07 -7.557131395989E-03 -1.076184535336E-19  5.982354012749E-20 -2.634998283315E-20 -2.497815543274E-03
  2.766275252132E+02  2.798369380914E+02  2.244123426657E+01  2.870415569730E-14 -7.069368347453E-02  5.058027565196E+02  6.687605810673E-01  8.553772509666E-01 -4.723082074529E-01 -1.371365547592E-03 -1.585816788610E+00  2.927652165151E+00 -4.782382675556E-03 -4.270863299579E-02  4.749101567128E-02 -4.003755572406E-02  2.350845617165E-03 -1.503773640792E-06  4.713530498036E-07 -2.263725610369E-07  1.026711776349E-01  1.503773666205E-06 -7.811819624156E-03 -7.427136983787E-20  7.308641007860E-20 -3.410016573131E-20 -2.506359804589E-03
  2.830463509696E+02  2.863520462341E+02  2.248297991739E+01  3.061726718510E-14 -7.381803396577E-02  5.076356757096E+02  6.668471744324E-01  8.575993811125E-01 -4.678937226234E-01 -1.254482893877E-03 -1.660195674353E+00  2.932203571637E+00 -6.082822288385E-03 -3.905226396083E-02  4.513508624886E-02 -4.027185713728E-02  2.248074541185E-03 -1.733455993133E-06  7.880285635953E-07 -2.222644348232E-06  1.021936314415E-01  1.733455992804E-06 -7.373770259702E-03 -1.000725110255E-19  7.496947918820E-20 -2.366025474450E-20 -2.521578098838E-03
  2.896577414987E+02  2.930626076211E+02  2.252566627041E+01  3.208957578826E-14 -7.677578154134E-02  5.095152345574E+02  6.648609760909E-01  8.584529384516E-01 -4.632796009532E-01 -1.102634125448E-03 -1.730085379472E+00  2.938593154191E+00 -7.447656573345E-03 -3.528574120019E-02  4.273339777335E-02 -4.045208924786E-02  2.334321970981E-03 -2.242196756737E-06  1.165291165413E-06 -5.746288304027E-09  1.017511795946E-01  2.242196784664E-06 -6.663512730215E-03 -9.039279199948E-20  5.402860755624E-20 -2.466776974167E-20 -2.533567734090E-03
  2.964674737436E+02  2.999744858498E+02  2.256958086919E+01  3.246891051740E-14 -7.947680380304E-02  5.114522453114E+02  6.628281739704E-01  8.591500957166E-01 -4.585811614678E-01 -8.768216219249E-04 -1.794755084921E+00  2.943319116580E+00 -8.741593320662E-03 -3.147470932322E-02  4.021630264450E-02 -4.074017914097E-02  2.310231000835E-03 -1.198206042811E-06  1.529374261828E-06  2.274551790064E-06  1.019736725717E-01  1.198206079425E-06 -5.445826770465E-03 -7.815128861613E-20  6.849210694497E-20 -1.417991356777E-20 -2.565238415578E-03
  3.034814979559E+02  3.070937204253E+02  2.261508146162E+01  3.190325781333E-14 -8.153648130637E-02  5.134649369287E+02  6.606597103645E-01  8.603097164107E-01 -4.537205186105E-01 -7.147248336134E-04 -1.845505905395E+00  2.950825287982E+00 -9.986880967054E-03 -2.758224219089E-02  3.756912315807E-02 -4.129339626059E-02  1.862285750782E-03 -2.097568198490E-06  1.664821036142E-06  3.076489627663E-06  1.021567416127E-01  2.097568202834E-06 -4.196701427259E-03 -6.737994611841E-20  6.079332468918E-20 -8.991908635129E-21 -2.597561920556E-03
  3.107059428946E+02  3.144265320380E+02  2.266185689482E+01  3.039398651742E-14 -8.325071858612E-02  5.155385067789E+02  6.581706730927E-01  8.600127103934E-01 -4.486881855061E-01 -6.049596364949E-04 -1.888663878217E+00  2.963663237979E+00 -1.119587499569E-02 -2.367083248902E-02  3.486670748470E-02 -4.188685471813E-02  1.772997341456E-03 -2.100192715757E-06  1.662235073653E-06  3.208840404193E-06  1.022577087059E-01  2.100192729867E-06 -3.985192064342E-03 -6.617800713733E-20  5.379603637176E-20 -1.349363447853E-20 -2.634307221901E-03
  3.181471211814E+02  3.219793279992E+02  2.271021509635E+01  2.884069487859E-14 -8.524330421861E-02  5.176894256683E+02  6.553581526597E-01  8.600037661274E-01 -4.435892335347E-01 -3.543768641623E-04 -1.937610633796E+00  2.978512539148E+00 -1.251133227245E-02 -1.983011934227E-02  3.234145161454E-02 -4.249394420989E-02  1.790469564864E-03  1.088691624173E-06  2.011923311692E-06  2.552810989506E-06  1.030779666461E-01 -1.088691576322E-06 -4.310752127990E-03 -6.834135662927E-20  6.421353520028E-20 -1.670740316704E-20 -2.683355142283E-03
  3.258115348169E+02  3.297587078391E+02  2.276062221575E+01  2.932791292806E-14 -8.739812670735E-02  5.199378650792E+02  6.521771164134E-01  8.594595399070E-01 -4.383318237058E-01 -1.558964891647E-04 -1.991604547396E+00  2.993339048584E+00 -1.370182502401E-02 -1.586950830964E-02  2.957133333357E-02 -4.327981871242E-02  1.855858524817E-03  2.947569596661E-06  2.682599130113E-06  3.727655080204E-06  1.039179329000E-01 -2.947569613440E-06 -3.114354953646E-03 -6.974776549397E-20  5.441350401949E-20 -1.764853951583E-20 -2.725210259478E-03
  3.337058808614E+02  3.377714690743E+02  2.281277552945E+01  2.978227459210E-14 -8.833258535095E-02  5.222726138158E+02  6.485011274373E-01  8.605066411980E-01 -4.328628135409E-01  1.276678472846E-04 -2.016691191000E+00  3.011201009382E+00 -1.471906775111E-02 -1.214405754267E-02  2.686312529400E-02 -4.381667683825E-02  1.234229056615E-03  2.024365199865E-06  2.846330820588E-06  2.965126491692E-06  1.038949134656E-01 -2.024365186588E-06 -1.175498564757E-03 -5.024542690627E-20  5.684788088707E-20 -2.139452429410E-20 -2.745896029165E-03
  3.418370572872E+02  3.460246131465E+02  2.286623287876E+01  2.812713184470E-14 -8.859924426354E-02  5.246720991895E+02  6.443374683460E-01  8.604610468088E-01 -4.272020833162E-01  3.535227459873E-04 -2.028261030593E+00  3.033904684038E+00 -1.604342593624E-02 -8.322574962255E-03  2.436600089818E-02 -4.415546146467E-02  8.564018488606E-04  3.927116357543E-06  2.387152365886E-06  3.380728708506E-06  1.047282946054E-01 -3.927116356430E-06 -2.898214910172E-04 -6.373522085558E-20  5.534670263045E-20 -2.313965876992E-22 -2.801461948397E-03
  3.502121690058E+02  3.545253515409E+02  2.292241495739E+01  2.577905857531E-14 -8.862905073202E-02  5.272011558089E+02  6.397616840594E-01  8.583219393404E-01 -4.214571265772E-01  6.991653929256E-04 -2.035310618069E+00  3.060387076972E+00 -1.712169065869E-02 -4.425796889688E-03  2.154748754873E-02 -4.559732186787E-02  6.573703878191E-04  4.125098506052E-06  1.868707877891E-06  4.632393684712E-06  1.060860627948E-01 -4.125098512094E-06  2.912407954646E-04 -7.267238341154E-20  4.838542091866E-20  9.973838232303E-21 -2.881856413628E-03
  3.588385340760E+02  3.632811120872E+02  2.298061784499E+01  2.386842373053E-14 -8.827777464913E-02  5.298320571320E+02  6.347630106280E-01  8.562143060956E-01 -4.154770932853E-01  9.371263751356E-04 -2.035173683010E+00  3.089185989350E+00 -1.812625667984E-02 -4.906803742947E-04  1.861693705378E-02 -4.652113855777E-02  3.766755982538E-04  1.660298106925E-06  1.682353959843E-06  3.601792983784E-06  1.076237206795E-01 -1.660298084172E-06  1.314770748197E-03 -4.920647549502E-20  4.778599918226E-20 -9.601878210928E-22 -2.952713571722E-03
  3.677236900983E+02  3.722995454498E+02  2.304194501030E+01  2.228658157905E-14 -8.716683450089E-02  5.326119084448E+02  6.294120888779E-01  8.529772763418E-01 -4.093305517740E-01  1.304918748795E-03 -2.017345292482E+00  3.117977398984E+00 -1.908273082819E-02  3.272376505153E-03  1.581035432322E-02 -4.803545769352E-02 -8.091471213326E-05  2.117591411515E-07  1.282885954114E-06  2.109143074680E-06  1.087423800875E-01 -2.117591609615E-07  2.292602528542E-03 -5.605936771259E-20  4.161595395994E-20  2.813956974442E-21 -3.020455813190E-03
  3.768754008012E+02  3.815885318133E+02  2.310502366812E+01  2.143952579127E-14 -8.565311083440E-02  5.354827502202E+02  6.237069345571E-01  8.501471793383E-01 -4.031293682097E-01  1.568748184384E-03 -1.991074241561E+00  3.147616590789E+00 -2.007803749269E-02  7.049920366343E-03  1.302811712633E-02 -4.863203223458E-02 -3.630922640588E-04  2.176382641093E-06  1.335992237548E-06  1.839671378030E-06  1.086320836337E-01 -2.176382638112E-06  3.244673778922E-03 -5.188345887646E-20  4.463162315527E-20 -6.570196171640E-21 -3.067598009995E-03
  3.863016628253E+02  3.911561877677E+02  2.316995140026E+01  2.300803659284E-14 -8.334264367857E-02  5.384512780994E+02  6.172996552336E-01  8.457301037925E-01 -3.966000904916E-01  1.885924234918E-03 -1.946150439958E+00  3.181821671445E+00 -2.093839984407E-02  1.077589352372E-02  1.016250632006E-02 -4.963620471554E-02 -6.066643458838E-04  2.267468259321E-06  2.248956766347E-06  4.215934359213E-06  1.088550445134E-01 -2.267468233357E-06  3.309105212261E-03 -3.506499734025E-20  1.397052928021E-20  1.802708426674E-20 -3.128349647287E-03
  3.960107127100E+02  4.010108734007E+02  2.323713420197E+01  2.456624414888E-14 -8.163644298369E-02  5.415343723042E+02  6.096955322161E-01  8.397057450046E-01 -3.901528978580E-01  2.073224556105E-03 -1.915291795735E+00  3.212730184913E+00 -2.196508608288E-02  1.434247902871E-02  7.622607053893E-03 -5.024692837731E-02 -1.875012462953E-04  8.951939475812E-07  3.044969697442E-06  7.378107808835E-06  1.082894903786E-01 -8.951939123233E-07  2.155038695570E-03 -3.213362251868E-20  3.417968466816E-20  1.487126962423E-20 -3.144336152686E-03
  4.060110340913E+02  4.111611996027E+02  2.330530505405E+01  2.183878497602E-14 -8.066385718197E-02  5.446713747522E+02  6.010129527126E-01  8.322574093266E-01 -3.831170720154E-01  2.336785759697E-03 -1.900670744072E+00  3.247066150830E+00 -2.315065824346E-02  1.796530116653E-02  5.185357076923E-03 -5.043097354257E-02  1.653272938466E-04  2.745947290264E-06  3.436007358671E-06  6.970537165496E-06  1.079223376163E-01 -2.745947336187E-06  5.922634035511E-04 -2.968387568789E-20  2.917123245523E-20  4.802672007777E-21 -3.154812164824E-03
  4.163113651141E+02  4.216160355908E+02  2.337607061639E+01  1.732525335580E-14 -8.089370726164E-02  5.479382055777E+02  5.916580656850E-01  8.246463042790E-01 -3.762609245597E-01  2.488715903958E-03 -1.912782744214E+00  3.288135187878E+00 -2.393666938550E-02  2.142048003511E-02  2.516189350135E-03 -5.069940201021E-02  6.880700452934E-04  1.881721641975E-06  3.372990399587E-06  6.758485471340E-06  1.079728387117E-01 -1.881721653514E-06  5.115741712766E-04 -5.925306869985E-20  2.001279361400E-20  3.878672507148E-20 -3.192860325072E-03
  4.269207060675E+02  4.323845166585E+02  2.344848080132E+01  1.391806620764E-14 -7.998400843348E-02  5.512932689458E+02  5.816554320279E-01  8.145171606980E-01 -3.688486178039E-01  2.816001419914E-03 -1.899912964746E+00  3.327355492001E+00 -2.473026569070E-02  2.475085223510E-02 -2.058654487329E-05 -5.142316414961E-02  3.224861192574E-04  1.470357836212E-06  3.074059642854E-06  5.524495790592E-06  1.062259438566E-01 -1.470357885357E-06  2.126905359639E-03 -3.387977302309E-20  2.743686030499E-20  3.327611343154E-20 -3.206516260152E-03
  4.378483272495E+02  4.434760521583E+02  2.352117461504E+01  9.821151993513E-15 -7.795898238717E-02  5.546735833403E+02  5.707087363650E-01  8.027184569580E-01 -3.615723816705E-01  2.929040804961E-03 -1.858827813477E+00  3.368572797498E+00 -2.542239257548E-02  2.785856807765E-02 -2.436175501686E-03 -5.109436550739E-02 -7.330884686639E-05 -1.944741214474E-06  2.821140400835E-06  4.142920658373E-06  1.056447808486E-01  1.944741233193E-06  3.991772436070E-03 -5.373670902020E-20  3.632197959554E-20  5.812123533569E-20 -3.210965927591E-03
  4.491037770670E+02  4.549003337230E+02  2.359713251060E+01  4.557526954209E-15 -7.432653514124E-02  5.582198280357E+02  5.592309146633E-01  7.895661727460E-01 -3.537258316777E-01  3.057062759741E-03 -1.780408460873E+00  3.410631581994E+00 -2.613589885008E-02  3.076874431311E-02 -4.632845462725E-03 -5.154214483327E-02 -9.828277613185E-04 -3.559114492032E-06  2.619084962631E-06  2.969440124953E-06  1.043560264378E-01  3.559114416869E-06  6.143054382117E-03 -3.993885113786E-20  2.469081841161E-20  4.259404854840E-20 -3.193982059680E-03
  4.606968903790E+02  4.666673437347E+02  2.367240658724E+01  1.807848142021E-15 -6.904996920485E-02  5.617452112926E+02  5.475021274558E-01  7.770114824739E-01 -3.459345167998E-01  3.156086304859E-03 -1.663600463415E+00  3.453932957199E+00 -2.685080376469E-02  3.363910255326E-02 -6.788298788471E-03 -5.078695903794E-02 -1.498686901913E-03 -2.374324502989E-06  2.617390573321E-06  1.797961335954E-06  1.018220958389E-01  2.374324483734E-06  6.143515669138E-03 -3.690743952364E-20  2.983864865710E-20  5.041488834237E-20 -3.171850934468E-03
  4.726377970904E+02  4.787873640468E+02  2.374912361521E+01  3.713554203727E-15 -6.517847346929E-02  5.653504644167E+02  5.351144198006E-01  7.641320170880E-01 -3.377101467806E-01  3.070520389641E-03 -1.575178920489E+00  3.501939361679E+00 -2.768063164037E-02  3.670090213604E-02 -9.020270496011E-03 -5.074736671031E-02 -6.864457623494E-04  2.238551087904E-07  2.840427548844E-06  1.115790159353E-06  9.990122781725E-02 -2.238550938692E-07  4.097221916556E-03 -9.579114420761E-21  2.654180189902E-20  5.518890287525E-20 -3.162353901601E-03
  4.849369310031E+02  4.912709849682E+02  2.382599434411E+01  8.801938055728E-15 -6.276766131252E-02  5.689750199038E+02  5.222954226837E-01  7.482308952192E-01 -3.293461633728E-01  3.032886421527E-03 -1.519836022641E+00  3.562541509268E+00 -2.830108873398E-02  3.958864174395E-02 -1.128755301012E-02 -5.058753025652E-02  9.954092045396E-05 -5.305772584917E-07  2.551807649307E-06  1.145920241821E-06  9.907516714105E-02  5.305772848906E-07  3.316300521525E-03 -2.893761606919E-20  8.793001431051E-21  6.137872460609E-20 -3.173423956706E-03
  4.976050389332E+02  5.041291145172E+02  2.390599507043E+01  1.723355009045E-14 -5.993925568268E-02  5.727652393662E+02  5.090419627123E-01  7.314549585830E-01 -3.207184541386E-01  2.959440741177E-03 -1.455572424887E+00  3.616106898679E+00 -2.867233187771E-02  4.189496523585E-02 -1.322263335827E-02 -5.078425943701E-02  1.283437168367E-04 -8.006406310321E-07  1.416990131679E-06 -1.219776609863E-06  9.681780916791E-02  8.006406661396E-07  1.767395519241E-03  3.641370354311E-21  2.142536171824E-20  6.078099393881E-20 -3.135268144322E-03
  5.106531901012E+02  5.173729879527E+02  2.398389939778E+01  2.358658125583E-14 -5.989974630649E-02  5.764684434472E+02  4.950729276508E-01  7.150797018380E-01 -3.118324787787E-01  2.743250316923E-03 -1.456716845427E+00  3.666351859054E+00 -2.934507259543E-02  4.414808939111E-02 -1.480301679546E-02 -4.945061014699E-02  8.351506184212E-04 -1.516287723960E-06  7.229146543615E-07 -1.757097160777E-06  9.318299511134E-02  1.516287757910E-06  1.930555156001E-04 -3.876450717476E-20  2.262576260072E-20  7.026013027365E-20 -3.066060481506E-03
  5.240927858042E+02  5.310141775913E+02  2.406253864524E+01  2.400596402797E-14 -5.961795073191E-02  5.802195816615E+02  4.810414593036E-01  6.962522880876E-01 -3.029210928601E-01  2.661593822014E-03 -1.454371008089E+00  3.720377181867E+00 -2.970827380232E-02  4.639986684777E-02 -1.669159304541E-02 -4.869490979648E-02  5.793748879323E-04 -1.496256350451E-06  7.171789100798E-07 -3.304830997595E-06  9.079024018559E-02  1.496256352436E-06  5.028582234766E-05 -2.676883412775E-22  1.680749102207E-20  6.418990925197E-20 -3.027430882747E-03
  5.379355693784E+02  5.450646029190E+02  2.414102064398E+01  2.370730743878E-14 -5.980280889326E-02  5.839760486784E+02  4.674755234767E-01  6.782044481836E-01 -2.935710354200E-01  2.547902890889E-03 -1.460115885511E+00  3.777192253125E+00 -2.975389626058E-02  4.852244651982E-02 -1.876855025913E-02 -4.835231528513E-02  7.020449487752E-04 -1.852272036555E-06  3.226176071398E-07 -2.157411831791E-06  8.964304166411E-02  1.852272048040E-06  7.897734596635E-04 -2.638522737154E-20  1.096468456235E-20  6.394102051200E-20 -3.032202101484E-03
  5.521936364597E+02  5.595365410066E+02  2.422233089693E+01  2.654316377605E-14 -5.820624001059E-02  5.878748481905E+02  4.545287292899E-01  6.580975721611E-01 -2.840875206079E-01  2.266553219682E-03 -1.424555216913E+00  3.847780459183E+00 -2.980406234351E-02  5.028695020953E-02 -2.048288786598E-02 -4.889467087715E-02  2.460227098490E-05  1.298345568009E-06 -5.987360100878E-07  2.510412390744E-06  8.877878413464E-02 -1.298345568317E-06  5.444062681137E-04 -2.471544509272E-20  2.476388139504E-20  7.354624002643E-20 -3.053202370753E-03
  5.668794455535E+02  5.743794455535E+02  2.430399895492E+01  3.012273295744E-14 -5.880260751542E-02  5.918003804309E+02  4.422404152976E-01  6.311248975826E-01 -2.739030336490E-01  2.383423351276E-03 -1.441058086628E+00  3.881183681541E+00 -2.954480751827E-02  5.121230736406E-02 -2.166749984584E-02 -4.846177925359E-02  6.697932558692E-04  1.703008112938E-06 -1.081129452166E-06  1.184407413521E-06  8.797177147664E-02 -1.703008083909E-06  1.905699027460E-04 -1.698427630201E-20  1.447205673868E-20  7.507087285620E-20 -3.039899292454E-03
  5.818794455535E+02  5.893794455535E+02  2.438727914037E+01  3.143460025699E-14 -5.783551755338E-02  5.958223040402E+02  4.307691450136E-01  6.038318712671E-01 -2.642378188555E-01  2.012544835221E-03 -1.421931874185E+00  3.824218550321E+00 -2.848882511686E-02  4.941157084875E-02 -2.092274573201E-02 -4.807522616363E-02  1.590963671011E-04 -2.451062261783E-07 -7.872592264515E-07 -1.431326024584E-06  8.675787628687E-02  2.451062256965E-07 -4.213032248207E-04 -7.370110132365E-21  2.220872505508E-20  6.758441353254E-20 -2.932996263162E-03
  5.968794455535E+02  6.043794455535E+02  2.446665791725E+01  3.109751236900E-14 -5.958035707493E-02  5.996663126698E+02  4.195014365875E-01  5.804727166574E-01 -2.541017520636E-01  2.223867644735E-03 -1.469531433975E+00  3.762017297532E+00 -2.790558739460E-02  4.776150312664E-02 -1.985591573215E-02 -4.561405829515E-02  9.449896326915E-04 -3.192889581813E-06 -1.310942619376E-07 -2.794684309376E-06  8.553493645876E-02  3.192889599154E-06 -1.315946082288E-03  5.313227936264E-21  8.805262093044E-21  7.070353397509E-20 -2.823904875799E-03
  6.118794455535E+02  6.193794455535E+02  2.454764012166E+01  3.206165339007E-14 -6.032500910434E-02  6.036080063422E+02  4.080403895622E-01  5.608910081499E-01 -2.445563022209E-01  1.868657687528E-03 -1.493131884098E+00  3.704490390578E+00 -2.707864318757E-02  4.643521068673E-02 -1.935656749894E-02 -4.471448056832E-02  5.661896907982E-04 -1.940215675771E-06  3.614586888668E-07 -2.716971266706E-06  8.417689811254E-02  1.940215656770E-06  6.873903299350E-05 -5.894863805303E-21  2.098568188877E-20  6.736747800631E-20 -2.732283309670E-03
  6.268794455535E+02  6.343794455535E+02  2.462448964283E+01  3.255123695184E-14 -5.948279589936E-02  6.073587556596E+02  3.964885407078E-01  5.427636695360E-01 -2.344711602414E-01  2.135423178328E-03 -1.474104857382E+00  3.640183586593E+00 -2.653310071982E-02  4.523549667253E-02 -1.870239595270E-02 -4.273241975481E-02  1.191868440731E-04 -1.394460905582E-06  1.075016166387E-07 -3.584220497340E-06  8.090510428411E-02  1.394460905830E-06 -9.519601079259E-04  4.750745011476E-21  1.152947305085E-20  6.779081878907E-20 -2.617287049225E-03
  6.418794455535E+02  6.493794455535E+02  2.469933454522E+01  3.028991944418E-14 -6.210534290346E-02  6.110174309051E+02  3.843508724075E-01  5.271701475251E-01 -2.248301576789E-01  2.058973268584E-03 -1.542889043932E+00  3.582871451646E+00 -2.589141525766E-02  4.404095235975E-02 -1.814953710231E-02 -4.099878061499E-02  1.015977808672E-03  4.702285902762E-07 -5.504640173929E-07 -1.693911887162E-06  8.018977765543E-02 -4.702286235164E-07 -7.382978129808E-04 -6.893780296347E-22  2.140125875728E-20  6.491523633590E-20 -2.532925076636E-03
  6.568794455535E+02  6.643794455535E+02  2.477482943099E+01  2.903572355062E-14 -6.084431079714E-02  6.147212232150E+02  3.717938126477E-01  5.134967737470E-01 -2.148688112011E-01  2.345520707366E-03 -1.515873948993E+00  3.528148424371E+00 -2.491795901946E-02  4.297252515395E-02 -1.805456613451E-02 -4.024857172019E-02  5.418171042290E-05  1.223100887153E-06 -8.201248934039E-07  7.740129673441E-07  7.988989567899E-02 -1.223100870870E-06  5.684058845534E-04  7.998660156243E-22  6.900286884099E-21  7.373456822018E-20 -2.491384875850E-03
  6.718794455535E+02  6.793794455535E+02  2.484911491477E+01  3.025948233843E-14 -6.102051922524E-02  6.183729620891E+02  3.594991615951E-01  5.020664551688E-01 -2.053684261370E-01  2.229938534444E-03 -1.524101451475E+00  3.474988085095E+00 -2.436014631366E-02  4.204124110569E-02 -1.768109479202E-02 -3.929385592162E-02  2.444643444359E-04  1.193400417084E-06 -1.361001229728E-07  6.887572213109E-07  7.821278139292E-02 -1.193400430454E-06 -3.065672371369E-04  2.178800313732E-21  1.712439809433E-20  7.398875609485E-20 -2.412636875480E-03
  6.868794455535E+02  6.943794455535E+02  2.492148125166E+01  3.016293678223E-14 -6.140946134219E-02  6.219401205975E+02  3.478648192099E-01  4.892911744757E-01 -1.954145849168E-01  2.523115689337E-03 -1.539222470666E+00  3.414530873618E+00 -2.368278154278E-02  4.071214708690E-02 -1.702936554428E-02 -3.766988942144E-02  2.750492514503E-04  1.072789662557E-06  1.809561675596E-07  4.306419113963E-06  7.603182327072E-02 -1.072789664927E-06  6.747250608987E-04 -1.269399701490E-21  1.173767966059E-20  7.424326073986E-20 -2.309213613041E-03
  7.018794455535E+02  7.093794455535E+02  2.499168436864E+01  2.715124782990E-14 -5.976574503904E-02  6.254074370655E+02  3.368063859818E-01  4.731770133429E-01 -1.859684161077E-01  2.321260960343E-03 -1.501745696840E+00  3.351955587626E+00 -2.313361083399E-02  3.929446045218E-02 -1.616084961819E-02 -3.619637080845E-02 -1.852843592409E-04  2.536001392730E-07 -1.621931477046E-07  1.939276067656E-06  7.286385292715E-02 -2.536001794512E-07  8.214071622559E-04 -8.866953234812E-21  6.762368975362E-21  6.473607704179E-20 -2.203011740704E-03
  7.168794455535E+02  7.243794455535E+02  2.505811085100E+01  2.580108591331E-14 -5.987474700811E-02  6.286958165870E+02  3.256239610370E-01  4.573706656995E-01 -1.760709266978E-01  2.471586012609E-03 -1.510376364850E+00  3.285552363534E+00 -2.247406939198E-02  3.827950387640E-02 -1.580543448458E-02 -3.423599960737E-02  2.634291254721E-04  1.457427391261E-07  4.238144555779E-07 -4.425887243028E-07  6.872450109832E-02 -1.457427298197E-07  1.525361347539E-03  2.520409085931E-21  6.801653433969E-21  5.297935893748E-20 -2.081996196842E-03
  7.318794455535E+02  7.393794455535E+02  2.512055797336E+01  2.505717190450E-14 -5.689408002811E-02  6.317919455444E+02  3.143109399104E-01  4.414069558851E-01 -1.665386519576E-01  2.351206922213E-03 -1.441007899093E+00  3.221608893667E+00 -2.164627470238E-02  3.703691963085E-02 -1.539064492827E-02 -3.250325699867E-02 -4.207663653550E-04  1.328688889895E-06  1.381246214289E-06 -1.759906863371E-07  6.570191187229E-02 -1.328688895452E-06  1.581065801483E-03  5.046888702867E-21  6.952223142793E-21  7.341654088990E-20 -1.987151945787E-03
  7.468794455535E+02  7.543794455535E+02  2.518131275854E+01  2.313467794794E-14 -5.690904299245E-02  6.348113853082E+02  3.030223058460E-01  4.237215793240E-01 -1.569126410992E-01  2.314510817206E-03 -1.445826240447E+00  3.162989566029E+00 -2.102710062356E-02  3.571497875009E-02 -1.468787812623E-02 -3.111548603984E-02  3.164353287841E-04  1.282479820354E-06  1.762653309576E-06 -1.011499023561E-06  6.386143244651E-02 -1.282479814946E-06  9.811361518730E-04 -5.129995964641E-21  1.617596666605E-20  5.253415901556E-20 -1.907281285443E-03
  7.618794455535E+02  7.693794455535E+02  2.524029822572E+01  2.207170449013E-14 -5.506909666269E-02  6.377500412747E+02  2.913890162402E-01  4.077289885731E-01 -1.472285671429E-01  2.375057847566E-03 -1.402228590326E+00  3.094004041637E+00 -2.019971952522E-02  3.438138187940E-02 -1.418166235415E-02 -2.968730521471E-02 -2.485768196352E-04  1.249057394898E-06  1.117719094998E-06 -1.787861321060E-06  6.149591419130E-02 -1.249057406259E-06  2.854361865410E-03 -6.832842254771E-21  1.595645822964E-20  6.089263177902E-20 -1.791159486403E-03
  7.768794455535E+02  7.843794455535E+02  2.529660942964E+01  2.073369655218E-14 -5.156908895545E-02  6.405643774528E+02  2.796376893844E-01  3.910301823362E-01 -1.375931643351E-01  2.209523195663E-03 -1.318399186506E+00  3.029063618838E+00 -1.952945302747E-02  3.319522926348E-02 -1.366577623622E-02 -2.772951052417E-02 -8.893751483510E-04 -1.742733666376E-07 -7.616390412803E-07 -1.610819726223E-06  5.968392220829E-02  1.742733544096E-07  4.058420535564E-03 -6.032857132437E-21  1.428206510479E-20  5.824671191986E-20 -1.709961923644E-03
  7.918794455535E+02  7.993794455535E+02  2.535219779950E+01  1.987757007604E-14 -4.745595998124E-02  6.433476516226E+02  2.679309190009E-01  3.746995912834E-01 -1.279763887843E-01  2.311946784261E-03 -1.217086547701E+00  2.965908262101E+00 -1.901155628960E-02  3.203860588323E-02 -1.302704959365E-02 -2.692338880137E-02 -1.167139677039E-03 -1.366712314651E-06 -2.653675993739E-06 -3.715927540556E-06  5.749388066364E-02  1.366712345878E-06  3.356691715589E-03 -1.262980719689E-20  1.753146200897E-20  6.460604489223E-20 -1.631621837115E-03
  8.068794455535E+02  8.143794455535E+02  2.540441744300E+01  1.946110662667E-14 -4.526206797628E-02  6.459682791999E+02  2.561567794018E-01  3.597783650029E-01 -1.183206435741E-01  2.141274578859E-03 -1.164329803750E+00  2.907380953518E+00 -1.831351825448E-02  3.107383080364E-02 -1.276031254916E-02 -2.535821584808E-02 -5.880503144169E-04  1.373624804286E-07 -3.781514817404E-06 -2.847727757847E-06  5.588553971176E-02 -1.373624978796E-07  2.589861752501E-03  7.071355464554E-22  1.172837115298E-20  5.752762084255E-20 -1.565993062711E-03
  8.218794455535E+02  8.293794455535E+02  2.545699416725E+01  1.698532550865E-14 -4.258790188361E-02  6.486097059976E+02  2.442391153460E-01  3.460142807166E-01 -1.087583365866E-01  1.950366011639E-03 -1.098430506651E+00  2.842908607476E+00 -1.778509455868E-02  2.986719258182E-02 -1.208209802357E-02 -2.453383818760E-02 -6.622519092217E-04 -1.103809842878E-06 -4.941784981931E-06 -1.107721503459E-06  5.274533423044E-02  1.103809842166E-06  2.133842278097E-03 -6.962652031919E-21  1.556902826353E-20  6.262172452288E-20 -1.464066685999E-03
  8.368794455535E+02  8.443794455535E+02  2.550331017150E+01  1.591030269772E-14 -4.126647018228E-02  6.509379017788E+02  2.316109504522E-01  3.335998541606E-01 -9.914503849325E-02  1.914105669258E-03 -1.066270840554E+00  2.773107504801E+00 -1.705424355057E-02  2.855445730400E-02 -1.150021375327E-02 -2.234406410726E-02 -5.435644376412E-04  3.228804884229E-07 -6.065065236760E-06 -2.493084977509E-06  4.876062424732E-02 -3.228805044082E-07  1.318109233745E-03 -1.151180931477E-20  1.946023385123E-20  4.667688972793E-20 -1.351146314596E-03
  8.518794455535E+02  8.593794455535E+02  2.554840975109E+01  1.789801748649E-14 -4.012631056844E-02  6.532102530489E+02  2.177382667925E-01  3.198793293549E-01 -8.966079336005E-02  1.704704117149E-03 -1.036502330608E+00  2.709052509645E+00 -1.670677446058E-02  2.749471488473E-02 -1.078794042401E-02 -2.092049791239E-02 -4.372988326965E-04  3.314474827711E-07 -5.860732849020E-06 -2.109786958087E-06  4.555865247810E-02 -3.314474756979E-07  1.342882164275E-03 -6.273112769121E-21  1.535702338585E-20  5.131553283179E-20 -1.241538053154E-03
  8.668794455535E+02  8.743794455535E+02  2.558872078808E+01  1.931168293132E-14 -3.874413148593E-02  6.552450938988E+02  2.032921771770E-01  3.066465152284E-01 -8.004747913725E-02  1.662734722380E-03 -1.000968565574E+00  2.644979731705E+00 -1.647237452354E-02  2.649560986582E-02 -1.002323534234E-02 -1.864621584948E-02 -3.015747196050E-04  1.236759306712E-06 -4.609553339238E-06 -3.194455963255E-06  4.127944444878E-02 -1.236759347559E-06  1.754488002858E-03 -3.651468838842E-21  2.106062939849E-20  5.247618927658E-20 -1.110129107127E-03
  8.818794455535E+02  8.893794455535E+02  2.562580127649E+01  1.796028195235E-14 -3.684111984815E-02  6.571177850765E+02  1.880307194391E-01  2.962213589181E-01 -7.072592110677E-02  1.404325540194E-03 -9.515702701358E-01  2.583878135082E+00 -1.597286273332E-02  2.537314367805E-02 -9.400280944830E-03 -1.692693315247E-02 -3.390978190971E-04  8.002843708400E-07 -3.164845178865E-06 -6.142459861094E-06  3.800577942468E-02 -8.002843686515E-07  1.884013071815E-03 -4.651972758513E-21  1.268282158061E-20  4.919136056751E-20 -1.009967777553E-03
  8.968794455535E+02  9.043794455535E+02  2.565998757074E+01  1.534984567115E-14 -3.521973851028E-02  6.588473570380E+02  1.713936774392E-01  2.889022252678E-01 -6.111884642938E-02  1.413897458914E-03 -9.093142375313E-01  2.534951800601E+00 -1.543411542690E-02  2.453246010717E-02 -9.098344680202E-03 -1.545059503000E-02 -2.152365754075E-04  1.176305136964E-06 -1.834485595245E-06 -2.359418930190E-06  3.497075330274E-02 -1.176305177163E-06  1.666861660184E-03  3.616000644011E-22  2.226095492788E-20  3.450901186914E-20 -9.189267546237E-04
  9.118794455535E+02  9.193794455535E+02  2.569138379182E+01  1.369780601879E-14 -3.370721679302E-02  6.604396856028E+02  1.532588006321E-01  2.845457730306E-01 -5.169908860839E-02  1.041252074381E-03 -8.701737878368E-01  2.487321747128E+00 -1.491949108347E-02  2.353974895602E-02 -8.620257872692E-03 -1.396077081567E-02 -3.167316757076E-04  1.220723141633E-06 -1.065248738684E-06 -9.896792661013E-07  3.261459921237E-02 -1.220723138845E-06  8.616459431812E-04 -2.027106825229E-21  1.429109640794E-20  2.988357615235E-20 -8.328121343450E-04
  9.268794455535E+02  9.343794455535E+02  2.572114515827E+01  1.353667270055E-14 -3.359358958444E-02  6.619530128457E+02  1.331517272372E-01  2.813370230035E-01 -4.221851527437E-02  8.708676824669E-04 -8.686262687619E-01  2.444413413896E+00 -1.421235816867E-02  2.251456013746E-02 -8.302201968744E-03 -1.264497421757E-02  1.954482064487E-04  1.245718899731E-06 -8.440269251429E-07  1.299080093198E-08  3.039207134106E-02 -1.245718904924E-06 -8.223526761020E-04  1.639295070592E-20  1.688850256621E-20  3.685882774643E-20 -7.494988591296E-04
  9.418794455535E+02  9.493794455535E+02  2.574836388363E+01  1.247046198898E-14 -3.525148132071E-02  6.633404464427E+02  1.103701592936E-01  2.819013426674E-01 -3.270097572729E-02  4.617529649320E-04 -9.107279475057E-01  2.405786058626E+00 -1.363041410101E-02  2.153875624907E-02 -7.908342148055E-03 -1.128053168605E-02  6.210790486453E-04 -3.185786524625E-07 -4.897826580875E-07 -3.352354027133E-06  2.874573580247E-02  3.185786652311E-07 -3.443699426254E-03  1.576316671076E-20  1.109913821424E-20  4.325349248852E-20 -6.715828191342E-04
  9.568794455535E+02  9.643794455535E+02  2.577504343406E+01  9.115101143493E-15 -4.005653331726E-02  6.647070540807E+02  8.388127130401E-02  2.856473539093E-01 -2.309435519767E-02  3.454259850266E-04 -1.035276229892E+00  2.423348324842E+00 -1.372199060808E-02  2.134821294246E-02 -7.626222334259E-03 -1.060639659482E-02  1.770668085328E-03 -2.583805881419E-06  3.330092087464E-08  8.285712257412E-07  3.143598256048E-02  2.583805843995E-06 -6.622951077176E-03  2.149595287682E-20  1.245489050825E-20  3.674083874534E-20 -7.125536286205E-04
  9.718794455535E+02  9.793794455535E+02  2.580731406242E+01  4.637930215027E-15 -4.767005468064E-02  6.663714175247E+02  5.260203137356E-02  3.013463584736E-01 -1.333335787229E-02  5.387117795494E-05 -1.230050468810E+00  2.595415810359E+00 -1.524480792851E-02  2.405960156086E-02 -8.814793632278E-03 -1.268641554317E-02  2.692095708788E-03 -1.337459416864E-06  2.362491747946E-07  2.238005430615E-06  4.154079123709E-02  1.337459414192E-06 -8.766286656603E-03  2.336661065424E-20  6.721506071582E-22  4.805356649049E-20 -9.805468309502E-04
  9.868794455535E+02  9.943794455535E+02  2.585293663167E+01  1.086173920626E-15 -5.648739062502E-02  6.687613258531E+02  1.138049990114E-02  3.556035237745E-01 -3.957691464432E-03 -1.648407327454E-04 -1.456597234030E+00  2.553316552636E+00 -1.470021807089E-02  2.211205093835E-02 -7.411832867380E-03 -1.656620752749E-02  3.757036008581E-03 -2.352860660700E-06  1.278488009752E-07  1.702445150928E-06  2.433201369901E-02  2.352860638828E-06 -4.705259621009E-03  4.363106879813E-20 -5.611665874170E-21  1.406973392311E-20 -4.774597045719E-04
