                   y                  ym                   U                   V                   W                 U^2                 V^2                 W^2                  UV                  VW                  UW                VISC               SFSxx               SFSyy               SFSzz               SFSxy               SFSyz                dUdX                dVdX                dWdX                dUdY                dVdY                dWdY                dUdZ                dVdZ                dWdZ              SFSxym
 -4.000000000000E+00 -2.000000000000E+00  0.000000000000E+00  0.000000000000E+00  0.000000000000E+00  0.000000000000E+00  0.000000000000E+00  0.000000000000E+00  0.000000000000E+00  0.000000000000E+00  0.000000000000E+00  0.000000000000E+00  0.000000000000E+00  0.000000000000E+00  0.000000000000E+00  0.000000000000E+00  0.000000000000E+00  0.000000000000E+00  0.000000000000E+00  0.000000000000E+00  0.000000000000E+00  0.000000000000E+00  0.000000000000E+00  0.000000000000E+00  0.000000000000E+00  0.000000000000E+00  0.000000000000E+00
  2.220446049250E-16  2.000000000000E+00  1.096602731563E+01 -5.588450709137E-16 -2.128466160818E-01  1.253098075969E+02  1.205986839154E-01  1.677688381585E+00 -3.618624029949E-01 -5.420742851551E-03 -2.331216137470E+00  2.042802661632E+00 -4.323262139553E-03  2.720131578316E-02 -2.287805364463E-02 -1.170936988640E+01  1.473267715391E-01 -1.957433064407E-03 -1.861202561060E-04  1.009310361969E-04  4.956902460397E+01  1.957433064438E-03 -8.889887862032E-01  3.388770981550E-19 -1.124929198233E-21  1.372392205025E-19 -4.303483183846E-02
  4.000000000000E+00  6.000000000000E+00  1.381877566037E+01 -1.230172792336E-15 -2.316411093518E-01  1.974995803312E+02  4.847089774214E-01  1.813334495307E+00 -7.949338282461E-01 -4.516981963777E-03 -3.208146285042E+00  8.911291389615E+00  7.415767593253E-01 -6.315661689221E-01 -1.100105904063E-01 -3.694515979387E+00 -1.428458749864E-01  3.699232984726E-04 -3.020522480144E-04  1.879141284890E-05  7.368928696223E+00 -3.699232985078E-04 -2.850485317797E-02  4.107243271270E-19  5.764413033743E-21  2.237134094231E-19 -2.437408310322E-01
  8.000000000000E+00  1.000000000000E+01  1.464997073121E+01 -2.679745892779E-16 -2.270833811061E-01  2.201756534715E+02  6.151473407455E-01  1.716120489527E+00 -7.601990944552E-01 -5.423300151394E-03 -3.326066456632E+00  9.409609556630E+00  3.599423043403E-01 -8.313571044262E-01  4.714148000834E-01 -1.760781264309E+00 -6.683646350967E-02  4.178440295562E-04 -1.811508676689E-04 -6.986760861606E-06  3.256446422053E+00 -4.178440295549E-04  2.183286737165E-02  4.080274960610E-19 -1.791410969528E-20  1.540059658903E-19 -1.073989883453E-01
  1.200000000000E+01  1.400000000000E+01  1.544688737717E+01  1.985444794683E-15 -2.208023037463E-01  2.441656107903E+02  6.890388725477E-01  1.686627264050E+00 -8.292149700284E-01 -4.631760899648E-03 -3.401640643421E+00  9.283473549965E+00  3.438603208609E-01 -7.638980332167E-01  4.200377123482E-01 -1.713694073869E+00 -8.613662499708E-03  2.741918792325E-04 -1.010713190387E-04 -3.928571206728E-05  2.707635406682E+00 -2.741918792584E-04  2.731824150270E-02  4.405362527081E-19 -2.482509226870E-20  1.177540023875E-19 -9.232546223836E-02
  1.600000000000E+01  1.800000000000E+01  1.600382963859E+01  4.704737033984E-15 -2.134086366164E-01  2.614694793827E+02  7.453933623400E-01  1.663275353113E+00 -8.265504726337E-01 -5.046318318949E-03 -3.399765968185E+00  8.743989377759E+00  2.845624046209E-01 -6.879576125276E-01  4.033952079018E-01 -1.211627175195E+00 -7.247208125810E-03  1.982760457229E-04 -5.751353187499E-05 -2.469222615204E-06  2.083614920099E+00 -1.982760456621E-04  2.448721375958E-02  4.084464198418E-19 -3.179984621413E-20  7.423084107605E-20 -6.978979219276E-02
  2.000000000000E+01  2.200000000000E+01  1.648892017964E+01  7.004317734901E-15 -2.085086408940E-01  2.771626421267E+02  7.913737485538E-01  1.655516157252E+00 -8.458415138574E-01 -5.076679705226E-03 -3.416027653081E+00  8.391497105182E+00  2.539617297704E-01 -6.290666406541E-01  3.751049108829E-01 -1.038556122094E+00 -6.806718830337E-03  1.420235879100E-04 -3.856285734820E-05  2.029178186137E-05  1.754958421275E+00 -1.420235880337E-04  1.746049023434E-02  3.466197455080E-19 -2.367034125887E-20  6.083559299301E-20 -5.868649952092E-02
  2.400000000000E+01  2.600000000000E+01  1.688137857365E+01  8.105192949096E-15 -2.046529117892E-01  2.901684846341E+02  8.289590722784E-01  1.646654626960E+00 -8.465898016215E-01 -5.371864471184E-03 -3.427526180263E+00  8.004402763686E+00  2.206520946470E-01 -5.750768834534E-01  3.544247888062E-01 -8.393582408695E-01 -5.035673460766E-03  8.844515026606E-05 -3.005880815206E-05 -5.204061382757E-08  1.477944831857E+00 -8.844515021721E-05  1.322832019867E-02  3.328251127512E-19 -2.772518787599E-20  4.864745003772E-20 -4.887743546429E-02
  2.800000000000E+01  3.000000000000E+01  1.722789640472E+01  1.009682196069E-14 -2.018876851655E-01  3.019420658094E+02  8.591833307098E-01  1.640071426553E+00 -8.527556690511E-01 -5.382501531347E-03 -3.447702767057E+00  7.697905243696E+00  1.976228557628E-01 -5.324384853825E-01  3.348156296218E-01 -7.306885378340E-01 -4.760020737109E-03  7.515626167519E-05 -2.418188940113E-05 -8.217891288742E-06  1.292273075839E+00 -7.515626156553E-05  9.331142659729E-03  3.133183536395E-19 -3.204586409858E-20  3.157710956735E-20 -4.248396287574E-02
  3.200000000000E+01  3.400000000000E+01  1.752756698286E+01  1.329088242819E-14 -2.000296062669E-01  3.123119849605E+02  8.831997183704E-01  1.631406228879E+00 -8.524650417781E-01 -5.533758224117E-03 -3.474272109763E+00  7.403538256265E+00  1.765801526758E-01 -4.939106074527E-01  3.173304547790E-01 -6.303405975523E-01 -3.063147822314E-03  7.061745401485E-05 -2.206371293562E-05 -6.278476899426E-06  1.142771875583E+00 -7.061745403485E-05  6.456958508266E-03  2.869282653629E-19 -4.095708960518E-20  3.771341553031E-20 -3.727872422243E-02
  3.600000000000E+01  3.800000000000E+01  1.779928307249E+01  1.363841909778E-14 -1.986547685361E-01  3.218847391234E+02  9.022291761244E-01  1.621464037777E+00 -8.538748156774E-01 -5.522139519801E-03 -3.504484605611E+00  7.152934666041E+00  1.607444554048E-01 -4.615445447389E-01  3.008000893356E-01 -5.648066745457E-01 -2.699670180359E-03  5.184888823228E-05 -2.052450710415E-05  6.420543032832E-06  1.032395479729E+00 -5.184888829133E-05  4.928141812563E-03  3.124046333882E-19 -3.941345332036E-20  2.804963818860E-20 -3.341751150651E-02
  4.000000000000E+01  4.200000000000E+01  1.804371971797E+01  1.404791922256E-14 -1.975215298151E-01  3.306220527236E+02  9.171652549997E-01  1.609213710921E+00 -8.525618926293E-01 -5.611716760612E-03 -3.533971100971E+00  6.916777284859E+00  1.468060413059E-01 -4.325336240252E-01  2.857275827148E-01 -5.054921837851E-01 -2.526038179869E-03  4.255915744891E-05 -1.634221389829E-05  1.458186774221E-05  9.401951796425E-01 -4.255915756649E-05  3.917710677564E-03  2.548326733906E-19 -2.957459856799E-20  2.596612087764E-20 -3.019120619889E-02
  4.400000000000E+01  4.600000000000E+01  1.826942345062E+01  1.743762498401E-14 -1.967109238034E-01  3.388021669744E+02  9.286316930508E-01  1.596325580414E+00 -8.518421512079E-01 -5.610974468568E-03 -3.566050733671E+00  6.705351072948E+00  1.353424839148E-01 -4.073959543336E-01  2.720534704194E-01 -4.617417360299E-01 -2.189797860423E-03  3.966904995491E-05 -1.239870288792E-05  2.758470618605E-06  8.652253294644E-01 -3.966905004862E-05  2.937739577383E-03  2.468734335862E-19 -3.070162217473E-20  2.382578754539E-20 -2.759030806297E-02
  4.800000000000E+01  5.000000000000E+01  1.847644208084E+01  2.322056627564E-14 -1.960449875497E-01  3.463965173441E+02  9.373073465647E-01  1.583580876515E+00 -8.499131592723E-01 -5.653114454524E-03 -3.597638411032E+00  6.509623882641E+00  1.246774795667E-01 -3.849270581658E-01  2.602495786004E-01 -4.213110670909E-01 -1.961652333321E-03  1.384298090518E-05 -1.183765208035E-05  5.772586183057E-06  8.003543724966E-01 -1.384298078122E-05  2.806147339063E-03  2.407041460741E-19 -2.962712136133E-20  6.052718679525E-21 -2.531362326353E-02
  5.200000000000E+01  5.400000000000E+01  1.866959694750E+01  3.217799162614E-14 -1.952843235550E-01  3.535605336337E+02  9.436850782504E-01  1.570367785160E+00 -8.481567841519E-01 -5.612490675984E-03 -3.625275842923E+00  6.333364436445E+00  1.155594658926E-01 -3.650916605057E-01  2.495321946152E-01 -3.892795175362E-01 -2.432742840140E-03  3.018808749380E-05 -1.273819334166E-05 -6.435685747101E-06  7.463299324807E-01 -3.018808770061E-05  2.871599436382E-03  1.906848748661E-19 -3.637366481201E-20  6.283365146707E-20 -2.340026320850E-02
  5.600000000000E+01  5.800000000000E+01  1.884949141008E+01  4.202892756135E-14 -1.946749532188E-01  3.602970615350E+02  9.482516164765E-01  1.556106309594E+00 -8.458120678048E-01 -5.572207672786E-03 -3.651939937503E+00  6.172119271601E+00  1.079514156227E-01 -3.476385279956E-01  2.396871123741E-01 -3.600073816519E-01 -2.195131658115E-03  1.587319831596E-05 -1.073987451913E-05 -6.373173613025E-06  6.981065834358E-01 -1.587319814239E-05  2.346263894566E-03  1.998560915462E-19 -1.890636970306E-20  2.257900284177E-20 -2.170374277982E-02
  6.000000000000E+01  6.200000000000E+01  1.901857256441E+01  5.209865799767E-14 -1.941367370616E-01  3.666853050427E+02  9.514448252154E-01  1.541346800975E+00 -8.433945617261E-01 -5.534122254340E-03 -3.677635415748E+00  6.021840351691E+00  1.007245730234E-01 -3.316938176467E-01  2.309692446244E-01 -3.349900980181E-01 -1.590170816948E-03  2.283936654193E-05 -6.951317701962E-06  1.075211311266E-05  6.564651519642E-01 -2.283936625167E-05  2.049000637889E-03  1.892033876568E-19 -3.034996468775E-20  4.220943509248E-20 -2.022804312860E-02
  6.400000000000E+01  6.600000000000E+01  1.917773747781E+01  6.349839238041E-14 -1.936263485120E-01  3.727479060127E+02  9.535454949973E-01  1.526540827744E+00 -8.407733404283E-01 -5.479154072162E-03 -3.700926259277E+00  5.881017205963E+00  9.428287710367E-02 -3.169230151895E-01  2.226401380841E-01 -3.125473230388E-01 -1.515781657701E-03  1.685033355656E-05 -4.516828737774E-06  4.336604591741E-06  6.191594649703E-01 -1.685033352876E-05  2.331935973998E-03  1.525635089036E-19 -3.196418543720E-20  1.500634905904E-20 -1.890212613234E-02
  6.800000000000E+01  7.000000000000E+01  1.932819537340E+01  7.535877730574E-14 -1.930045303175E-01  3.785244395647E+02  9.547627281394E-01  1.512645235251E+00 -8.379538702129E-01 -5.434469652022E-03 -3.719982692522E+00  5.745969940834E+00  8.855872072605E-02 -3.034182732692E-01  2.148595525420E-01 -2.925864856320E-01 -1.910466471082E-03  9.161522241839E-06 -4.289470154707E-06 -5.456684787696E-06  5.855763318516E-01 -9.161521951694E-06  3.118612988032E-03  1.682723851427E-19 -5.924602911050E-20 -8.508537494092E-21 -1.771808832404E-02
  7.200000000000E+01  7.400000000000E+01  1.947052046347E+01  8.029828993568E-14 -1.920764584520E-01  3.840292600626E+02  9.552577732620E-01  1.498588487691E+00 -8.350280841698E-01 -5.366485238250E-03 -3.731733187288E+00  5.619526967068E+00  8.321096609873E-02 -2.909940739804E-01  2.077831078808E-01 -2.745927956449E-01 -2.274877562759E-03 -5.331839473438E-07 -5.159919266430E-06 -3.577647058148E-06  5.538143142428E-01  5.331838713798E-07  3.277354109239E-03  1.355710916711E-19 -3.438467036790E-20  7.974963815656E-21 -1.662920279295E-02
  7.600000000000E+01  7.800000000000E+01  1.960503786022E+01  7.933128011566E-14 -1.913472789143E-01  3.892676111162E+02  9.551878250383E-01  1.485336435206E+00 -8.320281287423E-01 -5.323830442187E-03 -3.745874414809E+00  5.501364114037E+00  7.829680679517E-02 -2.793921651754E-01  2.010953583796E-01 -2.577907207713E-01 -1.970586069283E-03 -2.434792052794E-06 -4.943292966254E-06  1.722451164112E-06  5.253919657778E-01  2.434791978795E-06  2.868446564810E-03  1.515719213715E-19 -2.865577675140E-20  7.366008324638E-21 -1.564813670151E-02
  8.000000000000E+01  8.200000000000E+01  1.973317618350E+01  7.868912790426E-14 -1.906680679396E-01  3.942865470339E+02  9.546728197855E-01  1.472512427235E+00 -8.288992763125E-01 -5.245976723203E-03 -3.758692701707E+00  5.391541462345E+00  7.347067447390E-02 -2.688805213227E-01  1.954098468485E-01 -2.428406290066E-01 -2.108151995686E-03  1.823750597727E-05 -4.166359723233E-06 -3.052829000943E-06  5.005638147131E-01 -1.823750586533E-05  2.521163650249E-03  1.490194860686E-19 -3.742912526901E-20  1.657660197622E-21 -1.475664629042E-02
  8.400000000000E+01  8.600000000000E+01  1.985534505829E+01  7.754361175885E-14 -1.900921363779E-01  3.990978795740E+02  9.538199458846E-01  1.459760529703E+00 -8.256804481924E-01 -5.172275541491E-03 -3.772307195802E+00  5.286526957913E+00  6.920553040190E-02 -2.589122059550E-01  1.897066755530E-01 -2.295002746585E-01 -1.830539870724E-03  9.768173715486E-06 -4.100950032625E-06  1.070445629281E-06  4.789945590196E-01 -9.768173809339E-06  2.002470799644E-03  9.556298450074E-20 -3.588343114653E-20  5.261494522309E-21 -1.396213313179E-02
  8.800000000000E+01  9.000000000000E+01  1.997268017079E+01  7.804465770476E-14 -1.896513554523E-01  4.037459639621E+02  9.525783468180E-01  1.447348421914E+00 -8.223998854130E-01 -5.076403371500E-03 -3.787251459039E+00  5.187231594583E+00  6.567149342211E-02 -2.498061965034E-01  1.841347030810E-01 -2.176495228344E-01 -1.309887764281E-03  6.023689266585E-06 -3.950045413226E-06  2.208292281241E-06  4.583505628982E-01 -6.023689247880E-06  1.498501128874E-03  8.231676514861E-20 -1.364158032642E-20 -3.296480740195E-20 -1.323158721235E-02
  9.200000000000E+01  9.400000000000E+01  2.008452703716E+01  7.986846673029E-14 -1.893394220797E-01  4.082006012548E+02  9.509234407079E-01  1.435373898629E+00 -8.190817393105E-01 -4.994432313427E-03 -3.804122810060E+00  5.093145901262E+00  6.237352626496E-02 -2.417086323164E-01  1.793351060510E-01 -2.057339289598E-01 -1.224181727550E-03  1.064583760507E-05 -3.970492503239E-06  4.906200792473E-07  4.384182130714E-01 -1.064583761940E-05  5.005894268832E-04  1.015161201225E-19 -1.535008590475E-20 -8.246718738881E-21 -1.253835203222E-02
  9.600000000000E+01  9.800000000000E+01  2.019189173489E+01  8.147293095887E-14 -1.893638798749E-01  4.124988169146E+02  9.490618881854E-01  1.423950636953E+00 -8.157146318653E-01 -4.883616520842E-03 -3.827002923913E+00  5.006593922885E+00  5.950422477430E-02 -2.343395460856E-01  1.748353213118E-01 -1.956138712476E-01 -8.328376414309E-04 -4.772387921119E-07 -3.781945129087E-06 -6.765165571537E-06  4.200362016339E-01  4.772388809240E-07 -6.056062836708E-05  8.436793701239E-20 -2.921024902542E-20  2.741967186328E-21 -1.191072241689E-02
  1.000000000000E+02  1.020000000000E+02  2.029449622885E+01  8.510941888859E-14 -1.893492767830E-01  4.166248885169E+02  9.472520712235E-01  1.412569473571E+00 -8.123211765263E-01 -4.787661056146E-03 -3.847993180599E+00  4.922807486714E+00  5.659254512661E-02 -2.271768166810E-01  1.705842715532E-01 -1.855290404363E-01 -8.334306396260E-04  6.308227275353E-06 -1.322291970091E-06 -1.074530233853E-05  4.019712060488E-01 -6.308227313671E-06  4.742563417094E-04  5.931582354021E-20 -4.105881712350E-20 -1.876888635823E-20 -1.131278001999E-02
  1.040000000000E+02  1.060000000000E+02  2.039290263667E+01  8.860538198334E-14 -1.891700275668E-01  4.205979229107E+02  9.455936966766E-01  1.401376246740E+00 -8.088682198119E-01 -4.679277312346E-03 -3.865065883301E+00  4.840073897529E+00  5.380030353800E-02 -2.200273718888E-01  1.662270683503E-01 -1.763469031928E-01 -6.645863644657E-04  1.081937012123E-05  7.518560724386E-07  5.476885788842E-06  3.856863577102E-01 -1.081936994540E-05  8.688486485770E-04  7.477681318766E-20 -2.979340191336E-20 -2.123045192826E-20 -1.075859559535E-02
  1.080000000000E+02  1.100000000000E+02  2.048742316697E+01  8.912547724848E-14 -1.889198455363E-01  4.244297727316E+02  9.440780692848E-01  1.391065674643E+00 -8.053983753113E-01 -4.570451394570E-03 -3.879701360237E+00  4.762286484289E+00  5.100279638368E-02 -2.133951606570E-01  1.623923642737E-01 -1.678532904034E-01 -6.745317744958E-04  6.183128192118E-06 -3.752878657226E-07  1.612830703658E-05  3.701530271173E-01 -6.183128196998E-06  1.396660345254E-03  4.541949693469E-20 -3.200367336441E-20 -2.760185147913E-20 -1.023347572644E-02
  1.120000000000E+02  1.140000000000E+02  2.057797945998E+01  8.935325293706E-14 -1.883998422057E-01  4.281141510570E+02  9.426508496162E-01  1.381649849278E+00 -8.018772232385E-01 -4.456287400995E-03 -3.887284283598E+00  4.687825218927E+00  4.849999744741E-02 -2.073130459119E-01  1.588130484634E-01 -1.596642466678E-01 -8.531273522599E-04  3.738573529747E-06 -1.693398127228E-06 -5.589959752735E-07  3.548896942274E-01 -3.738573399056E-06  2.054404741418E-03  1.444856627387E-20 -3.182930573711E-20 -3.096263677656E-20 -9.727744954486E-03
  1.160000000000E+02  1.180000000000E+02  2.066483035687E+01  8.847343805292E-14 -1.878593370345E-01  4.316608979623E+02  9.413218361903E-01  1.373065304426E+00 -7.983990219942E-01 -4.355766395424E-03 -3.893838395080E+00  4.616642924469E+00  4.626745723591E-02 -2.015781086992E-01  1.553106514630E-01 -1.519584392542E-01 -1.012705795706E-03  9.612266994906E-07 -1.273300486257E-06 -8.387169928767E-06  3.396833896142E-01 -9.612267678588E-07  2.155485681851E-03  4.905111432670E-20 -1.460279031795E-20 -2.450787614431E-20 -9.263442824263E-03
  1.200000000000E+02  1.220000000000E+02  2.074783320009E+01  8.636133265403E-14 -1.873743956204E-01  4.350616519035E+02  9.401164013083E-01  1.364871007867E+00 -7.947930879300E-01 -4.292521132505E-03 -3.900565579395E+00  4.547520114568E+00  4.422234995347E-02 -1.962007895548E-01  1.519784396004E-01 -1.443636902229E-01 -9.440544563904E-04 -5.022030195486E-06 -1.171773771528E-06  4.027252936075E-06  3.250149211964E-01  5.022030232474E-06  1.548281361902E-03  6.353446320225E-20 -3.932113707167E-20 -3.130256162899E-20 -8.803545370277E-03
  1.240000000000E+02  1.260000000000E+02  2.082736464909E+01  8.536838817594E-14 -1.871154640126E-01  4.383297752666E+02  9.391026783921E-01  1.356773082580E+00 -7.912170074888E-01 -4.191298591929E-03 -3.911862413409E+00  4.483018032031E+00  4.218437237504E-02 -1.910616605408E-01  1.488772881654E-01 -1.374610622613E-01 -4.927975099689E-04 -1.007858149705E-05 -2.524792667512E-06  3.139771833344E-06  3.120805490490E-01  1.007858134898E-05  5.929537240244E-04  3.163044473546E-20 -2.063036583607E-20 -2.256441602269E-20 -8.402622276747E-03
  1.280000000000E+02  1.300000000000E+02  2.090381813617E+01  8.106744330370E-14 -1.870503307481E-01  4.414812833709E+02  9.382761088003E-01  1.349812784727E+00 -7.876182476579E-01 -4.092183596871E-03 -3.927285211723E+00  4.421444184486E+00  4.014959785013E-02 -1.860597708028E-01  1.459101729535E-01 -1.314454228798E-01 -2.368947650864E-04  9.601151917171E-07 -2.236841955208E-06 -2.330148099022E-06  2.997798982358E-01 -9.601151035036E-07 -1.443325431011E-04  4.447469953087E-20 -3.371683820052E-20 -3.432660950025E-20 -8.025807302906E-03
  1.320000000000E+02  1.340000000000E+02  2.097719749425E+01  7.465537859494E-14 -1.871746111065E-01  4.445133844369E+02  9.375631349891E-01  1.343624671537E+00 -7.838703848659E-01 -3.995824898525E-03 -3.946011303883E+00  4.361972080239E+00  3.838031139943E-02 -1.814205683491E-01  1.430402569506E-01 -1.254083717938E-01 -4.483134644429E-05  1.267282605544E-05  2.313696269760E-07  7.576665746339E-06  2.874788273156E-01 -1.267282620981E-05 -8.609616760119E-04  2.623684103232E-20 -2.812633218979E-20 -2.649075654593E-20 -7.669232107258E-03
  1.360000000000E+02  1.380000000000E+02  2.104760971285E+01  7.356947668256E-14 -1.875065648403E-01  4.474308173124E+02  9.369179028204E-01  1.337149395763E+00 -7.802801811241E-01 -3.930184412995E-03 -3.968331228258E+00  4.302928150314E+00  3.694008939152E-02 -1.769576667646E-01  1.400175773734E-01 -1.199176794896E-01  2.921543842989E-04  9.524364738908E-06  5.059882249857E-07  3.480492100329E-06  2.764616461100E-01 -9.524364598997E-06 -1.474402331110E-03  4.787863243107E-20 -2.754387318456E-20 -2.530258056141E-20 -7.333432273007E-03
  1.400000000000E+02  1.420000000000E+02  2.111547311434E+01  7.299244426477E-14 -1.879514943038E-01  4.502499026070E+02  9.363823202939E-01  1.331894228113E+00 -7.764856559392E-01 -3.854160041530E-03 -3.992517946382E+00  4.249256834491E+00  3.548871227844E-02 -1.729818786954E-01  1.374931664163E-01 -1.148031794975E-01  4.888681610151E-04 -5.579577058784E-06 -1.045052083095E-06  2.946678059245E-06  2.666598126037E-01  5.579576877053E-06 -2.289478364015E-03  2.215898227423E-20 -1.343580577877E-20 -4.302666986608E-20 -7.020561289726E-03
  1.440000000000E+02  1.460000000000E+02  2.118091256834E+01  7.070435108341E-14 -1.886558641463E-01  4.529745082162E+02  9.359365589091E-01  1.327055613778E+00 -7.728149517196E-01 -3.765785498257E-03 -4.021800212944E+00  4.199178089558E+00  3.403347707946E-02 -1.691326183947E-01  1.350991413151E-01 -1.100142406566E-01  5.650952575502E-04 -6.967497579965E-06 -1.783881217380E-06  1.088108215725E-05  2.576863056039E-01  6.967497583069E-06 -2.732884992831E-03  9.861283929011E-21 -2.007105929289E-20 -4.260455344975E-20 -6.744399871360E-03
  1.480000000000E+02  1.500000000000E+02  2.124428850367E+01  7.184252324988E-14 -1.892968269517E-01  4.556203853154E+02  9.356495218198E-01  1.322622902682E+00 -7.690196651486E-01 -3.653444929318E-03 -4.048775537588E+00  4.151460509473E+00  3.286014597445E-02 -1.656100275842E-01  1.327498816101E-01 -1.058542823275E-01  4.289333385701E-04 -6.639044089534E-06 -2.122646767245E-06  1.123563640236E-05  2.495014131200E-01  6.639044012116E-06 -2.622550045217E-03  4.886661026433E-21 -2.927497196777E-20 -6.483229922975E-20 -6.494847284592E-03
  1.520000000000E+02  1.540000000000E+02  2.130566250138E+01  7.106917253770E-14 -1.899598286881E-01  4.581876655244E+02  9.355633691569E-01  1.318067374607E+00 -7.652090501544E-01 -3.611850749922E-03 -4.075572840986E+00  4.103898210288E+00  3.145355361759E-02 -1.620022815015E-01  1.305487278822E-01 -1.019974875322E-01  5.417812542597E-04  7.036339356929E-06 -2.304678147405E-06  1.242577548469E-05  2.409360348933E-01 -7.036339391532E-06 -3.339872672366E-03  3.511600778140E-21 -3.066807651195E-20 -6.549829338689E-20 -6.244228782589E-03
  1.560000000000E+02  1.580000000000E+02  2.136473374779E+01  6.803245423612E-14 -1.909530675062E-01  4.606638002533E+02  9.355436015944E-01  1.313377408525E+00 -7.614398931402E-01 -3.487616381032E-03 -4.109277976581E+00  4.057974519207E+00  3.019238380356E-02 -1.585303774405E-01  1.283379936365E-01 -9.796379909412E-02  6.731532141445E-04  1.916613090583E-05 -1.477103948968E-06  6.114803984064E-06  2.328357339638E-01 -1.916613103244E-05 -3.607182187025E-03  2.091186339725E-21 -2.569308073555E-20 -5.690045358646E-20 -6.016887489015E-03
  1.600000000000E+02  1.620000000000E+02  2.142208887910E+01  6.893719102508E-14 -1.917576027572E-01  4.630727937138E+02  9.355026970041E-01  1.308646209393E+00 -7.576031617379E-01 -3.410666710952E-03 -4.139183408832E+00  4.016091062358E+00  2.928574654264E-02 -1.555186314039E-01  1.262328848607E-01 -9.453396795281E-02  3.119627970423E-04  1.027293714233E-05 -1.149308461973E-06  8.326942013344E-06  2.253394769693E-01 -1.027293710545E-05 -2.632380175603E-03 -7.841999808311E-21 -1.797486012640E-20 -6.076954171574E-20 -5.804034606849E-03
  1.640000000000E+02  1.660000000000E+02  2.147745930300E+01  6.837113745532E-14 -1.922763785799E-01  4.654049274646E+02  9.354560495827E-01  1.304224427275E+00 -7.537994141960E-01 -3.302951124514E-03 -4.162712342408E+00  3.974999459020E+00  2.840705738281E-02 -1.526146217117E-01  1.242075643287E-01 -9.113571102118E-02  1.587640209732E-04 -1.497660805032E-05 -2.703431443519E-06  1.204075364827E-05  2.178722831045E-01  1.497660801897E-05 -1.581890100051E-03  6.645834884699E-21 -1.752435381879E-20 -3.956784002439E-20 -5.581580157538E-03
  1.680000000000E+02  1.700000000000E+02  2.153100660965E+01  6.489592890846E-14 -1.925441447092E-01  4.676635951098E+02  9.354164261473E-01  1.299753445235E+00 -7.499344977148E-01 -3.198789194804E-03 -4.180777246306E+00  3.932892049494E+00  2.738276359624E-02 -1.495751561163E-01  1.221923925203E-01 -8.770457339968E-02 -2.274898201400E-04 -2.346970288806E-06 -3.345361913734E-06  8.538615722035E-06  2.102322903873E-01  2.346970261367E-06 -7.534776359286E-04  1.823878516809E-20 -4.111699001640E-20 -7.268717025745E-20 -5.368758700896E-03
  1.720000000000E+02  1.740000000000E+02  2.158254223827E+01  6.459774960314E-14 -1.926439199587E-01  4.698401486868E+02  9.352996163768E-01  1.295156799531E+00 -7.461162364778E-01 -3.116146320158E-03 -4.195090956725E+00  3.894005907534E+00  2.621140707618E-02 -1.467171233352E-01  1.205057162585E-01 -8.416970414477E-02 -2.962694356575E-04  1.445765492077E-05 -2.375397211169E-06  1.671808444866E-05  2.033350065691E-01 -1.445765501069E-05 -2.015739071067E-04 -1.026821589660E-20 -3.054498334692E-20 -6.896456445394E-20 -5.170094169328E-03
  1.760000000000E+02  1.780000000000E+02  2.163271216038E+01  6.324415470493E-14 -1.926205790510E-01  4.719624437352E+02  9.350658896250E-01  1.290483371775E+00 -7.422179205479E-01 -3.019594274488E-03 -4.206172617892E+00  3.860675322660E+00  2.542017275473E-02 -1.443057529639E-01  1.188855802099E-01 -8.126592326781E-02 -4.064052044704E-04 -3.843759868016E-07 -2.170580070762E-06  1.534445464964E-05  1.976596801989E-01  3.843759180958E-07  1.796917001027E-04 -2.842123238098E-20 -2.137870609700E-20 -7.294620344140E-20 -4.996331496726E-03
  1.800000000000E+02  1.820000000000E+02  2.168138812138E+01  5.878863252688E-14 -1.925362426192E-01  4.740254021809E+02  9.348200123619E-01  1.285584362819E+00 -7.384077997328E-01 -2.963641652100E-03 -4.215541442167E+00  3.830012302237E+00  2.484064498171E-02 -1.420800770419E-01  1.172394320602E-01 -7.872833262075E-02 -5.407430247973E-04 -1.427639369405E-05 -2.028951866976E-06  8.600557152936E-07  1.926346567259E-01  1.427639359769E-05  1.576696642699E-04 -1.483439997001E-20 -2.019752153099E-20 -7.708527910938E-20 -4.857148134681E-03
  1.840000000000E+02  1.860000000000E+02  2.172901879513E+01  5.646325796962E-14 -1.925537884124E-01  4.760473220784E+02  9.345896865918E-01  1.280539173647E+00 -7.344149189916E-01 -2.897187204571E-03 -4.227093033565E+00  3.797188228372E+00  2.401816202139E-02 -1.398459502040E-01  1.158277881832E-01 -7.661108398197E-02 -3.664706184606E-04 -1.404195802131E-06 -8.602232590036E-07  1.816638722135E-06  1.872019485343E-01  1.404195729378E-06 -4.051059108110E-04 -9.904565851469E-22 -3.001479514567E-20 -6.565879159381E-20 -4.700978567337E-03
  1.880000000000E+02  1.900000000000E+02  2.177502688424E+01  5.413959934299E-14 -1.927571868737E-01  4.780049116511E+02  9.343611077764E-01  1.275805952255E+00 -7.306804660744E-01 -2.854801866735E-03 -4.242430482050E+00  3.763738006175E+00  2.327644192615E-02 -1.375577925185E-01  1.142813505924E-01 -7.380108505056E-02 -5.197270490243E-05  1.088320749114E-05 -2.533289811688E-07  5.393333983594E-06  1.822312861778E-01 -1.088320757651E-05 -7.480109264971E-04 -1.733525182103E-20 -2.423810232823E-20 -9.503475112274E-20 -4.552367230664E-03
  1.920000000000E+02  1.940000000000E+02  2.182019196062E+01  4.996544728889E-14 -1.929362816802E-01  4.799295638037E+02  9.341059843662E-01  1.270995465439E+00 -7.266027586629E-01 -2.772380890069E-03 -4.257337351841E+00  3.727464181009E+00  2.249740617256E-02 -1.349594425853E-01  1.124620364130E-01 -7.188900706515E-02  6.921864124091E-05  4.918113243100E-06 -8.513723776303E-07  8.911747591828E-06  1.778745727705E-01 -4.918113205360E-06 -5.189313310938E-04 -1.877198999344E-20 -1.239473686761E-20 -7.873215388495E-20 -4.422892255574E-03
  1.960000000000E+02  1.980000000000E+02  2.186398140749E+01  4.893761090807E-14 -1.930012449740E-01  4.818011881397E+02  9.338925878891E-01  1.267390313362E+00 -7.229368364856E-01 -2.750394371269E-03 -4.269367688845E+00  3.699566159322E+00  2.205393847706E-02 -1.329667169066E-01  1.109127784299E-01 -6.971659933460E-02 -3.846644330208E-04 -9.854286556602E-06 -1.239260433929E-06  6.125746648241E-06  1.746929370545E-01  9.854286530230E-06 -2.254522207710E-04 -2.665235318259E-20 -3.047113757620E-20 -7.862252428070E-20 -4.308056391456E-03
  2.000000000000E+02  2.020600000000E+02  2.190750479549E+01  4.856350246709E-14 -1.930260853142E-01  4.836637770075E+02  9.334689063010E-01  1.263110280079E+00 -7.187842205310E-01 -2.713212283095E-03 -4.280713843635E+00  3.672797767174E+00  2.042804643831E-02 -1.287005368808E-01  1.082724904425E-01 -6.851879247115E-02 -7.496962452875E-05 -1.190266590652E-05  1.721627484985E-07  1.177140490524E-06  1.699763862880E-01  1.190266594411E-05 -1.986883738823E-04 -1.494358007223E-20 -1.821779925785E-20 -8.050074975451E-20 -4.248431678741E-03
  2.041200000000E+02  2.062418000000E+02  2.195150033542E+01  4.345758995716E-14 -1.931018946012E-01  4.855503919863E+02  9.330594252649E-01  1.259632036918E+00 -7.148032461027E-01 -2.701052839320E-03 -4.293596496729E+00  3.650103051930E+00  1.876836306030E-02 -1.245681723784E-01  1.057998093181E-01 -6.746265027263E-02 -2.451008971163E-04  6.272754376505E-06  2.694606987950E-06  3.005322569969E-06  1.662865728909E-01 -6.272754622057E-06 -2.830447996312E-04 -1.348257224855E-20 -1.890115561241E-20 -9.079145519768E-20 -4.181790109481E-03
  2.083636000000E+02  2.105490540000E+02  2.199574725734E+01  3.650007553146E-14 -1.931795839821E-01  4.874498434776E+02  9.325845753844E-01  1.255158409378E+00 -7.104587461531E-01 -2.682459648434E-03 -4.306343797001E+00  3.625676081183E+00  1.722995708248E-02 -1.201526782248E-01  1.029227211432E-01 -6.631019857178E-02  5.207053331636E-05  5.854264546699E-06  3.550487663600E-06  2.381844742905E-06  1.634828674909E-01 -5.854264332661E-06 -2.021998174908E-04 -3.276446085939E-20 -7.147229611457E-21 -7.966108236953E-20 -4.119429538327E-03
  2.127345080000E+02  2.149855256200E+02  2.204084174906E+01  2.814591152737E-14 -1.932144586502E-01  4.893897917161E+02  9.319420285065E-01  1.251107647362E+00 -7.061631729751E-01 -2.685700575314E-03 -4.318307239993E+00  3.604378741664E+00  1.551546592091E-02 -1.158193658424E-01  1.003038999207E-01 -6.557320346861E-02 -1.679069567888E-04 -6.740225956920E-06  2.788836059211E-06 -8.259442071352E-07  1.604077316177E-01  6.740225658991E-06 -4.693900756220E-04 -3.080765256699E-20 -3.136151266394E-20 -6.398104665381E-20 -4.064479244468E-03
  2.172365432400E+02  2.195550913886E+02  2.208598313361E+01  2.183076809603E-14 -1.934474256349E-01  4.913350816990E+02  9.311021523809E-01  1.246768897828E+00 -7.016134013542E-01 -2.698272147032E-03 -4.335125209117E+00  3.582055606789E+00  1.364983239394E-02 -1.111320091439E-01  9.748217675017E-02 -6.458170750540E-02  1.025026877089E-04 -6.081643587347E-06  2.899322690100E-06  5.048168099104E-06  1.577901411293E-01  6.081643624830E-06 -8.793325575869E-04 -2.218219472565E-20 -2.646598100026E-20 -6.580710750574E-20 -4.016047116398E-03
  2.218736395372E+02  2.242617441303E+02  2.213227741216E+01  1.919610506431E-14 -1.937184667565E-01  4.933345447408E+02  9.300268653994E-01  1.243037827709E+00 -6.970555310082E-01 -2.707544782298E-03 -4.352880947043E+00  3.561534994885E+00  1.195658019537E-02 -1.066178845684E-01  9.466130437291E-02 -6.402191670727E-02  2.180609638268E-04 -2.237303195852E-06  3.646217995399E-06  3.200240339503E-06  1.556535043122E-01  2.237303127325E-06 -6.826819667286E-04  1.360014716804E-20 -1.067744899827E-20 -6.388939232196E-20 -3.971761183088E-03
  2.266498487233E+02  2.291095964542E+02  2.217889987686E+01  1.561937471722E-14 -1.938642637647E-01  4.953528715038E+02  9.286406512849E-01  1.239241643888E+00 -6.922200385728E-01 -2.731886913476E-03 -4.366983934486E+00  3.542043726147E+00  1.013709808565E-02 -1.021145949208E-01  9.197749683498E-02 -6.309207653909E-02  1.908829826243E-04 -3.842865053214E-06  4.047796199777E-06 -8.739872368166E-07  1.522893135822E-01  3.842865089140E-06  5.895913690707E-05 -2.728876971958E-21 -1.162864206884E-20 -8.906358964217E-20 -3.916028847492E-03
  2.315693441850E+02  2.341028843478E+02  2.222590158873E+01  1.204445296392E-14 -1.937137075409E-01  4.973929940325E+02  9.268881240953E-01  1.235798448451E+00 -6.873471980929E-01 -2.762359609379E-03 -4.374347410568E+00  3.524064908664E+00  8.347148921319E-03 -9.741699874978E-02  8.906984982849E-02 -6.231560890573E-02  8.375394982456E-05  4.719838103097E-06  4.725101863796E-06 -3.111749077173E-06  1.491629385976E-01 -4.719838136724E-06  1.038772728943E-05 -3.001226436479E-20  9.071325059122E-21 -9.100187474578E-20 -3.876953272068E-03
  2.366364245106E+02  2.392459708782E+02  2.227338886279E+01  1.094923298440E-14 -1.938805192963E-01  4.994576406130E+02  9.247137017236E-01  1.232267915657E+00 -6.823092150654E-01 -2.773544626383E-03 -4.387865435138E+00  3.508131610926E+00  6.780002382111E-03 -9.285551336706E-02  8.607551098457E-02 -6.184168135810E-02  2.815637579914E-04  6.343404413004E-06  4.547190145738E-06 -1.729356473521E-06  1.468012398951E-01 -6.343404503591E-06 -2.498091433727E-04  1.979476785442E-20 -8.580811905631E-22 -7.013410851958E-20 -3.857431824571E-03
  2.418555172459E+02  2.445433500046E+02  2.232169676713E+01  1.317568218880E-14 -1.938840040029E-01  5.015626283436E+02  9.221979305332E-01  1.228791064774E+00 -6.770985253738E-01 -2.790306297297E-03 -4.397430431292E+00  3.492018541923E+00  5.035196337047E-03 -8.818151624911E-02  8.314631991223E-02 -6.155684733119E-02  3.184328843055E-04 -3.501599195680E-06  3.293553203868E-06  2.485771534541E-07  1.442974095780E-01  3.501599221020E-06 -1.705418180245E-04 -2.523414937884E-20  6.500188515970E-21 -6.602087146032E-20 -3.817842675601E-03
  2.472311827633E+02  2.499996505047E+02  2.237033955874E+01  1.637843550020E-14 -1.939938826562E-01  5.036891439480E+02  9.193727100593E-01  1.224908791296E+00 -6.718758392324E-01 -2.857288856342E-03 -4.408467451091E+00  3.475236773394E+00  3.104089285754E-03 -8.321430205556E-02  8.011021276921E-02 -6.060917777226E-02  3.870133504204E-04 -3.310355375573E-06  2.606250864445E-06  1.286452896385E-06  1.414083556457E-01  3.310355430289E-06 -8.598256563978E-04  3.257142383156E-20 -4.625254051225E-21 -5.425655733933E-20 -3.758270621732E-03
  2.527681182462E+02  2.556196400198E+02  2.241954934325E+01  1.707992529238E-14 -1.944752072288E-01  5.058459226442E+02  9.162361483384E-01  1.220779890584E+00 -6.664094389349E-01 -2.915106108720E-03 -4.427704019629E+00  3.460902564403E+00  1.309041185974E-03 -7.816850085695E-02  7.685945967057E-02 -5.969998491635E-02  8.308644970144E-04  8.287865601456E-07  2.459061454690E-06 -1.226329579725E-06  1.386701834970E-01 -8.287865767935E-07 -1.525218000862E-03  6.378875087344E-21 -6.710591141549E-21 -8.576087558533E-20 -3.707879218674E-03
  2.584711617935E+02  2.614082292204E+02  2.246919760872E+01  1.552524197164E-14 -1.950777750501E-01  5.080279930354E+02  9.128840331397E-01  1.216480844319E+00 -6.608387634095E-01 -2.930608519301E-03 -4.450166207475E+00  3.445800199467E+00 -4.668581958730E-04 -7.299828746058E-02  7.346514565608E-02 -5.903911080445E-02  1.043464053821E-03  3.541273552350E-06  2.102553397265E-06 -3.961865001218E-07  1.358958627454E-01 -3.541273540693E-06 -1.786823030719E-03  9.779553513476E-21  7.795486224121E-21 -5.400082984663E-20 -3.674235375511E-03
  2.643452966473E+02  2.673704760971E+02  2.251934419344E+01  1.457815653495E-14 -1.957802417295E-01  5.102357718613E+02  9.093934437606E-01  1.212665441351E+00 -6.550229936217E-01 -2.993375624948E-03 -4.474971451897E+00  3.433799298539E+00 -2.196580551782E-03 -6.778334906803E-02  6.997992962045E-02 -5.856308062735E-02  1.082647295101E-03 -9.924897861043E-07  1.716591791239E-06 -2.071233237861E-06  1.334541858793E-01  9.924897969515E-07 -1.456823543695E-03  2.596843298045E-20 -3.365584986275E-21 -6.281676349376E-20 -3.646074187226E-03
  2.703956555468E+02  2.735115903800E+02  2.257013170891E+01  1.675745826824E-14 -1.961770609571E-01  5.124764885611E+02  9.058021725327E-01  1.209435685905E+00 -6.491510219471E-01 -3.011010757534E-03 -4.491997980472E+00  3.425186214050E+00 -3.904991619417E-03 -6.280630089051E-02  6.671129250976E-02 -5.813417315218E-02  8.114727651173E-04  2.399638483331E-07  2.496887533450E-06 -4.283206706811E-06  1.313435966120E-01 -2.399637681786E-07 -3.780075009991E-04  2.260954273202E-20  4.675787937586E-21 -6.299845415649E-20 -3.620591018101E-03
  2.766275252132E+02  2.798369380914E+02  2.262167641127E+01  2.038482389254E-14 -1.960773594754E-01  5.147565916544E+02  9.021818178651E-01  1.206170513796E+00 -6.430234724994E-01 -3.096575688642E-03 -4.497921584764E+00  3.419875989734E+00 -5.679727763879E-03 -5.771568164367E-02  6.339540940702E-02 -5.772757846398E-02  6.772668436295E-04  3.694360519062E-06  3.572747982356E-06 -4.234184415886E-06  1.296334245119E-01 -3.694360443976E-06 -1.772768603020E-05  8.538038608120E-21  1.999204433783E-20 -5.080026877187E-20 -3.603900714970E-03
  2.830463509696E+02  2.863520462341E+02  2.267415759631E+01  2.029623619055E-14 -1.961870878163E-01  5.170830809196E+02  8.983311971259E-01  1.201959478685E+00 -6.367456363137E-01 -3.218537840104E-03 -4.508367702426E+00  3.413446540194E+00 -7.360487793325E-03 -5.244585287288E-02  5.980634066647E-02 -5.762118097350E-02  9.460842168019E-04 -1.189506429412E-06  3.858487277258E-06 -3.990366120569E-06  1.272316278317E-01  1.189506399012E-06 -1.017679117496E-04  3.207185721297E-20  2.629078734715E-21 -5.884519658579E-20 -3.581518745161E-03
  2.896577414987E+02  2.930626076211E+02  2.272681336492E+01  1.701944921800E-14 -1.961526434313E-01  5.194211320059E+02  8.940192178859E-01  1.197359665980E+00 -6.302680808585E-01 -3.370678563824E-03 -4.516659327555E+00  3.407269359138E+00 -9.078936704578E-03 -4.712125516051E-02  5.620019186466E-02 -5.686595905700E-02  1.010626533373E-03 -1.801007479546E-06  4.518809907649E-06 -4.942316353644E-06  1.240811473866E-01  1.801007460746E-06 -9.080641839177E-04  8.383324348251E-21  1.467849975921E-20 -5.474187752805E-20 -3.530706638268E-03
  2.964674737436E+02  2.999744858498E+02  2.277977734139E+01  1.538025645789E-14 -1.969477120896E-01  5.217767955768E+02  8.892414831946E-01  1.193749066068E+00 -6.236730379391E-01 -3.560444016481E-03 -4.543339854292E+00  3.402927460587E+00 -1.067195779138E-02 -4.187986754641E-02  5.255182533734E-02 -5.616233706493E-02  1.458068035859E-03 -1.984015918945E-06  5.447737336055E-06 -3.339811949629E-06  1.211506352431E-01  1.984015888060E-06 -2.053455610476E-03  3.062105028376E-21  1.379600436745E-21 -2.169474772099E-20 -3.494414513357E-03
  3.034814979559E+02  3.070937204253E+02  2.283303985283E+01  1.704009286105E-14 -1.979320203215E-01  5.241538017854E+02  8.840668347964E-01  1.190254326268E+00 -6.167846048613E-01 -3.654930469323E-03 -4.574146069096E+00  3.399852071962E+00 -1.247938845869E-02 -3.652450291998E-02  4.900389137766E-02 -5.567328655361E-02  1.548915985347E-03  2.582029664500E-09  6.151325096693E-06 -2.547946586045E-06  1.182159498282E-01 -2.582025422861E-09 -2.600644151960E-03  1.125813037219E-20 -5.330396130284E-21 -3.186962501910E-20 -3.457099454245E-03
  3.107059428946E+02  3.144265320380E+02  2.288653025078E+01  2.066184454071E-14 -1.992842885552E-01  5.265438031339E+02  8.784864792981E-01  1.186683735465E+00 -6.097613883974E-01 -3.836044058981E-03 -4.614407824299E+00  3.400909504138E+00 -1.431282152049E-02 -3.104253564933E-02  4.535535716938E-02 -5.500864701943E-02  1.793326693912E-03  4.712097926592E-07  6.598756280693E-06 -1.839134644078E-06  1.157886573503E-01 -4.712097471375E-07 -3.308477948420E-03 -1.395857131767E-20  6.496748912587E-21 -3.445062336239E-20 -3.430397595171E-03
  3.181471211814E+02  3.219793279992E+02  2.294072086876E+01  2.667258474543E-14 -2.010092937184E-01  5.289705826299E+02  8.724574589810E-01  1.183069652615E+00 -6.024291266626E-01 -3.946638126117E-03 -4.663517983768E+00  3.401515270960E+00 -1.571292919412E-02 -2.584928478005E-02  4.156221397399E-02 -5.485109727819E-02  2.057747544713E-03  1.089373868917E-06  6.865368840584E-06 -2.936936210640E-06  1.135987077159E-01 -1.089373774434E-06 -3.896000369595E-03  3.173822572366E-20 -5.723270856237E-22 -2.680501645725E-20 -3.412477096701E-03
  3.258115348169E+02  3.297587078391E+02  2.299532788803E+01  3.234034365538E-14 -2.030102231146E-01  5.314203763160E+02  8.659100526401E-01  1.178115484237E+00 -5.950369507515E-01 -4.155587243042E-03 -4.720293577436E+00  3.407079270322E+00 -1.731433528632E-02 -2.078780968040E-02  3.810214496714E-02 -5.436059368772E-02  1.952223436663E-03  8.665898658840E-07  6.654095713016E-06 -2.066277752144E-06  1.116094616033E-01 -8.665899193116E-07 -3.929085926077E-03  3.479845231619E-20  4.706827227099E-21  4.948661181244E-22 -3.385208775847E-03
  3.337058808614E+02  3.377714690743E+02  2.305083250646E+01  3.661770874086E-14 -2.048769567521E-01  5.339188090081E+02  8.588417195415E-01  1.171782948182E+00 -5.871883566289E-01 -4.174855870769E-03 -4.774001864606E+00  3.416236854284E+00 -1.901048408041E-02 -1.550900927231E-02  3.451949335271E-02 -5.399201626413E-02  2.075654620984E-03 -2.641492890966E-06  5.369722795896E-06 -9.010335386598E-07  1.100368196533E-01  2.641492939637E-06 -3.333567313044E-03  8.642350046827E-21 -7.978235036063E-22  6.931995128589E-21 -3.360304753961E-03
  3.418370572872E+02  3.460246131465E+02  2.310717065537E+01  4.103674547164E-14 -2.063919003871E-01  5.364624773576E+02  8.513916034794E-01  1.163965912796E+00 -5.793811243220E-01 -4.366636755796E-03 -4.820066342522E+00  3.431371928129E+00 -2.059751326982E-02 -1.019758596486E-02  3.079509923505E-02 -5.378278674194E-02  1.805143471896E-03 -2.884491041548E-06  3.640858915752E-06 -1.919360876194E-06  1.097508192075E-01  2.884491044142E-06 -2.276059556925E-03  1.354534413441E-20  6.990069990728E-21 -8.051629850307E-21 -3.389802921516E-03
  3.502121690058E+02  3.545253515409E+02  2.316573188672E+01  4.405448387456E-14 -2.072609121717E-01  5.391137952249E+02  8.438111462230E-01  1.156466453679E+00 -5.711725019211E-01 -4.461891441678E-03 -4.852018801885E+00  3.452701754300E+00 -2.190704998664E-02 -5.020774362020E-03  2.692782434839E-02 -5.479436779814E-02  1.355088745110E-03 -1.986405500280E-06  2.128365085418E-06 -5.255474615040E-07  1.098001470897E-01  1.986405523796E-06 -1.522837631331E-03  1.875994753181E-20 -2.673459515903E-21 -6.526488924901E-21 -3.443563221057E-03
  3.588385340760E+02  3.632811120872E+02  2.322556540317E+01  4.532975817623E-14 -2.080422816438E-01  5.418289441422E+02  8.363143557463E-01  1.150043856253E+00 -5.627901609433E-01 -4.620964381943E-03 -4.882613033449E+00  3.469328854804E+00 -2.312127389372E-02 -2.260632466407E-04  2.334733714035E-02 -5.520311474753E-02  1.261237558970E-03 -5.119834684320E-07  1.467113409714E-06  2.180026520130E-07  1.084458834292E-01  5.119834520654E-07 -1.717377786358E-03  1.734780778528E-20 -2.826059364641E-21  1.724284895128E-20 -3.440716750741E-03
  3.677236900983E+02  3.722995454498E+02  2.328617676300E+01  4.544645432550E-14 -2.091739077713E-01  5.445911243786E+02  8.288703189729E-01  1.142579908358E+00 -5.542362989683E-01 -4.711120420225E-03 -4.920774014502E+00  3.492156649349E+00 -2.430839214079E-02  4.459648807030E-03  1.984874333359E-02 -5.506060150552E-02  1.542057824448E-03  1.751954704079E-06  1.541650780711E-06 -1.690638151568E-06  1.076557864962E-01 -1.751954714604E-06 -1.798372512171E-03  1.301270370470E-20  1.314635635570E-21  2.047444515508E-20 -3.444726094411E-03
  3.768754008012E+02  3.815885318133E+02  2.334871293711E+01  4.663625034473E-14 -2.101092715379E-01  5.474497120833E+02  8.212027359357E-01  1.131978513883E+00 -5.453919942295E-01 -4.766031972998E-03 -4.955841638178E+00  3.515289458543E+00 -2.547606521072E-02  9.024541259142E-03  1.645152395142E-02 -5.497302193112E-02  1.567754548724E-03  1.928204323564E-06  1.271018369397E-06 -2.264266482229E-06  1.063607754875E-01 -1.928204340944E-06 -2.037952636463E-03  2.231802352511E-20  9.680670237951E-21  3.652452762682E-20 -3.424517488861E-03
  3.863016628253E+02  3.911561877677E+02  2.341149784787E+01  5.013353332010E-14 -2.115996256584E-01  5.503298051757E+02  8.133046414680E-01  1.122215424155E+00 -5.363855862078E-01 -4.855813764453E-03 -5.002959763689E+00  3.542923965460E+00 -2.691786751119E-02  1.354735000040E-02  1.337051751055E-02 -5.472254535769E-02  1.642089067893E-03  1.151907197416E-06  7.364319819602E-07 -3.200705615563E-06  1.048900653039E-01 -1.151907183589E-06 -3.189572632025E-03  5.473110528894E-21 -1.374543142079E-20  1.956331595139E-20 -3.429639358563E-03
  3.960107127100E+02  4.010108734007E+02  2.347601510440E+01  5.290097006283E-14 -2.140113755877E-01  5.532985642375E+02  8.052871521582E-01  1.112814138326E+00 -5.271086909414E-01 -4.756708841697E-03 -5.071990843246E+00  3.570893268218E+00 -2.797949804296E-02  1.780132215239E-02  1.017817589048E-02 -5.486949216054E-02  2.026562625537E-03 -3.995331696035E-07  1.109266707233E-06 -4.306330042822E-06  1.038855391403E-01  3.995331694168E-07 -3.452332799117E-03  1.764070495260E-20  8.657566347602E-21  2.793383682432E-20 -3.412985170937E-03
  4.060110340913E+02  4.111611996027E+02  2.354136655417E+01  5.302933699797E-14 -2.159246369484E-01  5.563212484419E+02  7.969179303199E-01  1.101987353668E+00 -5.176300810762E-01 -4.836877254996E-03 -5.128933578394E+00  3.598089693900E+00 -2.921336122994E-02  2.214287052431E-02  7.070490705103E-03 -5.431720289493E-02  1.890461907500E-03 -1.584335669264E-06  1.891523561105E-06 -5.457816508159E-06  1.017083679617E-01  1.584335666340E-06 -2.869870677023E-03  1.490468966400E-20  2.547365739938E-21  3.244538650254E-20 -3.390902160710E-03
  4.163113651141E+02  4.216160355908E+02  2.360697871117E+01  5.233104907164E-14 -2.176986181504E-01  5.593664617795E+02  7.877524248082E-01  1.090810778321E+00 -5.080101578593E-01 -4.620500080921E-03 -5.183465343677E+00  3.637467029325E+00 -3.044565425355E-02  2.657897794092E-02  3.866676312895E-03 -5.419968733305E-02  1.754599287221E-03  3.101553350791E-07  1.854334581072E-06 -3.546066734365E-06  1.006860321418E-01 -3.101553033486E-07 -1.037415143227E-03  2.098752611731E-20 -9.081825238880E-21  5.082905979191E-20 -3.398539948748E-03
  4.269207060675E+02  4.323845166585E+02  2.367488416307E+01  5.035462368255E-14 -2.172880942190E-01  5.625278811648E+02  7.777249747776E-01  1.075979631670E+00 -4.979000350525E-01 -4.602178780801E-03 -5.186891815235E+00  3.682335562376E+00 -3.168890678772E-02  3.088479760657E-02  8.041091806216E-04 -5.464114867134E-02  4.507523640416E-04  1.761505239411E-06  1.345613493573E-06 -3.271998342293E-06  9.907958365044E-02 -1.761505288172E-06  1.831102516372E-03  2.974216254354E-20 -1.440450926662E-20  3.242358365392E-20 -3.400187854710E-03
  4.378483272495E+02  4.434760521583E+02  2.374232488116E+01  4.632685294409E-14 -2.151805843267E-01  5.656819719511E+02  7.667465433772E-01  1.057077622092E+00 -4.879398243670E-01 -4.545562219777E-03 -5.149668241404E+00  3.731393639053E+00 -3.294296846903E-02  3.503843145597E-02 -2.095462987590E-03 -5.415888887550E-02 -3.641721910575E-04  1.524291230430E-06  1.352468315945E-06 -3.214529177989E-06  9.711347366773E-02 -1.524291243920E-06  3.491539595461E-03  4.318063442424E-20 -1.119307075886E-20  6.001662870114E-20 -3.392539866152E-03
  4.491037770670E+02  4.549003337230E+02  2.381156098129E+01  4.313814496587E-14 -2.123820713478E-01  5.689258275515E+02  7.549679650073E-01  1.039426627733E+00 -4.773397769557E-01 -4.341717632251E-03 -5.095581369805E+00  3.788028990274E+00 -3.404648610208E-02  3.924120901629E-02 -5.194722914521E-03 -5.453470679860E-02 -1.098579293619E-03 -3.784873508275E-07  1.521168001785E-06 -5.081575906340E-07  9.618021971261E-02  3.784872988817E-07  4.230321133309E-03  5.049901619012E-20  3.044373330720E-21  5.611689047151E-20 -3.412009498903E-03
  4.606968903790E+02  4.666673437347E+02  2.388173002877E+01  4.216026283875E-14 -2.090604255189E-01  5.722219301762E+02  7.427054841480E-01  1.020648105484E+00 -4.668146648732E-01 -4.319298479408E-03 -5.027989817232E+00  3.840163576484E+00 -3.505946536738E-02  4.301060473946E-02 -7.951139371625E-03 -5.466217532525E-02 -1.409771923112E-03 -1.493084950199E-06  1.503744798403E-06 -6.419457607533E-07  9.523918264734E-02  1.493084921020E-06  4.674700270071E-03  3.283928481746E-20  2.502802592216E-21  7.319214384125E-20 -3.423204745677E-03
  4.726377970904E+02  4.787873640468E+02  2.395371025749E+01  4.463165586531E-14 -2.054045182870E-01  5.756157345707E+02  7.298424344526E-01  1.001997917198E+00 -4.554483179932E-01 -4.085761846778E-03 -4.951674496900E+00  3.901114106214E+00 -3.599604944205E-02  4.670204462555E-02 -1.070599518372E-02 -5.506671510196E-02 -1.598489494841E-03 -2.577875034357E-06  1.416297619776E-06 -1.093683633159E-06  9.628756808240E-02  2.577875076851E-06  5.320266986422E-03  1.916185618437E-20 -1.050252278194E-20  6.599365943549E-20 -3.478006931423E-03
  4.849369310031E+02  4.912709849682E+02  2.402974343077E+01  4.691771089115E-14 -2.008964368029E-01  5.792172410029E+02  7.169007123529E-01  9.846295142315E-01 -4.443255472153E-01 -3.887603593984E-03 -4.854432413938E+00  3.948314223460E+00 -3.640724367759E-02  4.966650724011E-02 -1.325926356190E-02 -5.611561770029E-02 -2.286801587325E-03 -1.911259044382E-06  5.597637715144E-07 -2.200613947636E-08  9.484573030488E-02  1.911258964341E-06  6.990839968034E-03  4.560934054198E-20 -8.042767102222E-21  6.691279307632E-20 -3.472875376270E-03
  4.976050389332E+02  5.041291145172E+02  2.410388952333E+01  4.755286240008E-14 -1.943342063927E-01  5.827397203547E+02  7.036898944127E-01  9.626760205555E-01 -4.326412173526E-01 -3.676321712326E-03 -4.712557570295E+00  4.000941525725E+00 -3.729885707733E-02  5.290506836179E-02 -1.560621128398E-02 -5.506448535341E-02 -2.926863084189E-03 -3.047400651305E-06 -4.899141674494E-07  8.157898082869E-07  9.137955736975E-02  3.047400729573E-06  8.048462180792E-03  4.853153629454E-20 -2.243973911939E-20  7.039974845102E-20 -3.431791625536E-03
  5.106531901012E+02  5.173729879527E+02  2.417878636392E+01  4.839560638810E-14 -1.877728809116E-01  5.863102217756E+02  6.898050567303E-01  9.395893199623E-01 -4.206689434868E-01 -3.804383850217E-03 -4.567931496782E+00  4.049515747815E+00 -3.774949267494E-02  5.557114476854E-02 -1.782165209390E-02 -5.468964717637E-02 -2.981924155533E-03 -5.986171205380E-07 -9.627099958246E-07  1.493923326320E-06  8.970183423941E-02  5.986170954167E-07  7.106129597078E-03  3.103393788191E-20 -7.883897538205E-21  1.026182903539E-19 -3.408217913656E-03
  5.240927858042E+02  5.310141775913E+02  2.425458372546E+01  4.542669134374E-14 -1.824234650166E-01  5.899326395393E+02  6.747777274071E-01  9.184287879739E-01 -4.084812067141E-01 -3.494400931762E-03 -4.452794889311E+00  4.105548434047E+00 -3.797247903575E-02  5.784091190372E-02 -1.986843286835E-02 -5.452980931280E-02 -2.588326043356E-03  2.095105933222E-07 -2.230074981807E-07  1.716548952259E-06  8.917759072322E-02 -2.095106379279E-07  7.145540094355E-03  4.183758190898E-20 -2.261649542337E-20  6.799297438542E-20 -3.412486544987E-03
  5.379355693784E+02  5.450646029190E+02  2.433307741062E+01  4.009507996161E-14 -1.754048455848E-01  5.936940259999E+02  6.587835903574E-01  8.949512746606E-01 -3.958105361230E-01 -3.592455180660E-03 -4.295525214712E+00  4.166895083909E+00 -3.819966083548E-02  6.047947396095E-02 -2.227981312538E-02 -5.480514731300E-02 -2.781846230580E-03  1.065705139245E-06  4.270824816972E-07  1.383007862034E-06  8.819545041883E-02 -1.065705181587E-06  6.393798049409E-03  4.656007163688E-20 -5.920114276305E-21  7.344849869026E-20 -3.431518624744E-03
  5.521936364597E+02  5.595365410066E+02  2.441174759444E+01  3.889785144736E-14 -1.710161192452E-01  5.974734285626E+02  6.423932841948E-01  8.721309120899E-01 -3.828488966368E-01 -3.212282867523E-03 -4.204219007871E+00  4.227131741346E+00 -3.868101541093E-02  6.260245801480E-02 -2.392144260379E-02 -5.482460633151E-02 -1.514153058718E-03  2.922643421751E-06  2.156915311643E-07  2.269770595168E-06  8.632673748171E-02 -2.922643416879E-06  5.171547528695E-03  7.273166088899E-20 -3.157688518964E-21  7.242188397182E-20 -3.410131476157E-03
  5.668794455535E+02  5.743794455535E+02  2.449155317163E+01  4.031206698024E-14 -1.659190697422E-01  6.013159506896E+02  6.261633884482E-01  8.479541832427E-01 -3.690372658348E-01 -3.442067122589E-03 -4.093528668124E+00  4.252648395348E+00 -3.818917983845E-02  6.347279889140E-02 -2.528361905315E-02 -5.442959975819E-02 -1.697609892873E-03  1.662632315973E-06  2.624157616895E-07 -5.696517525445E-07  8.522156246781E-02 -1.662632351913E-06  4.645282785149E-03  3.857951889559E-20 -1.067744343752E-20  8.791382646925E-20 -3.419438961836E-03
  5.818794455535E+02  5.893794455535E+02  2.457154058508E+01  4.076400574154E-14 -1.623069841549E-01  6.051862231914E+02  6.106494334047E-01  8.307542414914E-01 -3.559177705315E-01 -2.865230068034E-03 -4.019539425388E+00  4.191110641586E+00 -3.728874109574E-02  6.188739069275E-02 -2.459864959673E-02 -5.376933974084E-02 -1.856033922092E-03  1.145307774804E-06  6.643015026512E-07 -2.006975908771E-06  8.262402617645E-02 -1.145307778215E-06  5.464723305065E-03  4.561742183433E-20 -1.099233662984E-20  9.205490904254E-20 -3.256306217521E-03
  5.968794455535E+02  6.043794455535E+02  2.464647410325E+01  4.230087562058E-14 -1.556583129523E-01  6.088196127621E+02  5.950333586604E-01  8.080388483740E-01 -3.422035142093E-01 -3.164707662490E-03 -3.865016623171E+00  4.117334071309E+00 -3.650050622920E-02  6.006301013903E-02 -2.356250390956E-02 -5.029281940024E-02 -2.866640157210E-03 -1.577645458703E-06  1.010177158277E-06 -4.536362420297E-06  7.906960784883E-02  1.577645440480E-06  5.598033727368E-03  7.596747735942E-20 -1.714031092858E-20  8.327904019849E-20 -3.068623021035E-03
  6.118794455535E+02  6.193794455535E+02  2.471981554877E+01  4.408113537096E-14 -1.517775209550E-01  6.123886401508E+02  5.793640530715E-01  7.904708650231E-01 -3.287533287832E-01 -3.093081601931E-03 -3.780429749796E+00  4.051045626786E+00 -3.560773193171E-02  5.843513708499E-02 -2.282740515323E-02 -4.804716362957E-02 -2.108515541138E-03 -2.530746187862E-06  1.223080270464E-06 -2.830151907171E-06  7.650521520406E-02  2.530746192250E-06  4.940284728935E-03  5.928429518548E-20 -2.153065213029E-20  7.021854462913E-20 -2.926731775093E-03
  6.268794455535E+02  6.343794455535E+02  2.478994056652E+01  4.350747966469E-14 -1.463663593510E-01  6.158120993358E+02  5.642215345873E-01  7.655286273451E-01 -3.153175980425E-01 -3.237986050363E-03 -3.654912484786E+00  3.967677964554E+00 -3.490082310538E-02  5.662692026843E-02 -2.172609716272E-02 -4.526656235517E-02 -2.482622185198E-03 -1.499952246799E-06  9.445424116871E-07 -5.435284479114E-07  7.153936847194E-02  1.499952277003E-06  4.489689214603E-03  6.808368169357E-20 -2.842682467494E-20  8.229241390345E-20 -2.712594864082E-03
  6.418794455535E+02  6.493794455535E+02  2.485395297715E+01  4.059925406569E-14 -1.433725072607E-01  6.189423295936E+02  5.497537670956E-01  7.431677626285E-01 -3.017759916303E-01 -3.260561661294E-03 -3.586009925430E+00  3.890520547355E+00 -3.390613008072E-02  5.462596150770E-02 -2.071983142693E-02 -4.160374389450E-02 -8.912722965946E-04  1.106780708285E-06  3.907110259180E-07 -8.185325708610E-07  6.876886227219E-02 -1.106780747115E-06  3.521822264454E-03  6.249002989064E-20 -1.791679509511E-20  8.401981814497E-20 -2.548757168961E-03
  6.568794455535E+02  6.643794455535E+02  2.491886586251E+01  3.805015937747E-14 -1.397871730360E-01  6.221284725931E+02  5.356233202150E-01  7.212788074219E-01 -2.885158211042E-01 -3.722928093616E-03 -3.504988856867E+00  3.817356965301E+00 -3.263595460837E-02  5.279657379435E-02 -2.016061918589E-02 -4.005805369399E-02 -1.238996274539E-03  1.063383167612E-06  5.350993111677E-07  1.740208239589E-06  6.705725196721E-02 -1.063383165532E-06  2.957340948541E-03  5.387057915820E-20 -1.963941145608E-20  8.403395200162E-20 -2.433024679226E-03
  6.718794455535E+02  6.793794455535E+02  2.497967060231E+01  3.766841584022E-14 -1.378267985810E-01  6.251138631897E+02  5.208573946653E-01  7.028839559076E-01 -2.750595161083E-01 -3.489299768367E-03 -3.462662052429E+00  3.743149455047E+00 -3.176528583346E-02  5.122181213091E-02 -1.945652629728E-02 -3.778264894303E-02 -7.866964196542E-04  6.293315176228E-07  8.353340622235E-07  1.897378213247E-06  6.367168095147E-02 -6.293315651947E-07  2.191503025081E-03  7.780583562462E-20 -1.803044435202E-20  7.482602708246E-20 -2.305185282493E-03
  6.868794455535E+02  6.943794455535E+02  2.503822658595E+01  3.755901333581E-14 -1.356669810981E-01  6.279937368282E+02  5.055791542142E-01  6.863169793045E-01 -2.617679582888E-01 -3.807496735502E-03 -3.414530888221E+00  3.678026044588E+00 -3.091503831453E-02  4.989490267891E-02 -1.897986436386E-02 -3.602414532750E-02 -5.739833645933E-04 -1.666689418936E-07  7.053141370866E-07  1.560682929386E-06  6.045557612543E-02  1.666689415381E-07  3.620505602340E-04  5.712148225738E-20 -1.990940964562E-20  7.754375088407E-20 -2.185417150058E-03
  7.018794455535E+02  7.093794455535E+02  2.509300353484E+01  3.807245577830E-14 -1.371409005423E-01  6.306981683073E+02  4.896801184909E-01  6.709746384087E-01 -2.485826019459E-01 -3.468480980539E-03 -3.459128027499E+00  3.615457331487E+00 -3.029527812742E-02  4.867390956796E-02 -1.837863144012E-02 -3.371655980408E-02  9.795501916891E-05 -7.728348324470E-07  4.362300876890E-07 -1.099674621246E-06  5.625705581211E-02  7.728348517589E-07  9.179915806594E-04  5.347159787715E-20 -1.922242682814E-20  9.415739647648E-20 -2.029120132176E-03
  7.168794455535E+02  7.243794455535E+02  2.514371639100E+01  4.093403914440E-14 -1.339419283150E-01  6.332042522735E+02  4.733542240959E-01  6.573952845650E-01 -2.356332093618E-01 -3.633468931697E-03 -3.385701914665E+00  3.554997821000E+00 -2.984450918975E-02  4.724661787160E-02 -1.740210868175E-02 -3.114697464115E-02 -1.492052001853E-03  1.373739218263E-06  8.028655991121E-07 -3.621071469234E-06  5.263176703362E-02 -1.373739197333E-06  3.247116280776E-03  6.000628921649E-20 -2.446595146174E-20  8.714381424017E-20 -1.878933463362E-03
  7.318794455535E+02  7.393794455535E+02  2.519169926945E+01  4.207545321993E-14 -1.310613859225E-01  6.355787326592E+02  4.570220368659E-01  6.450785697043E-01 -2.224358872009E-01 -3.363097131809E-03 -3.321906252239E+00  3.482096046855E+00 -2.890898686941E-02  4.574709901229E-02 -1.683811214286E-02 -2.895391423365E-02 -1.740789864780E-03  1.097002922932E-06  9.881191383778E-07 -1.387941310560E-06  4.985343465196E-02 -1.097002946586E-06  3.702935566103E-03  5.181606355407E-20 -1.156617482662E-20  8.243458733303E-20 -1.745835856187E-03
  7.468794455535E+02  7.543794455535E+02  2.523719996981E+01  3.980843620600E-14 -1.270165155422E-01  6.378358808693E+02  4.401860109826E-01  6.307034390960E-01 -2.096484878335E-01 -3.461016845376E-03 -3.226607782514E+00  3.422734851873E+00 -2.847511556344E-02  4.448849591635E-02 -1.601338035346E-02 -2.690148053549E-02 -2.096092246304E-03 -1.414154670261E-07  7.305945706675E-07  3.531788831467E-07  4.654887207495E-02  1.414154641434E-07  3.588874190507E-03  3.937885515542E-20 -1.676302863978E-21  9.806747867174E-20 -1.620654867935E-03
  7.618794455535E+02  7.693794455535E+02  2.527900010206E+01  3.599470996147E-14 -1.243249424866E-01  6.399101909746E+02  4.229477258063E-01  6.139693122820E-01 -1.964564849083E-01 -3.134946484082E-03 -3.165773989594E+00  3.370867076486E+00 -2.779830945096E-02  4.353331488454E-02 -1.573500543348E-02 -2.517910548993E-02 -1.754677588207E-03  2.754940984140E-07  1.362253669548E-06 -5.742787290015E-07  4.435450793548E-02 -2.754940881422E-07  3.094386654330E-03  3.357458046044E-20 -1.162977045282E-20  8.853363972544E-20 -1.549028253879E-03
  7.768794455535E+02  7.843794455535E+02  2.532037709518E+01  3.020153340379E-14 -1.211913981393E-01  6.419726637107E+02  4.055303683467E-01  5.985736984684E-01 -1.835701386865E-01 -3.084299930531E-03 -3.097241508437E+00  3.328178289920E+00 -2.709626250183E-02  4.238545310672E-02 -1.528919060472E-02 -2.425916212998E-02 -1.609343978593E-03  1.216100196420E-06  2.524331628173E-06 -6.748025473667E-07  4.281715431978E-02 -1.216100223808E-06  4.046157757162E-03  5.328188671649E-20 -9.500037150768E-21  7.308286872179E-20 -1.471267794529E-03
  7.918794455535E+02  7.993794455535E+02  2.535927386595E+01  2.341490702139E-14 -1.167380236787E-01  6.439152476475E+02  3.874569921267E-01  5.799512101190E-01 -1.705070505081E-01 -2.764302625565E-03 -2.994483846961E+00  3.281198257912E+00 -2.641646760902E-02  4.120071350720E-02 -1.478424589815E-02 -2.273448522378E-02 -2.380533866533E-03 -1.522149818892E-06  2.853878405775E-06 -9.374992445245E-07  4.130438839148E-02  1.522149782424E-06  6.625671032080E-03  5.304638701183E-20 -2.980001441726E-21  9.099111972712E-20 -1.385655470918E-03
  8.068794455535E+02  8.143794455535E+02  2.539781477496E+01  1.756250339024E-14 -1.087864494563E-01  6.458438343386E+02  3.686448964685E-01  5.650683719757E-01 -1.575281128976E-01 -2.703215470106E-03 -2.801640261609E+00  3.235965601806E+00 -2.604555156207E-02  4.053807074385E-02 -1.449251918210E-02 -2.163054806330E-02 -3.189273086520E-03  2.109294134914E-08  2.314503720326E-06 -1.413035159344E-06  3.921769063658E-02 -2.109300071680E-08  8.388184595222E-03  5.984426815120E-20 -1.747736714507E-20  7.927663395926E-20 -1.299414505883E-03
  8.218794455535E+02  8.293794455535E+02  2.543281836183E+01  1.255969691675E-14 -1.010181612856E-01  6.475949336846E+02  3.495487482449E-01  5.507060623350E-01 -1.448531537697E-01 -2.293944306525E-03 -2.611936180536E+00  3.188490704048E+00 -2.553403580242E-02  3.952377902786E-02 -1.398974322546E-02 -1.998000933234E-02 -3.270349967681E-03  2.518910230212E-06  1.837804454271E-06 -4.039756459373E-07  3.726274914689E-02 -2.518910248091E-06  9.511638257848E-03  4.666563341821E-20 -1.485211718932E-20  9.559210922883E-20 -1.225037729083E-03
  8.368794455535E+02  8.443794455535E+02  2.546770570846E+01  8.580905228271E-15 -9.093776279899E-02  6.493449812524E+02  3.298685171644E-01  5.380472580622E-01 -1.319089077879E-01 -2.160671473445E-03 -2.362396957500E+00  3.141372117070E+00 -2.473946386598E-02  3.834150092740E-02 -1.360203706145E-02 -1.931424603031E-02 -3.787802337724E-03  1.180273774608E-06  1.743767209411E-06  2.642607976919E-07  3.764536474469E-02 -1.180273813554E-06  1.134728464618E-02  3.552754557995E-20 -1.473136563348E-20  7.701834902169E-20 -1.193408312780E-03
  8.518794455535E+02  8.593794455535E+02  2.550341230844E+01  5.932727327347E-15 -7.973687954744E-02  6.511412437540E+02  3.093608449106E-01  5.260652074327E-01 -1.193340898382E-01 -1.725876072080E-03 -2.083237073345E+00  3.104856176350E+00 -2.418763898043E-02  3.759189294039E-02 -1.340425395976E-02 -1.880657633900E-02 -4.347245624807E-03 -6.416805748388E-07  1.590331911790E-06  2.900499211286E-07  3.695768066378E-02  6.416805656590E-07  1.164152496116E-02  6.367215526448E-20 -1.583687738756E-20  9.119529821349E-20 -1.146031088787E-03
  8.668794455535E+02  8.743794455535E+02  2.553698824465E+01  5.134853552196E-15 -6.912483176281E-02  6.528314154383E+02  2.883438998744E-01  5.151890438115E-01 -1.066170174670E-01 -1.481701452061E-03 -1.820074296920E+00  3.062096215634E+00 -2.364234492480E-02  3.676661324473E-02 -1.312426832011E-02 -1.784746225058E-02 -4.182724904393E-03 -1.550588794459E-06  1.133665242354E-06  1.197132117080E-06  3.576458060940E-02  1.550588813958E-06  1.083270548543E-02  5.182930744565E-20 -2.060230541614E-20  9.356691548789E-20 -1.093421830519E-03
  8.818794455535E+02  8.893794455535E+02  2.557046440831E+01  4.890489995029E-15 -5.943738146609E-02  6.545173407160E+02  2.666358916045E-01  5.062292571789E-01 -9.412054407860E-02 -1.240833268577E-03 -1.576600441747E+00  3.006561555887E+00 -2.281940645681E-02  3.528927174188E-02 -1.246986528514E-02 -1.696642228661E-02 -4.254563289389E-03 -2.216822977843E-06 -1.033194325050E-07  2.014617823162E-06  3.386714758856E-02  2.216822971436E-06  1.171740629157E-02  4.844189213381E-20 -1.901170774722E-20  7.886762809945E-20 -1.013114660749E-03
  8.968794455535E+02  9.043794455535E+02  2.560049453060E+01  5.838224362865E-15 -4.715789770749E-02  6.560332774601E+02  2.434356994165E-01  5.026188479979E-01 -8.148540055163E-02 -8.295070261520E-04 -1.265053279253E+00  2.947045211856E+00 -2.203419105338E-02  3.400065459150E-02 -1.196646353804E-02 -1.538153226786E-02 -4.562764032669E-03 -6.661423978786E-07 -1.006080509021E-06  1.290064628227E-06  3.097049115771E-02  6.661423934898E-07  1.101371343498E-02  7.290108488147E-20 -1.554691339494E-20  9.527560547921E-20 -9.200768809757E-04
  9.118794455535E+02  9.193794455535E+02  2.562854207222E+01  8.162801308729E-15 -3.878022401814E-02  6.574556798696E+02  2.180718956382E-01  5.012466273386E-01 -6.877398101010E-02 -6.342831981181E-04 -1.050259842537E+00  2.908551420938E+00 -2.148643984760E-02  3.315910322148E-02 -1.167266337390E-02 -1.405631097518E-02 -3.558117284140E-03  1.027263212030E-06 -9.581603446438E-07  1.077564531464E-06  3.066057271388E-02 -1.027263189442E-06  8.830191536429E-03  7.087519274595E-20 -1.441483679344E-20  8.439836222394E-20 -8.546818116131E-04
  9.268794455535E+02  9.343794455535E+02  2.565799281193E+01  8.490870766903E-15 -3.059900613211E-02  6.589533758449E+02  1.895788313751E-01  5.018463071059E-01 -5.616913494434E-02 -4.009446479037E-04 -8.389992852173E-01  2.886593137237E+00 -2.090108915670E-02  3.246969290037E-02 -1.156860374345E-02 -1.345759573359E-02 -3.064468075250E-03  1.700017319204E-06 -5.764759326926E-07  1.810856518813E-06  3.160655414469E-02 -1.700017369321E-06  8.565272433791E-03  6.820262431924E-20 -9.213020131731E-21  9.305806032509E-20 -8.422559850202E-04
  9.418794455535E+02  9.493794455535E+02  2.568780818928E+01  7.496110286317E-15 -2.272121669706E-02  6.604734428125E+02  1.568682129428E-01  5.070733665365E-01 -4.347145855678E-02 -2.157033077661E-04 -6.318863764990E-01  2.869869905095E+00 -2.063730148539E-02  3.174815270881E-02 -1.111085122370E-02 -1.355243380465E-02 -3.065635400344E-03  4.834666054998E-07  1.514493984877E-07  2.844847237198E-06  3.479302754229E-02 -4.834666034010E-07  9.299394562998E-03  6.889080058103E-20 -2.071665403862E-20  8.692781171322E-20 -8.803407012536E-04
  9.568794455535E+02  9.643794455535E+02  2.572323432498E+01  7.192000105992E-15 -1.315886468532E-02  6.622903476459E+02  1.187074149879E-01  5.190415276487E-01 -3.065405281957E-02 -5.483586292443E-05 -3.801715626317E-01  2.893513765067E+00 -1.973062395425E-02  3.122844854225E-02 -1.149782458827E-02 -1.493237078791E-02 -2.998462573777E-03  6.616424496273E-07  3.681284510648E-07  2.496919820603E-07  4.267573512673E-02 -6.616424850524E-07  9.280026524991E-03  7.457640241895E-20 -2.011083329630E-20  8.805210967722E-20 -1.027420252886E-03
  9.718794455535E+02  9.793794455535E+02  2.576782948542E+01  5.642765976337E-15 -5.326306467272E-03  6.645878438938E+02  7.260614697890E-02  5.500126023041E-01 -1.756192681837E-02  3.007562436880E-05 -1.716627300878E-01  3.112273912025E+00 -2.062683211181E-02  3.444527196131E-02 -1.381843984903E-02 -1.857363278153E-02 -2.744005568504E-03  3.663350137552E-07 -1.591053443461E-07  7.355669083941E-07  5.625646614547E-02 -3.663350188916E-07  9.603566361433E-03  7.156304923308E-20 -2.055617377226E-20  1.056116667064E-19 -1.423351472688E-03
  9.868794455535E+02  9.943794455535E+02  2.582871297340E+01  1.994615857572E-15  4.840552180864E-03  6.677727381462E+02  1.491665592589E-02  6.300649534873E-01 -5.198620894301E-03 -6.942945682609E-05  1.017737626657E-01  3.129131879677E+00 -2.323878452907E-02  3.720202686242E-02 -1.396324233355E-02 -2.386121814458E-02 -2.224430290043E-03  1.707703523690E-06 -2.819708732472E-07  1.182522824706E-06  3.247280105586E-02 -1.707703559296E-06  5.422858425914E-03  8.693912160747E-20 -1.267575009502E-20  1.011369216207E-19 -6.916936390396E-04
