                   y                  ym                   U                   V                   W                 U^2                 V^2                 W^2                  UV                  VW                  UW                VISC               SFSxx               SFSyy               SFSzz               SFSxy               SFSyz                dUdX                dVdX                dWdX                dUdY                dVdY                dWdY                dUdZ                dVdZ                dWdZ              SFSxym
 -4.000000000000E+00 -2.000000000000E+00  0.000000000000E+00  0.000000000000E+00  0.000000000000E+00  0.000000000000E+00  0.000000000000E+00  0.000000000000E+00  0.000000000000E+00  0.000000000000E+00  0.000000000000E+00  0.000000000000E+00  0.000000000000E+00  0.000000000000E+00  0.000000000000E+00  0.000000000000E+00  0.000000000000E+00  0.000000000000E+00  0.000000000000E+00  0.000000000000E+00  0.000000000000E+00  0.000000000000E+00  0.000000000000E+00  0.000000000000E+00  0.000000000000E+00  0.000000000000E+00  0.000000000000E+00
  2.220446049250E-16  2.000000000000E+00  1.501110818172E+01  1.495525853041E-15 -5.475062338964E-02  2.295521192908E+02  8.376904877629E-02  1.149131937454E+00 -2.451919948937E-01 -2.090971175149E-03 -8.265128414806E-01  9.224168170579E-01 -1.700780778290E-03  6.642954279679E-03 -4.942173501319E-03 -7.062832215840E+00  2.142874404022E-02 -7.877474289217E-04 -6.950829895362E-05  1.102313903183E-05  6.330054784157E+01  7.877474289521E-04 -2.109146751112E-01  1.233262634454E-19  4.616181537261E-21  1.141314228320E-19 -1.083543267986E-02
  4.000000000000E+00  6.000000000000E+00  1.663943190510E+01  4.202586701673E-15 -5.070516874250E-02  2.807050039180E+02  3.329764106120E-01  1.057560221199E+00 -4.584551250149E-01 -3.292702878798E-03 -8.407517652184E-01  6.611753156560E+00  2.798475646594E-01 -3.543656331747E-01  7.451806851435E-02 -1.387739546263E+00 -1.444444125322E-01  2.189187947236E-04 -1.105870590763E-04 -3.998635443740E-06  4.368813523590E+00 -2.189187947088E-04  1.769222263661E-02  7.357285891065E-20  2.706680683692E-21  1.689493440907E-19 -1.030860072339E-01
  8.000000000000E+00  1.000000000000E+01  1.719523341444E+01  5.185501026691E-15 -4.587020671957E-02  2.989741400734E+02  3.935259717955E-01  9.639617347611E-01 -4.484186368914E-01 -3.286907460944E-03 -7.863417458900E-01  6.905521664516E+00  1.752267398673E-01 -4.614639549768E-01  2.862372151110E-01 -8.742674540555E-01 -1.657105202251E-02  1.772925151165E-04 -6.371659766444E-05 -3.504169056338E-08  2.147301880830E+00 -1.772925150441E-04  1.926195050756E-02  8.280184773122E-20  6.129700757773E-21  1.238741794192E-19 -5.290461851422E-02
  1.200000000000E+01  1.400000000000E+01  1.771300892264E+01  3.879878905586E-15 -4.107312097688E-02  3.169758017960E+02  4.241041085603E-01  9.370555808745E-01 -4.784241129463E-01 -3.277761689739E-03 -7.257127456778E-01  6.793854732886E+00  1.652284750453E-01 -4.253839937075E-01  2.601555186608E-01 -8.202307125994E-01  1.522590569916E-03  9.245091768336E-05 -3.597639033456E-05  3.007467893023E-06  1.787759103234E+00 -9.245091769706E-05  1.924289607086E-02  6.076520771551E-20 -1.003515548997E-20  9.766602167800E-20 -4.503926186849E-02
  1.600000000000E+01  1.800000000000E+01  1.808913142832E+01  2.611179989679E-15 -3.624491874892E-02  3.303162687425E+02  4.487283002326E-01  9.161648251707E-01 -4.766788973069E-01 -3.385168020049E-03 -6.540820154333E-01  6.398688659661E+00  1.376049757673E-01 -3.768805848154E-01  2.392756090436E-01 -6.070276499064E-01  1.026668991354E-03  6.018226502047E-05 -2.225292467442E-05  4.863421778738E-06  1.418595276023E+00 -6.018226503302E-05  1.906143427522E-02  5.561048233959E-20 -2.575815172140E-20  1.277552165443E-19 -3.535452498140E-02
  2.000000000000E+01  2.200000000000E+01  1.842229729103E+01  2.967935034022E-15 -3.154353910573E-02  3.424259938412E+02  4.695743279504E-01  9.058256367576E-01 -4.852744522342E-01 -3.425769283738E-03 -5.798196472901E-01  6.128639246845E+00  1.224902759335E-01 -3.417991087786E-01  2.193088328491E-01 -5.308413952465E-01 -1.948408015952E-03  5.345039070206E-05 -1.497438478588E-05 -4.838997584245E-06  1.217476683648E+00 -5.345039059536E-05  1.732003336095E-02  9.961318142259E-21 -2.017691676735E-20  8.832363376428E-20 -3.032696274235E-02
  2.400000000000E+01  2.600000000000E+01  1.869787869257E+01  3.913359384898E-15 -2.758622118076E-02  3.525986483291E+02  4.868816169294E-01  8.966686645948E-01 -4.852912687195E-01 -3.519236764994E-03 -5.161753158159E-01  5.851998459298E+00  1.068906102543E-01 -3.117184512744E-01  2.048278410208E-01 -4.396463295316E-01 -2.189354535197E-03  2.646403344710E-05 -1.096775535897E-05 -1.359308270732E-06  1.044785091013E+00 -2.646403344054E-05  1.523864175880E-02  2.280483890309E-20 -1.911914444984E-20  1.010374944403E-19 -2.582931475104E-02
  2.800000000000E+01  3.000000000000E+01  1.894471576662E+01  4.350044196383E-15 -2.394128832022E-02  3.618580742374E+02  5.007468063685E-01  8.905598444969E-01 -4.880165914297E-01 -3.594532734596E-03 -4.554943039684E-01  5.631512116797E+00  9.602441931373E-02 -2.883354803722E-01  1.923110610589E-01 -3.890640191363E-01 -2.967850825896E-03  1.937134781139E-05 -9.227835206898E-06  5.352232802215E-06  9.274643775974E-01 -1.937134795673E-05  1.386265855491E-02 -4.468294292666E-21 -1.952450734687E-20  6.463091155492E-20 -2.278055173524E-02
  3.200000000000E+01  3.400000000000E+01  1.916159939397E+01  4.864851793976E-15 -2.066785700809E-02  3.700929326688E+02  5.116367053867E-01  8.829792472710E-01 -4.878021690762E-01 -3.721670931106E-03 -3.995494767914E-01  5.422800921531E+00  8.638655413429E-02 -2.681293660586E-01  1.817428119223E-01 -3.402496454100E-01 -2.611166617782E-03  2.136063806507E-05 -7.745134263360E-06  4.428427902839E-06  8.302784269288E-01 -2.136063795201E-05  1.102254434070E-02 -7.223817881615E-21 -1.998056611383E-20  8.854622560852E-20 -2.020224066570E-02
  3.600000000000E+01  3.800000000000E+01  1.935986653978E+01  8.143521519737E-15 -1.840749535902E-02  3.777096597613E+02  5.198808227561E-01  8.757883995087E-01 -4.882390815252E-01 -3.788199460929E-03 -3.606465884764E-01  5.244151010761E+00  7.875972466931E-02 -2.510543348346E-01  1.722946101645E-01 -3.073641366408E-01 -2.155206079988E-03  1.972848632800E-05 -6.750427462088E-06  5.061977383234E-06  7.565618417025E-01 -1.972848628684E-05  8.890478893460E-03 -1.024260281818E-21 -1.619280964724E-20  1.025424183725E-19 -1.828590629943E-02
  4.000000000000E+01  4.200000000000E+01  1.953992304792E+01  1.182106277375E-14 -1.620162790064E-02  3.846944117943E+02  5.259407641937E-01  8.678935731483E-01 -4.875158700590E-01 -3.822490264658E-03 -3.214179900634E-01  5.080458131942E+00  7.218368778383E-02 -2.360343325115E-01  1.638506447278E-01 -2.780552603228E-01 -2.293967042621E-03  1.246723025797E-05 -6.613778712099E-06  3.016364877499E-06  6.944578954914E-01 -1.246723004776E-05  9.613023223082E-03 -6.923628293880E-21 -1.593620566571E-20  6.142138989589E-20 -1.665768834893E-02
  4.400000000000E+01  4.600000000000E+01  1.970709480906E+01  1.290588639285E-14 -1.359985808934E-02  3.912400675148E+02  5.301732905165E-01  8.594664381507E-01 -4.871122432816E-01 -3.870574641255E-03 -2.731506374469E-01  4.929534204448E+00  6.666797198836E-02 -2.226615535526E-01  1.559935815654E-01 -2.555011641679E-01 -2.573912898051E-03  7.204647606026E-06 -6.296890567205E-06 -3.567128575770E-06  6.433785014428E-01 -7.204647504725E-06  9.725681931562E-03 -9.524287905040E-21 -1.537089268031E-20  6.596553116411E-20 -1.529955353728E-02
  4.800000000000E+01  5.000000000000E+01  1.986161574812E+01  1.133143983737E-14 -1.135851718484E-02  3.973402186848E+02  5.329901024850E-01  8.508377403828E-01 -4.860966690602E-01 -3.916588723935E-03 -2.307908545516E-01  4.789307535713E+00  6.177543305644E-02 -2.107743650687E-01  1.489989320141E-01 -2.343586443315E-01 -2.337885877516E-03  1.435701942147E-05 -6.307809619335E-06 -8.030499905914E-07  5.984865883063E-01 -1.435701951679E-05  9.002892236520E-03 -1.964151238995E-20 -2.387694478918E-20  5.969108281674E-20 -1.410728995303E-02
  5.200000000000E+01  5.400000000000E+01  2.000635790903E+01  6.868510828274E-15 -9.132141270248E-03  4.030981539827E+02  5.347827701617E-01  8.422796486580E-01 -4.851425533312E-01 -3.936114715172E-03 -1.874821978009E-01  4.660437502146E+00  5.771358261302E-02 -2.002319986606E-01  1.425184160477E-01 -2.174213742417E-01 -2.486668855486E-03  1.853179890699E-05 -6.547535042976E-06  3.769752624158E-06  5.595104918065E-01 -1.853179864854E-05  9.140507116574E-03 -3.000041422285E-20 -1.017375303871E-20  9.700956943043E-20 -1.309621474485E-02
  5.600000000000E+01  5.800000000000E+01  2.014137827037E+01  1.359518228969E-15 -6.805484668654E-03  4.085088358744E+02  5.357630534335E-01  8.340463151724E-01 -4.839221346026E-01 -4.026976244276E-03 -1.407731662664E-01  4.541329949079E+00  5.401655733552E-02 -1.908593000246E-01  1.368427426887E-01 -2.016578651553E-01 -2.604969348684E-03  4.593554086977E-06 -6.490537831539E-06 -1.085790068893E-06  5.247499325837E-01 -4.593554240542E-06  9.296290730552E-03 -3.083860496365E-20 -2.392369155189E-22  9.769448168572E-20 -1.217367449076E-02
  6.000000000000E+01  6.200000000000E+01  2.026873401886E+01 -6.689604707850E-15 -4.490477252682E-03  4.136464615081E+02  5.360089446081E-01  8.259695966292E-01 -4.826530851689E-01 -4.072133859595E-03 -9.289014599939E-02  4.429865889965E+00  5.036172318203E-02 -1.821554427996E-01  1.317937196187E-01 -1.879014205386E-01 -2.712176822841E-03  7.620112994029E-08 -6.192426125106E-06 -1.419620123675E-06  4.947991570724E-01 -7.620148156463E-08  9.156074450892E-03 -3.771187933334E-21 -9.515112148789E-21  1.027689148959E-19 -1.134077241728E-02
  6.400000000000E+01  6.600000000000E+01  2.038876365390E+01 -1.603081416347E-14 -2.233611734161E-03  4.185172038546E+02  5.356218152922E-01  8.176807070593E-01 -4.813524802846E-01 -4.179114033260E-03 -4.594422535851E-02  4.325571397998E+00  4.715384043382E-02 -1.741803111859E-01  1.270264707534E-01 -1.752157192489E-01 -2.462621225069E-03  2.507213807061E-06 -5.377150307296E-06 -9.862355651435E-07  4.672207594997E-01 -2.507213805521E-06  8.922438187411E-03 -9.925219238721E-21 -8.208445677227E-21  1.209515272877E-19 -1.060578401050E-02
  6.800000000000E+01  7.000000000000E+01  2.050233653035E+01 -2.527264320398E-14 -3.693108912896E-05  4.231504379985E+02  5.347990713145E-01  8.098068258903E-01 -4.798503529356E-01 -4.249200621935E-03 -7.911433169610E-04  4.227461716752E+00  4.414656463744E-02 -1.667855743984E-01  1.226390097627E-01 -1.642618948329E-01 -2.198976537154E-03  2.827360329515E-06 -4.658747194726E-06 -3.676601024777E-06  4.424205008795E-01 -2.827360625396E-06  8.237742254953E-03 -2.674684728448E-20 -1.468797389961E-20  9.880981343786E-20 -9.946682502127E-03
  7.200000000000E+01  7.400000000000E+01  2.060997095408E+01 -2.772816829479E-14  1.876712167055E-03  4.275653827637E+02  5.336546719644E-01  8.023894009342E-01 -4.783886442715E-01 -4.347367774804E-03  3.893855163425E-02  4.134209371976E+00  4.153388741074E-02 -1.600913025047E-01  1.185574150934E-01 -1.541292897552E-01 -1.948797601253E-03  1.725217906739E-06 -4.533690549311E-06 -1.846114260478E-06  4.186801278101E-01 -1.725217819389E-06  7.810045002365E-03 -2.620146126632E-20  1.413917856555E-21  9.890384842225E-20 -9.334022767621E-03
  7.600000000000E+01  7.800000000000E+01  2.071166979264E+01 -2.205009921397E-14  3.874361236943E-03  4.317579700116E+02  5.322582755923E-01  7.949039733621E-01 -4.767755035086E-01 -4.415124682476E-03  8.108700921552E-02  4.045980795734E+00  3.919477238316E-02 -1.539705107261E-01  1.147757383446E-01 -1.446288787360E-01 -2.034069724137E-03  3.412123247723E-06 -4.574075313391E-06 -1.180497993757E-06  3.975743453207E-01 -3.412123117222E-06  8.533328259266E-03 -4.970025334242E-20  1.524990685825E-20  7.257503625126E-20 -8.784786664372E-03
  8.000000000000E+01  8.200000000000E+01  2.080875071113E+01 -1.820397635801E-14  6.156994975831E-03  4.357785645219E+02  5.306698852229E-01  7.874731118290E-01 -4.751829789838E-01 -4.509486275798E-03  1.290924020980E-01  3.965501720505E+00  3.686616643335E-02 -1.482304690902E-01  1.113643026566E-01 -1.365275422163E-01 -2.211083432464E-03 -1.187326051148E-06 -4.424567614502E-06 -3.341514477439E-06  3.795875285068E-01  1.187325896420E-06  9.154761903144E-03 -2.364650365166E-20  8.952549220499E-21  9.705793482004E-20 -8.296768606438E-03
  8.400000000000E+01  8.600000000000E+01  2.090145278562E+01 -1.437763153614E-14  8.450590115770E-03  4.396343490100E+02  5.290030983736E-01  7.801602212940E-01 -4.734967151893E-01 -4.577300809222E-03  1.779453123716E-01  3.886682868362E+00  3.481768191008E-02 -1.428242548424E-01  1.080065729324E-01 -1.290779308521E-01 -2.271080384341E-03  5.095492019948E-07 -3.934552746733E-06 -3.226151727255E-06  3.624889589012E-01 -5.095490637391E-07  9.687803457064E-03 -1.283653912191E-20  5.269809378667E-21  9.500319653492E-20 -7.846363391582E-03
  8.800000000000E+01  9.000000000000E+01  2.098999573714E+01 -8.873060887022E-15  1.099008976835E-02  4.433327092681E+02  5.273408599779E-01  7.729930627577E-01 -4.718472488631E-01 -4.641472680237E-03  2.319867793404E-01  3.809893977669E+00  3.285821548014E-02 -1.376881182942E-01  1.048299028134E-01 -1.220313985883E-01 -2.357936567397E-03 -8.664341446879E-07 -3.442905026875E-06 -2.980328211561E-06  3.463473410780E-01  8.664341331311E-07  1.058727876736E-02 -4.184698912718E-20  1.562272065959E-20  8.121259696454E-20 -7.422795699970E-03
  9.200000000000E+01  9.400000000000E+01  2.107462795303E+01 -6.722700991088E-15  1.374597231887E-02  4.468822861968E+02  5.257059671238E-01  7.655484293733E-01 -4.700807647107E-01 -4.707868949953E-03  2.904157256448E-01  3.735460354468E+00  3.117062674019E-02 -1.327941130783E-01  1.016234863393E-01 -1.155367073910E-01 -2.538494725302E-03 -2.936629465157E-06 -3.210213530631E-06 -1.512909597590E-06  3.303236522877E-01  2.936629516523E-06  1.109304848484E-02 -4.814385874840E-20  1.441427249954E-20  9.666367033402E-20 -7.022818683574E-03
  9.600000000000E+01  9.800000000000E+01  2.115514906837E+01 -7.535584388834E-15  1.654560160176E-02  4.502719134961E+02  5.240903902120E-01  7.577283001194E-01 -4.683380426321E-01 -4.767062557312E-03  3.501622140141E-01  3.665115364981E+00  2.962375651068E-02 -1.281664139927E-01  9.854265748174E-02 -1.092772365325E-01 -2.604812278925E-03 -7.210871454969E-07 -3.017210802602E-06 -3.675964015368E-06  3.145010936668E-01  7.210870533504E-07  1.117039072901E-02 -4.024541558101E-20  1.689193059974E-20  8.882302113226E-20 -6.642140162065E-03
  1.000000000000E+02  1.020000000000E+02  2.123188419101E+01 -8.148519185791E-15  1.933982070595E-02  4.535121883184E+02  5.224837911284E-01  7.499240630268E-01 -4.665516497172E-01 -4.855323296534E-03  4.101655426650E-01  3.597243265105E+00  2.814930117826E-02 -1.237821475154E-01  9.563284633701E-02 -1.032759355928E-01 -2.473809921777E-03 -1.217664838972E-06 -2.811610101509E-06 -1.840592982962E-06  3.000601375664E-01  1.217664922940E-06  1.108442345524E-02 -4.136388471402E-20  9.889487312175E-21  7.841199896937E-20 -6.289177146897E-03
  1.040000000000E+02  1.060000000000E+02  2.130519753134E+01 -9.959512995856E-15  2.210197861580E-02  4.566166444480E+02  5.208922764201E-01  7.427608320830E-01 -4.647132190958E-01 -4.914035216834E-03  4.698598956054E-01  3.535063638339E+00  2.680788324974E-02 -1.199293722713E-01  9.312148902175E-02 -9.801395603482E-02 -2.532574054274E-03  2.398076160204E-07 -2.516897300607E-06 -8.349129767493E-07  2.872677122936E-01 -2.398078168829E-07  1.118842988411E-02 -5.711674128840E-20  1.290013279668E-20  6.150108749890E-20 -5.972205350812E-03
  1.080000000000E+02  1.100000000000E+02  2.137554331280E+01 -1.157599081696E-14  2.493838889214E-02  4.596040017201E+02  5.193127960682E-01  7.358435238185E-01 -4.628628076247E-01 -4.982004405773E-03  5.317049291643E-01  3.476615189958E+00  2.549723801780E-02 -1.163312675212E-01  9.083402950369E-02 -9.303584423832E-02 -2.562314133039E-03  5.157242777644E-06 -2.224469639258E-06 -2.106446913988E-06  2.757577633242E-01 -5.157242766520E-06  1.091745026316E-02 -4.488764045066E-20  2.303371954395E-20  7.984477210279E-20 -5.675136592622E-03
  1.120000000000E+02  1.140000000000E+02  2.144309628680E+01 -1.084389009432E-14  2.754851156932E-02  4.624811994007E+02  5.177403357593E-01  7.288605717195E-01 -4.609605142777E-01 -5.054013539131E-03  5.891664842339E-01  3.422533739440E+00  2.416439778788E-02 -1.131913578984E-01  8.902696011018E-02 -8.852204858385E-02 -2.497905482412E-03  8.173426932197E-09 -1.950369228172E-06 -2.424689962492E-07  2.638841723068E-01 -8.173581031037E-09  1.020058982182E-02 -2.650629374262E-20  1.834071591384E-20  8.377607715624E-20 -5.387641076340E-03
  1.160000000000E+02  1.180000000000E+02  2.150746891403E+01 -9.784140150270E-15  3.003820618305E-02  4.652300270512E+02  5.162516069953E-01  7.221311295443E-01 -4.590859960830E-01 -5.142100108447E-03  6.437925990791E-01  3.368353071996E+00  2.294901811841E-02 -1.100701262790E-01  8.712110816074E-02 -8.391640430341E-02 -2.188972919839E-03 -2.341062988840E-06 -1.004522043842E-06  4.097873547064E-06  2.527008243078E-01  2.341063083154E-06  9.696642294386E-03 -9.319445529683E-20  3.854107239387E-20  8.195359484626E-20 -5.118762861540E-03
  1.200000000000E+02  1.220000000000E+02  2.156943118082E+01 -9.058120898318E-15  3.240617500548E-02  4.678825771190E+02  5.148990734424E-01  7.153103300250E-01 -4.571140828207E-01 -5.215079400293E-03  6.961261325942E-01  3.315750847170E+00  2.193050489901E-02 -1.069388459916E-01  8.500834109291E-02 -7.995869061178E-02 -2.020114202292E-03  5.528444754015E-06  2.063653547045E-07  1.932675606233E-06  2.435196378054E-01 -5.528444766409E-06  9.151104024753E-03 -4.001902411522E-20  3.611481352939E-20  7.569911121324E-20 -4.886075583686E-03
  1.240000000000E+02  1.260000000000E+02  2.162925126835E+01 -6.869451766682E-15  3.461976265070E-02  4.704506427629E+02  5.137306110360E-01  7.084743594109E-01 -4.552052518321E-01 -5.302039501937E-03  7.454146860623E-01  3.267008054965E+00  2.099283136630E-02 -1.039393254958E-01  8.294649413011E-02 -7.644065168369E-02 -2.040115163539E-03  5.490196067626E-06  5.604247292300E-07 -1.967419626338E-07  2.350748147373E-01 -5.490195886791E-06  8.343430788528E-03 -3.895224071924E-20  4.078213349687E-20  7.779861610518E-20 -4.678580966407E-03
  1.280000000000E+02  1.300000000000E+02  2.168698063465E+01 -2.213775025563E-15  3.658298152778E-02  4.729346491072E+02  5.127540094183E-01  7.017938335706E-01 -4.531954892588E-01 -5.395536660321E-03  7.898045818858E-01  3.221233947635E+00  2.007834766132E-02 -1.009933556231E-01  8.091500796173E-02 -7.321083949003E-02 -1.822982895982E-03  1.571717018077E-06  4.997560759233E-07  1.150556437490E-07  2.267828895728E-01 -1.571717123360E-06  7.206974392887E-03 -4.245003497088E-20  2.313048939761E-20  6.474074151797E-20 -4.476187912487E-03
  1.320000000000E+02  1.340000000000E+02  2.174262614629E+01  1.807153999650E-15  3.822970411761E-02  4.753353701946E+02  5.118650689203E-01  6.953948459873E-01 -4.512487966002E-01 -5.480682864135E-03  8.277824147380E-01  3.176485713332E+00  1.912523278444E-02 -9.832368787676E-02  7.919845509212E-02 -7.004247260089E-02 -1.596908497979E-03 -2.783998342680E-06  6.481363900587E-07  2.290914455210E-06  2.182784133467E-01  2.783998505566E-06  6.410922868421E-03 -3.231990682538E-20  3.216716895787E-20  5.961601213820E-20 -4.279557759329E-03
  1.360000000000E+02  1.380000000000E+02  2.179611805571E+01  4.453611596988E-15  3.980423821757E-02  4.776487838143E+02  5.109988985603E-01  6.892294866905E-01 -4.492178369016E-01 -5.554051987296E-03  8.646053525545E-01  3.133540944463E+00  1.831011875696E-02 -9.587822897589E-02  7.756811021948E-02 -6.693460086643E-02 -1.484013537753E-03 -8.641775183298E-07  8.215904065491E-07  2.809079069681E-06  2.093958148923E-01  8.641773636838E-07  6.386425488339E-03 -6.388704544220E-20  3.285849947697E-20  5.550905963025E-20 -4.085062877574E-03
  1.400000000000E+02  1.420000000000E+02  2.184733757414E+01  6.765519242925E-15  4.143565297511E-02  4.798694768164E+02  5.102137829697E-01  6.829529917880E-01 -4.473039692297E-01 -5.620805845105E-03  9.025029862022E-01  3.091126296713E+00  1.764668236296E-02 -9.361801710446E-02  7.597133474108E-02 -6.372010734830E-02 -1.492772626272E-03 -2.985526716230E-06  7.712743535106E-07  1.510298077649E-06  2.009503713408E-01  2.985526928690E-06  6.523464550041E-03 -5.636310548042E-20  3.371304066594E-20  5.746700747446E-20 -3.889249091301E-03
  1.440000000000E+02  1.460000000000E+02  2.189659640697E+01  7.513591528466E-15  4.306580876129E-02  4.820089122766E+02  5.095485005102E-01  6.768186144891E-01 -4.452685720320E-01 -5.694569152494E-03  9.402295318089E-01  3.048424415860E+00  1.698826216880E-02 -9.136201462237E-02  7.437375245392E-02 -6.075540891875E-02 -1.448185233866E-03 -2.005258146724E-06  6.125954733779E-07  1.063335907992E-06  1.934961782372E-01  2.005258130935E-06  6.394167003088E-03 -5.713855705398E-20  3.828090030770E-20  5.133380641785E-20 -3.714963639423E-03
  1.480000000000E+02  1.500000000000E+02  2.194408775193E+01  7.252127139553E-15  4.462863755829E-02  4.840754872114E+02  5.089675832712E-01  6.711172676477E-01 -4.432904680556E-01 -5.754663749004E-03  9.758931012938E-01  3.006122551872E+00  1.636085939853E-02 -8.912626475906E-02  7.276540536118E-02 -5.813373695107E-02 -1.299766906048E-03  2.853990940732E-06  6.083177359208E-07  8.500462424028E-07  1.859924975582E-01 -2.853990848150E-06  6.312151384278E-03 -7.126417303094E-20  2.152205118993E-20  5.629927212506E-20 -3.552290446310E-03
  1.520000000000E+02  1.540000000000E+02  2.198960562350E+01  8.225352125939E-15  4.621551753023E-02  4.860594918995E+02  5.084006054010E-01  6.656308053541E-01 -4.412558408105E-01 -5.836372153670E-03  1.012495500284E+00  2.966514327925E+00  1.570907919073E-02 -8.704911523357E-02  7.134003604347E-02 -5.550684505944E-02 -1.256309875595E-03  4.803782885821E-07  4.872129783803E-07 -7.796095771047E-08  1.789222372020E-01 -4.803782791498E-07  5.813164555469E-03 -3.993444078811E-20  2.912032801075E-20  3.678381231470E-20 -3.395202903739E-03
  1.560000000000E+02  1.580000000000E+02  2.203355218677E+01  9.680768899908E-15  4.752414050649E-02  4.879779181797E+02  5.078289767246E-01  6.601292544977E-01 -4.392495735799E-01 -5.891014700346E-03  1.042701335932E+00  2.929285194142E+00  1.503546388226E-02 -8.512387246823E-02  7.008840858643E-02 -5.315469127141E-02 -1.109474410731E-03 -4.793504159493E-06  4.536189301538E-07 -9.609800395815E-07  1.728469569230E-01  4.793504301878E-06  4.727765413303E-03 -3.138496118702E-20  3.771831236731E-20  5.472439873209E-20 -3.247412466521E-03
  1.600000000000E+02  1.620000000000E+02  2.207600782483E+01  9.678348472768E-15  4.857231641111E-02  4.898350397228E+02  5.072749803152E-01  6.547935524169E-01 -4.371977892588E-01 -5.973573354767E-03  1.067328588791E+00  2.894675818408E+00  1.448372124028E-02 -8.338147945306E-02  6.889775821296E-02 -5.086873024151E-02 -9.399980368454E-04 -1.657636221930E-06  1.247225327563E-06 -1.616166499205E-06  1.669683461561E-01  1.657636176683E-06  3.701307175182E-03 -1.561482895783E-20  4.366268253770E-20  4.749402530644E-20 -3.112722085720E-03
  1.640000000000E+02  1.660000000000E+02  2.211702899067E+01  1.047873120017E-14  4.937313365759E-02  4.916324010583E+02  5.067962726555E-01  6.493681870364E-01 -4.351857012983E-01 -6.028241141929E-03  1.086594065482E+00  2.860110010968E+00  1.393233853067E-02 -8.155550842638E-02  6.762316989558E-02 -4.870033722363E-02 -7.376691695746E-04  3.451311196301E-06  2.232114581187E-06 -1.440953403206E-06  1.605607126540E-01 -3.451311163786E-06  2.683039984491E-03 -4.722439735586E-20  3.597969885750E-20  4.118323979919E-20 -2.978096105876E-03
  1.680000000000E+02  1.700000000000E+02  2.215629774703E+01  1.230428411068E-14  4.990543180597E-02  4.933551152042E+02  5.064214200552E-01  6.443562804607E-01 -4.331040873721E-01 -6.099231599656E-03  1.100024082260E+00  2.826149262572E+00  1.343685801938E-02 -7.976441342541E-02  6.632755540555E-02 -4.658709892317E-02 -5.204198890842E-04 -2.031408376837E-07  2.583579505700E-06 -1.579588295815E-06  1.544809530228E-01  2.031408625946E-07  2.046077842894E-03 -4.117617029849E-20  4.676842392906E-20  3.763592846710E-20 -2.850493127797E-03
  1.720000000000E+02  1.740000000000E+02  2.219426969110E+01  1.364542307995E-14  5.038196847228E-02  4.950240401292E+02  5.061531841374E-01  6.397264458092E-01 -4.310984657084E-01 -6.142109144118E-03  1.112401732230E+00  2.793756217552E+00  1.291287274285E-02 -7.795101754116E-02  6.503814479823E-02 -4.468890335069E-02 -4.328342882820E-04 -3.285930889067E-06  2.594617989923E-06  9.250814487678E-07  1.488526816748E-01  3.285930995802E-06  1.748275752176E-03 -4.947454461292E-20  4.696879409805E-20  2.925651363024E-20 -2.738728571581E-03
  1.760000000000E+02  1.780000000000E+02  2.223072415474E+01  1.554037468733E-14  5.077987015204E-02  4.966283779311E+02  5.059688644949E-01  6.353013707645E-01 -4.289711593221E-01 -6.205753217879E-03  1.122982895662E+00  2.763121069713E+00  1.252593908126E-02 -7.635115487192E-02  6.382521579099E-02 -4.291950208892E-02 -3.322390435455E-04 -2.361467709534E-06  2.505382575224E-06  3.299433096826E-06  1.430459226023E-01  2.361467790572E-06  9.396884358627E-04 -3.226039931584E-20  5.399453562872E-20  2.322621202072E-20 -2.626809406333E-03
  1.800000000000E+02  1.820000000000E+02  2.226579340682E+01  1.815553328337E-14  5.086449023931E-02  4.981742179307E+02  5.057971532567E-01  6.313126739722E-01 -4.269603782531E-01 -6.241493117783E-03  1.126730652958E+00  2.734463166162E+00  1.217279135152E-02 -7.494054004389E-02  6.276774869273E-02 -4.112523273536E-02 -1.792435021526E-04 -2.333277099539E-06  2.268870864932E-06 -7.038409023594E-07  1.376735345328E-01  2.333277199957E-06  2.234833053058E-04 -5.967625218010E-20  3.366232906108E-20  3.175007949844E-20 -2.516067378517E-03
  1.840000000000E+02  1.860000000000E+02  2.229955374597E+01  2.099193301824E-14  5.088939700426E-02  4.996642227405E+02  5.055733415103E-01  6.275940284213E-01 -4.248291180948E-01 -6.290265098381E-03  1.129147404186E+00  2.706357760383E+00  1.173096967625E-02 -7.359485343302E-02  6.186388375696E-02 -3.932731534157E-02 -1.172631984654E-04 -2.348293791903E-06  2.152438312026E-06 -1.291231608470E-06  1.322930613135E-01  2.348293870084E-06 -3.911166499729E-04 -4.224292664607E-20  4.768890825358E-20  1.429249929289E-20 -2.401478032967E-03
  1.880000000000E+02  1.900000000000E+02  2.233192998986E+01  2.421428444040E-14  5.066055981934E-02  5.010947366589E+02  5.052776776202E-01  6.247720897462E-01 -4.228121221868E-01 -6.332449594265E-03  1.125326358073E+00  2.680060401020E+00  1.139271471783E-02 -7.241931069116E-02  6.102659597338E-02 -3.761714373537E-02  3.151533870095E-05  9.844659741137E-07  2.268495977579E-06  1.437195198616E-06  1.276143985922E-01 -9.844659022067E-07 -1.807707608816E-03 -6.244383835234E-20  5.233587391856E-20  2.085825948421E-20 -2.311002862424E-03
  1.920000000000E+02  1.940000000000E+02  2.236335653986E+01  2.690592330821E-14  4.999088358799E-02  5.024834078429E+02  5.049214909127E-01  6.218315749397E-01 -4.206330530071E-01 -6.390690792612E-03  1.111875674290E+00  2.653851388045E+00  1.112372888809E-02 -7.123948831162E-02  6.011575942306E-02 -3.629244611319E-02  3.368700549221E-04  2.433287617512E-06  2.172306531565E-06  3.963269536151E-06  1.232062861917E-01 -2.433287657357E-06 -2.983798609357E-03 -4.254408386954E-20  5.417036843852E-20  6.792583050703E-21 -2.223757073355E-03
  1.960000000000E+02  1.980000000000E+02  2.239353233487E+01  2.692984167549E-14  4.918289996822E-02  5.038193888278E+02  5.046104841990E-01  6.194309981520E-01 -4.186540554911E-01 -6.412436713730E-03  1.095376872341E+00  2.630941972019E+00  1.084117911868E-02 -7.006041006141E-02  5.921923094237E-02 -3.487773652418E-02  2.502218437455E-04 -1.418265516385E-06  1.589173693208E-06  4.293267993925E-06  1.195291371074E-01  1.418265522076E-06 -3.515596801053E-03 -6.196972728739E-20  4.668209643064E-20  9.240091284182E-21 -2.143188584450E-03
  2.000000000000E+02  2.020600000000E+02  2.242311493408E+01  2.659420665456E-14  4.824260496570E-02  5.051289496201E+02  5.042062571993E-01  6.164405632934E-01 -4.164612572877E-01 -6.464338140038E-03  1.075744802096E+00  2.608335421772E+00  1.002649685516E-02 -6.778489299805E-02  5.775839614278E-02 -3.382638133037E-02  6.610676475191E-04 -3.066465473969E-07  1.044102513632E-06  1.119136611341E-06  1.148995237522E-01  3.066465082981E-07 -3.586372878487E-03 -4.698049434252E-20  4.356626617751E-20 -6.898728757177E-21 -2.085900298291E-03
  2.041200000000E+02  2.062418000000E+02  2.245270124451E+01  2.962466405000E-14  4.733441487092E-02  5.064410587404E+02  5.037589871800E-01  6.137480736322E-01 -4.142801307113E-01 -6.461845774531E-03  1.056243736427E+00  2.588867764606E+00  9.193101209299E-03 -6.551953090113E-02  5.632642969225E-02 -3.288895711304E-02  6.586281907615E-04  2.874180970661E-06  9.029854803956E-07  2.404125982637E-07  1.113441870249E-01 -2.874180703007E-06 -3.677825705014E-03 -5.788640684659E-20  4.841118345545E-20 -9.198707298484E-21 -2.023835423841E-03
  2.083636000000E+02  2.105490540000E+02  2.248218251032E+01  3.533353796180E-14  4.628697297057E-02  5.077482757847E+02  5.032315115004E-01  6.112370159864E-01 -4.119569427437E-01 -6.514648242693E-03  1.033323939180E+00  2.569157235786E+00  8.348064961332E-03 -6.314944436624E-02  5.480137940497E-02 -3.191363754692E-02  7.637454136692E-04  3.809649452985E-06  8.684077774276E-07  2.773253426824E-07  1.078160458664E-01 -3.809649720325E-06 -4.343848079195E-03 -4.381771404664E-20  5.282389216842E-20  1.249380447865E-20 -1.968946473038E-03
  2.127345080000E+02  2.149855256200E+02  2.251161507263E+01  4.328841047193E-14  4.495825146528E-02  5.090545899292E+02  5.026602881720E-01  6.090386673230E-01 -4.096289157292E-01 -6.519347428985E-03  1.003718454449E+00  2.551127313854E+00  7.498080214441E-03 -6.087902422025E-02  5.338094400602E-02 -3.113106408501E-02  8.534173163868E-04  3.618211256804E-07  7.449322583692E-07 -8.893294931272E-07  1.039249316577E-01 -3.618207932191E-07 -5.475391699390E-03 -6.403557299365E-20  5.692443271958E-20 -1.013844823761E-20 -1.916311583758E-03
  2.172365432400E+02  2.195550913886E+02  2.254066376077E+01  4.896669405311E-14  4.320310122572E-02  5.103443901451E+02  5.020542571684E-01  6.065815173471E-01 -4.071875039832E-01 -6.573577514038E-03  9.641699481128E-01  2.533767835976E+00  6.630012337429E-03 -5.865547364835E-02  5.202546131067E-02 -3.015106876748E-02  1.035499414770E-03  6.297101702172E-07  5.380444652047E-07 -3.062348324392E-06  9.984950033552E-02 -6.297102389282E-07 -6.877711203692E-03 -5.909656635067E-20  4.710041246269E-20  5.656220576952E-21 -1.856633092291E-03
  2.218736395372E+02  2.242617441303E+02  2.256948287539E+01  5.115763350409E-14  4.096997434800E-02  5.116239162811E+02  5.013859874604E-01  6.043562568313E-01 -4.046874115906E-01 -6.588935359470E-03  9.145527132757E-01  2.515741722432E+00  5.705705370591E-03 -5.631729075398E-02  5.061158538315E-02 -2.930643633084E-02  1.297177897675E-03  1.616199908236E-07  1.585791639652E-07 -4.038996204800E-06  9.646178784191E-02 -1.616199020641E-07 -8.509984373784E-03 -6.869297055018E-20  6.571062103085E-20 -1.276002862534E-20 -1.805007795700E-03
  2.266498487233E+02  2.291095964542E+02  2.259824817079E+01  5.465710400191E-14  3.812148420222E-02  5.129022472521E+02  5.006732191320E-01  6.022110207430E-01 -4.020848307502E-01 -6.641493794447E-03  8.513119924733E-01  2.501093876667E+00  4.805597663055E-03 -5.396379879033E-02  4.915820112692E-02 -2.846818178134E-02  1.601121446860E-03  1.006148048687E-06 -3.037344066969E-07 -4.096532121790E-06  9.301977440238E-02 -1.006148095817E-06 -9.725723714153E-03 -6.335184744751E-20  6.057610738561E-20 -8.714224789627E-21 -1.755022543201E-03
  2.315693441850E+02  2.341028843478E+02  2.262668259915E+01  5.854928257354E-14  3.499363250478E-02  5.141664942096E+02  4.999676523087E-01  6.003806575208E-01 -3.993977082515E-01 -6.661691938477E-03  7.815484398005E-01  2.485755180388E+00  3.952987746157E-03 -5.152153427938E-02  4.756854653338E-02 -2.769320387671E-02  1.862403988719E-03 -6.532972455533E-07 -7.096029208064E-07 -3.053084219961E-06  8.964072163175E-02  6.532972846907E-07 -1.000169480970E-02 -4.139180728997E-20  6.086467141207E-20 -1.120341673283E-20 -1.708785077953E-03
  2.366364245106E+02  2.392459708782E+02  2.265501778489E+01  5.957616460347E-14  3.179127598751E-02  5.154267596323E+02  4.992587222670E-01  5.987954623208E-01 -3.966161343378E-01 -6.693824899420E-03  7.098807012772E-01  2.471393564122E+00  3.110233330161E-03 -4.900761413363E-02  4.589738080394E-02 -2.703848601361E-02  1.978834946266E-03 -1.456287047682E-06 -9.898945623089E-07 -1.920565879792E-06  8.670335473553E-02  1.456287152449E-06 -1.007643940009E-02 -6.811729055674E-20  6.561974687164E-20 -7.723453592394E-21 -1.664671657568E-03
  2.418555172459E+02  2.445433500046E+02  2.268323708513E+01  5.690654277373E-14  2.842311656411E-02  5.166823938434E+02  4.984583324972E-01  5.972387291282E-01 -3.938154050218E-01 -6.701966880593E-03  6.339848069564E-01  2.458645616734E+00  2.239992211123E-03 -4.655648844532E-02  4.431649623386E-02 -2.630450851523E-02  2.132089717619E-03 -6.878601615141E-07 -1.227936794575E-06 -5.650533149684E-08  8.334120738938E-02  6.878601388490E-07 -9.908332570617E-03 -8.376652498503E-20  5.271830737916E-20 -2.851696198763E-22 -1.623548775704E-03
  2.472311827633E+02  2.499996505047E+02  2.271101959404E+01  5.340234987073E-14  2.513706257934E-02  5.179174629434E+02  4.976071845342E-01  5.959008439443E-01 -3.908418707271E-01 -6.737355116541E-03  5.594456488752E-01  2.447789227945E+00  1.441329297161E-03 -4.413944416978E-02  4.269811487255E-02 -2.567572078072E-02  2.201395845207E-03 -7.823342591467E-08 -1.362865550410E-06  4.647273409539E-08  8.084962054792E-02  7.823335434983E-08 -9.886227749936E-03 -6.479909023039E-20  6.009479243559E-20 -8.374817482831E-21 -1.591674972320E-03
  2.527681182462E+02  2.556196400198E+02  2.273919886073E+01  5.269820611426E-14  2.158364220985E-02  5.191709158141E+02  4.967899210893E-01  5.944573273884E-01 -3.878476324783E-01 -6.752711144040E-03  4.788227321218E-01  2.438669750202E+00  6.810786775027E-04 -4.168250413547E-02  4.100142545805E-02 -2.524434955418E-02  2.287930392196E-03 -2.309034184746E-07 -1.786298261738E-06 -3.994731255736E-07  7.882996262578E-02  2.309034504692E-07 -1.022552641239E-02 -4.925994893184E-20  5.938641131727E-20  4.904894615264E-22 -1.560513322451E-03
  2.584711617935E+02  2.614082292204E+02  2.276721898714E+01  5.454452453215E-14  1.785923424534E-02  5.204179191619E+02  4.960282187152E-01  5.925072262280E-01 -3.847229354963E-01 -6.799995291303E-03  3.939368441645E-01  2.430161183150E+00 -9.242539952321E-05 -3.916481200637E-02  3.925723740618E-02 -2.476911641319E-02  2.340099071757E-03 -1.092654171174E-06 -2.767739647705E-06  7.131797840245E-07  7.523953390079E-02  1.092654151486E-06 -1.053504978525E-02 -4.436961676314E-20  5.748337467490E-20 -7.071932697401E-21 -1.530811701390E-03
  2.643452966473E+02  2.673704760971E+02  2.279444481912E+01  5.575986672174E-14  1.386085952197E-02  5.216287347145E+02  4.953037459550E-01  5.913156673052E-01 -3.815790721970E-01 -6.809468980793E-03  3.021723288346E-01  2.422873905516E+00 -9.462989818236E-04 -3.653628108962E-02  3.748258007148E-02 -2.414919394654E-02  2.463305146198E-03 -8.573432055518E-07 -3.603616917941E-06  1.522636624289E-06  7.198193734009E-02  8.573431847082E-07 -1.110976719786E-02 -6.683968741805E-20  6.381855892917E-20 -6.339336006519E-21 -1.494472457014E-03
  2.703956555468E+02  2.735115903800E+02  2.282166083275E+01  5.336247866109E-14  9.457642566405E-03  5.228385155281E+02  4.946189872598E-01  5.905478907641E-01 -3.782147041520E-01 -6.829795608913E-03  2.007054218397E-01  2.417676761974E+00 -1.735953242547E-03 -3.395218970918E-02  3.568814295216E-02 -2.374061042029E-02  2.626193823843E-03 -8.060970998173E-07 -3.670404581502E-06  1.727082026731E-06  6.993924603187E-02  8.060970039012E-07 -1.153813602648E-02 -5.959227863862E-20  5.751193217142E-20 -2.019551614842E-20 -1.472537641223E-03
  2.766275252132E+02  2.798369380914E+02  2.284893124716E+01  4.925212429736E-14  4.861818456915E-03  5.240508300696E+02  4.939182372785E-01  5.903221140586E-01 -3.749221397779E-01 -6.810462705742E-03  9.482948183257E-02  2.414432815679E+00 -2.691352652318E-03 -3.137268054598E-02  3.406403319836E-02 -2.341972786681E-02  2.622118551106E-03  2.029723362827E-06 -3.060360195699E-06  2.507740764025E-06  6.725852500019E-02 -2.029723462781E-06 -1.158970742555E-02 -5.190060445350E-20  7.100535996754E-20 -2.186609024122E-20 -1.449547424957E-03
  2.830463509696E+02  2.863520462341E+02  2.287562608425E+01  4.942467380821E-14  1.480597538358E-04  5.252361988937E+02  4.931135399860E-01  5.902996015542E-01 -3.713707935080E-01 -6.855360187972E-03 -1.340174272461E-02  2.413356040960E+00 -3.575190484506E-03 -2.883679444343E-02  3.241198492794E-02 -2.290995605311E-02  2.679620892365E-03  2.331185562448E-06 -2.353466264118E-06  3.192524637116E-06  6.362642290061E-02 -2.331185526932E-06 -1.180273812477E-02 -6.976315424915E-20  6.739439577647E-20 -1.142067915046E-20 -1.412886766414E-03
  2.896577414987E+02  2.930626076211E+02  2.290151474561E+01  5.320178296751E-14 -4.898298221570E-03  5.263859109673E+02  4.921061871463E-01  5.907332198129E-01 -3.678489569526E-01 -6.821598918865E-03 -1.297609328225E-01  2.414841232352E+00 -4.467020652835E-03 -2.620609952223E-02  3.067312017487E-02 -2.232047025198E-02  2.804873957419E-03  1.671634586852E-06 -1.596649028474E-06  1.914924045921E-06  6.135799642682E-02 -1.671634567773E-06 -1.206904129925E-02 -8.005510727472E-20  5.415962473832E-20 -1.082408726565E-20 -1.392720534137E-03
  2.964674737436E+02  2.999744858498E+02  2.292786842392E+01  5.493404964136E-14 -1.013278195585E-02  5.275555267388E+02  4.909214687014E-01  5.912374509190E-01 -3.641480571786E-01 -6.813601869382E-03 -2.506864333624E-01  2.415050866876E+00 -5.366095933591E-03 -2.342596254245E-02  2.879205847591E-02 -2.229973736889E-02  2.868193201990E-03  3.064074469410E-07 -1.096360081848E-06  6.743869802764E-07  6.058652634513E-02 -3.064074088366E-07 -1.261613118657E-02 -3.614740716041E-20  6.872807182444E-20 -1.673928728338E-20 -1.393910897011E-03
  3.034814979559E+02  3.070937204253E+02  2.295465032539E+01  5.317890630167E-14 -1.596370256593E-02  5.287477850858E+02  4.895694810188E-01  5.914134343236E-01 -3.603912917229E-01 -6.825240619653E-03 -3.848597804469E-01  2.425040758602E+00 -6.291174103785E-03 -2.069184751577E-02  2.698302161992E-02 -2.228306278038E-02  3.112949152438E-03 -9.838304900549E-08 -1.268435042689E-06 -3.172513783153E-07  5.971875543488E-02  9.838302409914E-08 -1.313288937558E-02 -5.085997837620E-20  6.515655139754E-20 -7.513653013494E-21 -1.394116335316E-03
  3.107059428946E+02  3.144265320380E+02  2.298179995358E+01  4.817476069394E-14 -2.199708788764E-02  5.299553268484E+02  4.880416956857E-01  5.913079669673E-01 -3.564901117708E-01 -6.796921466077E-03 -5.234244131805E-01  2.433980104804E+00 -7.169553154362E-03 -1.794935242042E-02  2.511890557459E-02 -2.236232218967E-02  3.318939801652E-03 -1.097688136266E-06 -1.416849296261E-06 -6.276772090840E-07  5.854434371597E-02  1.097688089242E-06 -1.340465859055E-02 -4.907457596645E-20  6.452127770326E-20 -1.730436945815E-20 -1.395343394864E-03
  3.181471211814E+02  3.219793279992E+02  2.300909366812E+01  3.911003458301E-14 -2.843918144680E-02  5.311698155016E+02  4.863129044846E-01  5.907784156741E-01 -3.525566495879E-01 -6.718813271741E-03 -6.709340325437E-01  2.445688235845E+00 -7.963157044158E-03 -1.524010351047E-02  2.320326055443E-02 -2.232868630127E-02  3.446119457077E-03  1.576377364046E-06 -9.912811099346E-07 -1.060772148457E-06  5.845473474497E-02 -1.576377496379E-06 -1.350520361147E-02 -5.223409013423E-20  6.993448421740E-20  4.602960303736E-22 -1.407757275030E-03
  3.258115348169E+02  3.297587078391E+02  2.303779250793E+01  3.044911400564E-14 -3.494420714713E-02  5.324471181887E+02  4.844174337155E-01  5.903569354752E-01 -3.484136927099E-01 -6.712222529356E-03 -8.192823592864E-01  2.457346501573E+00 -8.779217902209E-03 -1.246505393175E-02  2.124427183376E-02 -2.284475551318E-02  3.481273418824E-03  1.037031702951E-06 -7.299902921991E-07 -4.744744863568E-07  5.996330760465E-02 -1.037031641307E-06 -1.333325389558E-02 -7.645079973500E-20  6.840259908323E-20 -9.137345901473E-21 -1.455275629782E-03
  3.337058808614E+02  3.377714690743E+02  2.306825916479E+01  2.273025481667E-14 -4.160659534470E-02  5.338070213644E+02  4.823503229148E-01  5.886770781271E-01 -3.441859077953E-01 -6.613055958748E-03 -9.723834563259E-01  2.475631441090E+00 -9.692811045398E-03 -9.605728650586E-03  1.929853969623E-02 -2.374385571455E-02  3.407583676858E-03 -9.045174268053E-07 -7.521989187591E-07  8.025766213521E-07  6.104795009816E-02  9.045173527630E-07 -1.360048871876E-02 -5.650721482367E-20  6.312402312309E-20 -1.694484281088E-20 -1.502582986225E-03
  3.418370572872E+02  3.460246131465E+02  2.309983594254E+01  1.496055117174E-14 -4.877716082491E-02  5.352203723584E+02  4.799164863051E-01  5.864947519353E-01 -3.398861587697E-01 -6.606128362705E-03 -1.137408130047E+00  2.495350726515E+00 -1.054078368203E-02 -6.966251774778E-03  1.750703545674E-02 -2.425651201929E-02  3.505907590769E-03 -5.274466319595E-07 -4.151163547153E-07  2.757264488599E-06  6.088624843770E-02  5.274466307320E-07 -1.430200252244E-02 -6.455016764064E-20  6.224911758944E-20 -4.209924674639E-21 -1.522051972234E-03
  3.502121690058E+02  3.545253515409E+02  2.313199336207E+01  9.641022138615E-15 -5.657514964634E-02  5.366619612077E+02  4.769887535606E-01  5.851158025897E-01 -3.353458693830E-01 -6.491095432646E-03 -1.318182095482E+00  2.515423495197E+00 -1.126264464882E-02 -4.303875064000E-03  1.556651971255E-02 -2.451002820781E-02  3.908197481719E-03  5.748461481256E-07 -3.681789186795E-07  2.679352564383E-06  6.157955788228E-02 -5.748461973421E-07 -1.516401948471E-02 -4.681302846710E-20  5.302550112476E-20 -2.890544542856E-21 -1.553607307253E-03
  3.588385340760E+02  3.632811120872E+02  2.316622777477E+01  6.647816411937E-15 -6.511079360526E-02  5.382023684037E+02  4.736663456505E-01  5.857669980571E-01 -3.306978440435E-01 -6.420637671412E-03 -1.515737713302E+00  2.538504741274E+00 -1.191374352610E-02 -1.632671889035E-03  1.354641541530E-02 -2.525962450220E-02  4.229537146053E-03  1.110419496460E-06 -8.847531558646E-07  1.667398651669E-06  6.346244486488E-02 -1.110419485046E-06 -1.539992044077E-02 -5.265415975183E-20  5.624649769995E-20  4.050601396193E-21 -1.605028366633E-03
  3.677236900983E+02  3.722995454498E+02  2.320246912980E+01  5.849481344901E-15 -7.366905144450E-02  5.398385278477E+02  4.700604763986E-01  5.852623925708E-01 -3.259553265858E-01 -6.270196204066E-03 -1.714540584519E+00  2.561069649324E+00 -1.263197194256E-02  1.118773944108E-03  1.151319799848E-02 -2.608127690924E-02  4.301285101365E-03  3.468520253420E-07 -8.702910640788E-07  4.266425962840E-07  6.466693748203E-02 -3.468520190461E-07 -1.495420410313E-02 -3.833350924351E-20  7.009324330578E-20 -1.190789139914E-20 -1.648602009290E-03
  3.768754008012E+02  3.815885318133E+02  2.324020859474E+01  4.553236007271E-15 -8.220994906309E-02  5.415470106487E+02  4.660793871276E-01  5.841922153052E-01 -3.209529834657E-01 -6.202291159436E-03 -1.913889856993E+00  2.587125626643E+00 -1.328157610280E-02  3.939200780054E-03  9.342375322779E-03 -2.676864184643E-02  4.381316666201E-03  2.547937600993E-07 -2.505238765060E-07 -7.039584403685E-08  6.543717054252E-02 -2.547937327224E-07 -1.478022843094E-02 -7.459945771890E-20  5.819903388583E-20 -1.478024599066E-20 -1.698042231901E-03
  3.863016628253E+02  3.911561877677E+02  2.327958278594E+01  2.678873110030E-16 -9.107060107278E-02  5.433347649906E+02  4.614086557326E-01  5.851389895213E-01 -3.159157955470E-01 -6.064442198181E-03 -2.121929667835E+00  2.617818411439E+00 -1.400683325419E-02  6.617222540348E-03  7.389610713816E-03 -2.753379963887E-02  4.254565288151E-03 -1.740333906429E-07  3.352981338366E-07  9.476774805817E-07  6.676855306365E-02  1.740333674444E-07 -1.442905101468E-02 -7.801599923666E-20  6.094833392602E-20  6.366286981546E-21 -1.741734478642E-03
  3.960107127100E+02  4.010108734007E+02  2.332124080499E+01 -3.512365456352E-15 -9.970942112241E-02  5.452345924986E+02  4.561001298266E-01  5.853299167081E-01 -3.107494147311E-01 -5.846298714261E-03 -2.326920821140E+00  2.648537104725E+00 -1.477012389422E-02  9.197385898318E-03  5.572737995900E-03 -2.811885786880E-02  4.161342303203E-03 -6.454452860583E-07  8.256422511288E-07  9.524195637052E-07  6.702496272759E-02  6.454452820095E-07 -1.333325613811E-02 -7.610696009540E-20  6.111308628778E-20 -3.603350426099E-22 -1.762296280015E-03
  4.060110340913E+02  4.111611996027E+02  2.336336381267E+01 -3.900441023404E-15 -1.077318271623E-01  5.471618006955E+02  4.501374267867E-01  5.839718570999E-01 -3.054937864901E-01 -5.643080434444E-03 -2.518781882831E+00  2.686952882813E+00 -1.558881439327E-02  1.184616721918E-02  3.742647174351E-03 -2.830372115763E-02  3.798797942650E-03 -1.594172882737E-07  1.754030270408E-06  2.195419553573E-06  6.717444080122E-02  1.594172889421E-07 -1.217144129158E-02 -7.851360564340E-20  5.220041765265E-20  2.186765556559E-20 -1.785593140880E-03
  4.163113651141E+02  4.216160355908E+02  2.340773775335E+01 -3.350953376180E-15 -1.153807821710E-01  5.491976497630E+02  4.436204079491E-01  5.825136956545E-01 -2.999345209334E-01 -5.468225274584E-03 -2.701863050245E+00  2.720091499255E+00 -1.616051633484E-02  1.435118680730E-02  1.809329527759E-03 -2.887961364968E-02  3.492445811670E-03  3.044885382839E-07  3.391346671858E-06  2.471721967689E-06  6.804306965344E-02 -3.044885714995E-07 -1.107248565421E-02 -7.530440558233E-20  5.354690101542E-20  3.428673205782E-20 -1.814174069258E-03
  4.269207060675E+02  4.323845166585E+02  2.345363164881E+01 -1.526939671347E-15 -1.224198783799E-01  5.513101430631E+02  4.367602128754E-01  5.807425682944E-01 -2.944119424222E-01 -5.060198923274E-03 -2.871629940653E+00  2.753213849044E+00 -1.684245514851E-02  1.671644170158E-02  1.260134468401E-04 -2.906394102894E-02  3.275903266303E-03  1.009160439937E-06  3.954349679424E-06  2.253217301122E-06  6.771575959110E-02 -1.009160394576E-06 -1.149458752381E-02 -7.102403454353E-20  4.526026375284E-20  3.538786635003E-20 -1.816380368099E-03
  4.378483272495E+02  4.434760521583E+02  2.350026847584E+01  2.706596448701E-15 -1.311128754373E-01  5.534642419278E+02  4.296262131440E-01  5.783496150933E-01 -2.886372473955E-01 -4.918365998528E-03 -3.081257693412E+00  2.783394112044E+00 -1.747847469292E-02  1.880292403514E-02 -1.324449342595E-03 -2.898996527174E-02  3.743257750369E-03  8.285633374167E-07  3.645683186372E-06  2.518596724832E-06  6.690947113709E-02 -8.285633346815E-07 -1.140544611279E-02 -8.537666782595E-20  5.282113187109E-20  1.720142258336E-20 -1.812163042633E-03
  4.491037770670E+02  4.549003337230E+02  2.354776313267E+01  5.826145266461E-15 -1.385110059222E-01  5.556644385074E+02  4.221836956584E-01  5.743357543008E-01 -2.826685893271E-01 -4.435721716305E-03 -3.259976226119E+00  2.825415058472E+00 -1.812673180827E-02  2.114204006534E-02 -3.015308257180E-03 -2.919710150735E-02  3.434372995570E-03  4.423457023857E-07  3.692147195349E-06  3.694681062232E-06  6.629997092596E-02 -4.423456480027E-07 -8.232257600898E-03 -5.868293168529E-20  5.418168323829E-20  1.826027487081E-20 -1.836753701951E-03
  4.606968903790E+02  4.666673437347E+02  2.359632543519E+01  5.981718014432E-15 -1.430449687849E-01  5.579204072682E+02  4.143398285024E-01  5.701341431127E-01 -2.766654669115E-01 -4.176910980091E-03 -3.372642562887E+00  2.863791138398E+00 -1.857072745566E-02  2.334889168687E-02 -4.778164230938E-03 -2.955678240155E-02  2.209052680426E-03  2.607127305647E-07  2.765805031086E-06  3.872762324308E-06  6.695859300223E-02 -2.607126931727E-07 -3.985370354825E-03 -8.290843518487E-20  5.557211371753E-20  3.340011161655E-20 -1.872548537264E-03
  4.726377970904E+02  4.787873640468E+02  2.364769800312E+01  1.106512306550E-15 -1.444350922552E-01  5.603132149671E+02  4.064403288068E-01  5.625109521950E-01 -2.704534659902E-01 -3.610008467074E-03 -3.413614856957E+00  2.904390134870E+00 -1.903877564497E-02  2.543725441587E-02 -6.398478770362E-03 -3.027530633108E-02  1.151098017180E-03 -1.067205433946E-06  1.336685345594E-06  3.228182241065E-06  6.663625120270E-02  1.067205373598E-06 -1.117223411533E-03 -8.548687164043E-20  4.784023018357E-20  2.764473472464E-20 -1.875773306953E-03
  4.849369310031E+02  4.912709849682E+02  2.369876126206E+01 -5.366266603533E-15 -1.447472781484E-01  5.626977554420E+02  3.985784089340E-01  5.527613647442E-01 -2.641057804090E-01 -3.346899280751E-03 -3.428403677463E+00  2.952929045139E+00 -1.975107209466E-02  2.743277466703E-02 -7.681702572437E-03 -2.987432373549E-02  7.089432836827E-04  1.414925291757E-06  5.450476002126E-07  1.894456322336E-06  6.621290703745E-02 -1.414925206507E-06 -4.864039342592E-04 -8.942831129617E-20  5.371248742055E-20  4.103373329288E-20 -1.883128060911E-03
  4.976050389332E+02  5.041291145172E+02  2.375253951029E+01 -1.220428706011E-14 -1.451941707515E-01  5.652172481582E+02  3.904031496553E-01  5.409169816059E-01 -2.575620637775E-01 -2.870973117162E-03 -3.448158869259E+00  2.999572948792E+00 -2.005635618061E-02  2.907626253053E-02 -9.019906349955E-03 -3.040848101225E-02  5.546356701029E-04  2.502636735293E-07 -5.694099534103E-07 -1.105259284782E-06  6.630326323867E-02 -2.502637844754E-07 -2.049802899096E-04 -6.951381901539E-20  4.883080884214E-20  5.167044852644E-20 -1.902369007532E-03
  5.106531901012E+02  5.173729879527E+02  2.380690600123E+01 -1.827664596633E-14 -1.450774450013E-01  5.677740266064E+02  3.816664311277E-01  5.293938018786E-01 -2.509810664582E-01 -2.640087275652E-03 -3.455401734951E+00  3.057223620676E+00 -2.057257272387E-02  3.090916634189E-02 -1.033659361774E-02 -3.050721576449E-02  5.297478111957E-04  2.485589022878E-06 -1.360913477132E-06 -1.297529100979E-06  6.592734562545E-02 -2.485589007697E-06  5.958590045928E-04 -7.978394210652E-20  3.995178659999E-20  4.366948997630E-20 -1.915138424020E-03
  5.240927858042E+02  5.310141775913E+02  2.386328321003E+01 -1.737589687296E-14 -1.441968493885E-01  5.704327558761E+02  3.727474349191E-01  5.166937581986E-01 -2.441729269539E-01 -2.097171494903E-03 -3.442669033764E+00  3.112213588701E+00 -2.088718727519E-02  3.264496770952E-02 -1.175778043423E-02 -3.091655971329E-02  4.271696233378E-04  1.257927855867E-06 -1.345747615356E-06 -1.499306036662E-06  6.566638496924E-02 -1.257927814436E-06  1.363092589378E-03 -8.282291770759E-20  3.802159065015E-20  4.641755332127E-20 -1.930163214326E-03
  5.379355693784E+02  5.450646029190E+02  2.392051917915E+01 -1.318579562667E-14 -1.427264343314E-01  5.731410812645E+02  3.636089248858E-01  5.012197862170E-01 -2.371890751354E-01 -1.887051399075E-03 -3.416926612574E+00  3.163875099575E+00 -2.127841543211E-02  3.418874938120E-02 -1.291033394906E-02 -3.070962461871E-02 -1.553392399323E-04  1.642967227266E-06 -9.253773080313E-07 -5.456490749410E-07  6.406714172074E-02 -1.642967183926E-06  2.838139019083E-03 -7.078697054919E-20  3.842743872908E-20  5.279580651938E-20 -1.909722873986E-03
  5.521936364597E+02  5.595365410066E+02  2.397748585803E+01 -1.368990496774E-14 -1.391431814614E-01  5.758396810663E+02  3.542578032855E-01  4.871605693153E-01 -2.299622906773E-01 -1.373127418777E-03 -3.341020405967E+00  3.227585790827E+00 -2.151870089478E-02  3.560464568193E-02 -1.408594478727E-02 -3.042595161700E-02 -7.049755802257E-04 -8.224822116070E-07 -8.613403210780E-07  1.473455362996E-06  6.227566131406E-02  8.224821988494E-07  4.557014928686E-03 -6.029418608769E-20  3.353536912541E-20  6.087491405367E-20 -1.894208651395E-03
  5.668794455535E+02  5.743794455535E+02  2.403485318217E+01 -1.712362427779E-14 -1.343643930400E-01  5.785673736629E+02  3.444871445375E-01  4.693586129607E-01 -2.225475106489E-01 -1.026478582170E-03 -3.237001600835E+00  3.261492634014E+00 -2.167784070763E-02  3.656143164289E-02 -1.488359093494E-02 -2.999191451863E-02 -9.825584499800E-04 -3.681280068576E-07 -4.213550854111E-07  2.122723642494E-06  6.123477719584E-02  3.681280406654E-07  4.899302509879E-03 -5.656583894760E-20  2.801788577602E-20  5.918110547813E-20 -1.877682115649E-03
  5.818794455535E+02  5.893794455535E+02  2.409228296823E+01 -1.904336656538E-14 -1.299618786017E-01  5.813053528568E+02  3.348501753224E-01  4.532989330961E-01 -2.151810145730E-01 -8.321352050358E-04 -3.141098138481E+00  3.222398609278E+00 -2.110778616610E-02  3.540475749775E-02 -1.429697133167E-02 -2.964169653196E-02 -1.230214360857E-03 -6.619755755314E-07  1.862938514062E-07  3.466534588224E-06  6.062644714979E-02  6.619755714610E-07  5.872690832136E-03 -6.174150921016E-20  2.119229398616E-20  6.417614528539E-20 -1.824238491775E-03
  5.968794455535E+02  6.043794455535E+02  2.414851373951E+01 -2.188325981649E-14 -1.233505022380E-01  5.839874736725E+02  3.257392910780E-01  4.343812301018E-01 -2.075162111607E-01 -7.059453828404E-04 -2.993446890233E+00  3.176099650590E+00 -2.057261691226E-02  3.471021908313E-02 -1.413760217076E-02 -2.881293333215E-02 -2.380989224847E-03  1.458794381214E-07  4.002905194519E-07  3.541533977119E-06  6.060409327137E-02 -1.458794184841E-07  8.239829859329E-03 -5.127363272543E-20  2.387521106403E-20  7.011381602993E-20 -1.790549579548E-03
  6.118794455535E+02  6.193794455535E+02  2.420591695240E+01 -2.545751847174E-14 -1.145218709861E-01  5.867354499915E+02  3.170840656524E-01  4.166522892496E-01 -2.000228205584E-01 -5.628296006048E-04 -2.788929563373E+00  3.150339509086E+00 -2.011646731835E-02  3.390618338265E-02 -1.378971606392E-02 -2.875587139611E-02 -2.891488909635E-03  1.076772296368E-06  5.272164666847E-07  6.035456040933E-07  6.173825321844E-02 -1.076772310155E-06  9.132629400688E-03 -5.196545330412E-20  2.037624809180E-20  6.015051695174E-20 -1.805040178922E-03
  6.268794455535E+02  6.343794455535E+02  2.426427416685E+01 -2.647638618763E-14 -1.062444160085E-01  5.895355564394E+02  3.084778970258E-01  3.998904745499E-01 -1.923590946026E-01 -4.759426555445E-04 -2.597324291806E+00  3.122533377525E+00 -1.960352576009E-02  3.312668886708E-02 -1.352316310678E-02 -2.893151109505E-02 -2.910621363750E-03 -2.855978413472E-07 -4.365854868305E-07  1.734054143272E-06  6.324436082052E-02  2.855978104351E-07  9.666385188643E-03 -5.083217834159E-20  2.690868453499E-20  7.917776594920E-20 -1.815108775260E-03
  6.418794455535E+02  6.493794455535E+02  2.432449852437E+01 -2.420326974141E-14 -9.638766737507E-02  5.924300482651E+02  3.000308392083E-01  3.828395471121E-01 -1.847608299892E-01 -4.155290127065E-04 -2.364774347800E+00  3.083999117088E+00 -1.895465560434E-02  3.241085180924E-02 -1.345619620499E-02 -2.903599365949E-02 -3.438874218429E-03 -1.190125153644E-06 -9.375179109462E-07  3.270497418538E-06  6.277131813314E-02  1.190125193156E-06  1.058240894199E-02 -4.403919614532E-20  2.699055960130E-20  5.968381008613E-20 -1.781382878059E-03
  6.568794455535E+02  6.643794455535E+02  2.438196771665E+01 -2.195009495345E-14 -8.636729699415E-02  5.951994372330E+02  2.920476483030E-01  3.661683922399E-01 -1.769339940240E-01 -2.664808594266E-04 -2.126146165712E+00  3.039780127716E+00 -1.816127241437E-02  3.149036700011E-02 -1.332909458564E-02 -2.785199615495E-02 -3.276084703220E-03 -1.241290509537E-06 -6.174918637250E-07  6.289996486520E-06  6.176343215777E-02  1.241290506146E-06  1.052717971665E-02 -5.466282184018E-20  1.956030361389E-20  6.718094747333E-20 -1.731529408333E-03
  6.718794455535E+02  6.793794455535E+02  2.444030594587E+01 -2.223426795687E-14 -7.663660514722E-02  5.980182037574E+02  2.843743308185E-01  3.516604366755E-01 -1.692873659387E-01 -2.745953062579E-04 -1.893421281902E+00  2.992421631647E+00 -1.770295614426E-02  3.058181374989E-02 -1.287885760541E-02 -2.734825659074E-02 -3.209084959674E-03  1.092747578093E-07 -9.321393143559E-08  4.461832258808E-06  6.062488075194E-02 -1.092747090920E-07  9.706845724339E-03 -5.468621911610E-20  2.349304180852E-20  7.776838543042E-20 -1.670535324937E-03
  6.868794455535E+02  6.943794455535E+02  2.449564096621E+01 -2.245546717322E-14 -6.817975942862E-02  6.006965708428E+02  2.769451200723E-01  3.413808150813E-01 -1.614459561739E-01 -2.012688648565E-04 -1.691399535016E+00  2.944955641938E+00 -1.716154646150E-02  2.951228279730E-02 -1.235073633572E-02 -2.616888099664E-02 -2.761072096233E-03 -2.519015815765E-07  5.159429902950E-07  3.615893434009E-06  5.929801275527E-02  2.519015821268E-07  9.774340998488E-03 -5.144607519375E-20  2.091509526757E-20  6.487743005356E-20 -1.614430818598E-03
  7.018794455535E+02  7.093794455535E+02  2.455148173177E+01 -2.257763189369E-14 -5.831460309171E-02  6.034051080135E+02  2.695979210300E-01  3.304392792877E-01 -1.539489832893E-01 -4.442735787249E-05 -1.453162836269E+00  2.908660492480E+00 -1.644197129852E-02  2.860574374771E-02 -1.216377244911E-02 -2.557508700933E-02 -2.939229709476E-03  7.086448761079E-07  6.456799039287E-07  2.490641275548E-06  5.904227045635E-02 -7.086448964405E-07  9.153385494127E-03 -4.313613821055E-20  1.752616004674E-20  5.475764709334E-20 -1.592786329418E-03
  7.168794455535E+02  7.243794455535E+02  2.460634056091E+01 -2.592075960701E-14 -5.100884878443E-02  6.060701029958E+02  2.617548458313E-01  3.199931745328E-01 -1.460134993672E-01 -3.866058363532E-05 -1.276278512863E+00  2.858270584839E+00 -1.607790992655E-02  2.784865031326E-02 -1.177074038683E-02 -2.530089098441E-02 -2.336213353508E-03  4.980816361136E-07  6.873406236529E-07  7.261043779768E-07  5.827097742997E-02 -4.980816611215E-07  7.131109879700E-03 -3.558049377900E-20  2.434612943393E-20  5.518755295783E-20 -1.556501180617E-03
  7.318794455535E+02  7.393794455535E+02  2.466074162646E+01 -2.875562129268E-14 -4.493748455970E-02  6.087212303069E+02  2.532046890057E-01  3.086459403392E-01 -1.384486372381E-01  5.147716758618E-05 -1.129596314976E+00  2.812115896018E+00 -1.596486214774E-02  2.725215366040E-02 -1.128729151276E-02 -2.439258314650E-02 -1.893871271560E-03  4.072171010339E-07  1.114113181800E-06 -1.845352686742E-06  5.693510007396E-02 -4.072170782870E-07  6.647276863375E-03 -3.417161690787E-20  2.792048658691E-20  6.433314940856E-20 -1.485509908791E-03
  7.468794455535E+02  7.543794455535E+02  2.471308594109E+01 -2.906820834384E-14 -3.855783776701E-02  6.112771388453E+02  2.444129699890E-01  3.007813301278E-01 -1.306113369080E-01  2.120156919425E-04 -9.754430789262E-01  2.762818960849E+00 -1.527468081792E-02  2.643188362315E-02 -1.115720280489E-02 -2.319893905222E-02 -1.942937175779E-03 -7.420489489950E-07  4.069866858301E-07 -3.437851327143E-06  5.525088192029E-02  7.420489415642E-07  5.730179081327E-03 -2.417374274482E-20  2.614578454085E-20  6.710843729420E-20 -1.422313144983E-03
  7.618794455535E+02  7.693794455535E+02  2.476432701836E+01 -2.770054281440E-14 -3.421319900841E-02  6.137846625660E+02  2.356773995494E-01  2.915337733407E-01 -1.228009768632E-01  1.766433165686E-04 -8.708002671999E-01  2.729394115629E+00 -1.466796371209E-02  2.569456631973E-02 -1.102660260781E-02 -2.243700333690E-02 -1.327549887633E-03 -1.996088513781E-07  3.531852745470E-07 -3.593304621937E-06  5.511334280373E-02  1.996088441484E-07  6.134569771448E-03 -1.877566945770E-20  2.595403039795E-20  5.387908908654E-20 -1.396613345146E-03
  7.768794455535E+02  7.843794455535E+02  2.481642700736E+01 -2.313309685591E-14 -2.706705024789E-02  6.163404500336E+02  2.268913211499E-01  2.846876522647E-01 -1.149386423445E-01  1.839966091653E-04 -6.960040704760E-01  2.685193953224E+00 -1.413529817912E-02  2.472712327197E-02 -1.059182509279E-02 -2.221740669934E-02 -2.034483627179E-03 -3.661928989650E-07  1.096537529445E-06 -1.947678640851E-06  5.589158909664E-02  3.661929229283E-07  5.994512785568E-03 -1.560314426461E-20  1.878607546551E-20  4.041210978108E-20 -1.381670491214E-03
  7.918794455535E+02  7.993794455535E+02  2.486913665972E+01 -1.699204861018E-14 -2.297464293814E-02  6.189336158288E+02  2.178333038088E-01  2.769699169354E-01 -1.070785261218E-01  1.310035001967E-04 -5.966923067809E-01  2.639519170839E+00 -1.348955867399E-02  2.393141991208E-02 -1.044186123815E-02 -2.186179958336E-02 -1.261254633926E-03 -4.919275815357E-07  1.408398857764E-06 -1.713526385937E-06  5.468131121405E-02  4.919276163845E-07  4.585765796976E-03 -1.841386603612E-20  2.144522439246E-20  3.723739542006E-20 -1.334192482897E-03
  8.068794455535E+02  8.143794455535E+02  2.491896886748E+01 -1.170304648185E-14 -1.846245104364E-02  6.213917248878E+02  2.082861458330E-01  2.718003948153E-01 -9.912121484558E-02  2.512412148414E-04 -4.859574959585E-01  2.601791211097E+00 -1.329325564248E-02  2.359291552880E-02 -1.029965988661E-02 -2.079190354026E-02 -1.267693805946E-03  4.147623048607E-07  9.340254264461E-07 -2.586700319872E-06  5.217102598685E-02 -4.147622434755E-07  4.322934630207E-03 -1.347256288972E-20  1.417349998255E-20  3.921108233463E-20 -1.268087302242E-03
  8.218794455535E+02  8.293794455535E+02  2.496696674621E+01 -6.958158839330E-15 -1.486058408653E-02  6.237661710546E+02  1.982231767910E-01  2.635663692161E-01 -9.119601628678E-02  2.324533605651E-04 -3.980812896211E-01  2.560181494354E+00 -1.282009132868E-02  2.279562284186E-02 -9.975531513198E-03 -1.979623560227E-02 -9.802124926168E-04  3.729622065750E-07 -1.466824259960E-07 -1.559627433996E-06  5.104994387800E-02 -3.729621866470E-07  3.563783218867E-03 -9.032374480710E-21  1.594738559728E-20  3.792820920270E-20 -1.218385056457E-03
  8.368794455535E+02  8.443794455535E+02  2.501468098788E+01 -3.494880094236E-15 -1.177688255136E-02  6.261328704757E+02  1.878901782653E-01  2.570875850105E-01 -8.331707959918E-02  3.026313440864E-04 -3.223056273772E-01  2.505624774524E+00 -1.230431463562E-02  2.170095222684E-02 -9.396637591083E-03 -1.906760856307E-02 -7.643961184410E-04 -1.165321467190E-07 -1.738664591981E-07 -9.161723740933E-07  4.833964334047E-02  1.165321852101E-07  3.015958231199E-03 -8.132127551585E-21  1.386135874035E-20  3.672195251770E-20 -1.137437548611E-03
  8.518794455535E+02  8.593794455535E+02  2.505758836989E+01 -1.980851969720E-15 -9.204697321578E-03  6.282643522395E+02  1.770972869590E-01  2.492352554193E-01 -7.528204715546E-02  2.755999787802E-04 -2.587663464887E-01  2.456192693315E+00 -1.204477913215E-02  2.094106469777E-02 -8.896285565636E-03 -1.731702490680E-02 -6.865764235622E-04  3.780842245412E-07  7.232682832131E-07 -1.012025168522E-06  4.445421299305E-02 -3.780842152755E-07  1.861606107275E-03 -5.336958389982E-21  1.714074356271E-20  4.027434666013E-20 -1.047484635771E-03
  8.668794455535E+02  8.743794455535E+02  2.509802924779E+01 -2.421539296484E-15 -8.290063794753E-03  6.302769699333E+02  1.656200728900E-01  2.417708774117E-01 -6.741574201656E-02  2.594477386661E-04 -2.356165944983E-01  2.407790269117E+00 -1.177582618460E-02  2.022843726942E-02 -8.452611084958E-03 -1.613694779142E-02 -2.906206069625E-04  8.794367002030E-07  1.075882586472E-06 -6.997071179277E-07  4.025737335867E-02 -8.794367222507E-07  6.056760602044E-04 -1.077095822901E-20  1.737914454668E-20  3.180033647312E-20 -9.513382525917E-04
  8.818794455535E+02  8.893794455535E+02  2.513307948186E+01 -2.996373311417E-15 -8.078241626483E-03  6.320227982527E+02  1.534520651769E-01  2.357515120264E-01 -5.933390359751E-02  2.516732285903E-04 -2.294260923220E-01  2.349544565835E+00 -1.132156694948E-02  1.900470545645E-02 -7.683138507208E-03 -1.408541108661E-02 -9.904198091334E-05  3.782516628681E-07  2.968311363382E-07 -1.803044296843E-06  3.518955953996E-02 -3.782516550175E-07  6.210397202599E-04  5.781596970060E-21  2.221576822333E-20  4.236317646129E-20 -8.130766156185E-04
  8.968794455535E+02  9.043794455535E+02  2.516401784802E+01 -4.620824077467E-15 -7.123677691031E-03  6.335660177348E+02  1.405811344309E-01  2.288066750425E-01 -5.147574704774E-02  2.465697184644E-04 -2.037292076348E-01  2.283528750290E+00 -1.090774703745E-02  1.761308236004E-02 -6.705335322596E-03 -1.195356147513E-02 -2.161729074447E-04  1.105137802469E-06  3.692464414536E-07 -1.875271068564E-06  3.057398792969E-02 -1.105137797273E-06  7.592236865291E-04  2.623774533653E-22  1.310877921894E-20  3.165454331400E-20 -6.867737140234E-04
  9.118794455535E+02  9.193794455535E+02  2.519041205276E+01 -7.792963476856E-15 -6.643680825978E-03  6.348845558337E+02  1.264813488940E-01  2.223150683989E-01 -4.345991075550E-02  2.812229500972E-04 -1.909949506642E-01  2.239366278699E+00 -1.039427733171E-02  1.657468011011E-02 -6.180402778537E-03 -1.009849874057E-02 -1.428504767417E-04  1.660828501939E-06 -4.838876270367E-08 -2.558585902107E-06  2.649922133898E-02 -1.660828528840E-06 -1.944434897501E-04  1.258259297157E-20  1.293248426846E-20  2.500752010008E-20 -5.883029078781E-04
  9.268794455535E+02  9.343794455535E+02  2.521370430585E+01 -8.825429590690E-15 -7.487633318060E-03  6.360511328847E+02  1.106888953258E-01  2.198392944356E-01 -3.555699088917E-02  2.043301760747E-04 -2.100554527032E-01  2.189778132897E+00 -9.428705118678E-03  1.522893911119E-02 -5.800233992792E-03 -8.794231248679E-03  2.513568653586E-04  3.137707116919E-07 -5.652784615631E-07 -2.671256010408E-06  2.545355946810E-02 -3.137706585781E-07 -9.428961729546E-04  1.171518341018E-20  5.945152521698E-21  1.278048003867E-20 -5.350188763856E-04
  9.418794455535E+02  9.493794455535E+02  2.523813578044E+01 -8.267957210077E-15 -8.420430886356E-03  6.372754818383E+02  9.258351449793E-02  2.188998891672E-01 -2.748118170352E-02  2.502461439833E-04 -2.311645414777E-01  2.163765976789E+00 -8.766460824140E-03  1.428047218585E-02 -5.514011361388E-03 -8.317176534789E-03  3.229873833954E-04 -6.476534685687E-07  2.234128162122E-07 -2.987614320811E-06  2.557700279753E-02  6.476534666209E-07 -1.654963226265E-03  1.996118550619E-20  9.276842760464E-21  1.735909009231E-20 -4.945223359256E-04
  9.568794455535E+02  9.643794455535E+02  2.526166560508E+01 -8.302400596443E-15 -1.059274225007E-02  6.384586743945E+02  7.099908791579E-02  2.231671462934E-01 -1.952362323514E-02  6.903985000129E-05 -2.823521324457E-01  2.173786286636E+00 -8.364185926815E-03  1.390689133541E-02 -5.542705408506E-03 -7.826569818227E-03  7.127822696299E-04 -4.998099245003E-07  3.932392684364E-07 -2.473047283502E-06  2.911930465079E-02  4.998099593144E-07 -3.851428460582E-03  1.553392736159E-20  7.209052752235E-21  1.635575869744E-20 -5.338295666054E-04
  9.718794455535E+02  9.793794455535E+02  2.529274270375E+01 -6.622250753044E-15 -1.563614771265E-02  6.400303049797E+02  4.618981373717E-02  2.365838719235E-01 -1.116390097900E-02  1.677878722319E-04 -4.056991444202E-01  2.355607381264E+00 -1.166283883140E-02  1.774349554593E-02 -6.080656714608E-03 -9.615221663163E-03  1.241090265579E-03  1.777791381640E-07  3.356466781795E-07 -1.472267384135E-06  3.506822774575E-02 -1.777791273862E-07 -4.714754060585E-03  2.779785672641E-20  2.966264028399E-21  2.964474285870E-20 -7.113824007964E-04
  9.868794455535E+02  9.943794455535E+02  2.532742009303E+01 -2.313053218471E-15 -1.942899001710E-02  6.418200795668E+02  1.085131833366E-02  2.841734661374E-01 -3.405090233941E-03 -3.920581211802E-05 -4.976726426288E-01  2.205395571539E+00 -8.605250796648E-03  1.060672287149E-02 -2.001472074173E-03 -1.100221006138E-02  1.215954546338E-03 -1.925249101737E-06  2.959799674955E-07  1.010818581791E-06  1.849586410555E-02  1.925249142400E-06 -2.023224309049E-03  2.872918628955E-20 -2.252943613808E-21 -8.360860289604E-21 -2.949094055480E-04
