                   y                  ym                   U                   V                   W                 U^2                 V^2                 W^2                  UV                  VW                  UW                VISC               SFSxx               SFSyy               SFSzz               SFSxy               SFSyz                dUdX                dVdX                dWdX                dUdY                dVdY                dWdY                dUdZ                dVdZ                dWdZ              SFSxym
 -4.000000000000E+00 -2.000000000000E+00  0.000000000000E+00  0.000000000000E+00  0.000000000000E+00  0.000000000000E+00  0.000000000000E+00  0.000000000000E+00  0.000000000000E+00  0.000000000000E+00  0.000000000000E+00  0.000000000000E+00  0.000000000000E+00  0.000000000000E+00  0.000000000000E+00  0.000000000000E+00  0.000000000000E+00  0.000000000000E+00  0.000000000000E+00  0.000000000000E+00  0.000000000000E+00  0.000000000000E+00  0.000000000000E+00  0.000000000000E+00  0.000000000000E+00  0.000000000000E+00  0.000000000000E+00
  2.220446049250E-16  2.000000000000E+00  1.592115545060E+01  3.524072761761E-16 -7.779108814729E-02  2.572265236603E+02  7.015776302828E-02  9.627785250435E-01 -2.026056647364E-01 -1.153265174892E-03 -1.240382551540E+00  7.418210227548E-01 -2.372346743265E-04  3.548430277710E-03 -3.311195603407E-03 -5.990654005087E+00  1.989318893878E-02 -6.604808790046E-05 -4.261838265979E-06 -6.532796663648E-06  6.639374841838E+01  6.604808790859E-05 -3.394834542950E-01  3.297733366536E-19  2.565280543803E-21  9.347543168464E-20 -7.333557389494E-03
  4.000000000000E+00  6.000000000000E+00  1.727570808596E+01  1.113974653263E-15 -9.194743265073E-02  3.015944609698E+02  2.797365756206E-01  8.519177677712E-01 -3.699751684530E-01 -4.737824443565E-04 -1.593264989629E+00  5.829417684525E+00  2.039853843695E-01 -2.832315811490E-01  7.924619678010E-02 -1.007597560003E+00 -1.043473724008E-01  1.766193416647E-05 -6.036095033399E-06  1.730662084828E-06  3.668346002067E+00 -1.766193414105E-05 -2.944897064711E-02  3.360595281013E-19  1.177557812603E-20  1.111331936126E-19 -7.649124531825E-02
  8.000000000000E+00  1.000000000000E+01  1.775535764451E+01  1.378268809846E-15 -9.251597571236E-02  3.179450736185E+02  3.280998480727E-01  7.712000758030E-01 -3.636688595359E-01 -7.128686068062E-04 -1.648829203673E+00  6.116826398927E+00  1.349523951217E-01 -3.665673229091E-01  2.316149277912E-01 -6.749904777122E-01 -2.850693864975E-03  8.614642815533E-06 -2.989574224480E-06  6.554732499277E-06  1.846988240998E+00 -8.614642783911E-06 -7.937246178962E-04  3.018802108277E-19 -3.013131371533E-21  6.640725296219E-20 -4.084600768347E-02
  1.200000000000E+01  1.400000000000E+01  1.819919667945E+01  6.202616183980E-16 -9.233973161865E-02  3.338163727011E+02  3.516711797459E-01  7.492985805249E-01 -3.856315436668E-01 -2.438839365566E-04 -1.688431940865E+00  6.017589767638E+00  1.250347543415E-01 -3.383716608939E-01  2.133369065544E-01 -6.270649350754E-01  8.823266655414E-03  4.552341675454E-06 -1.671168846132E-06  5.259437641273E-07  1.539830964131E+00 -4.552341646325E-06  4.722660908957E-03  2.493277952993E-19 -3.343694308583E-21  6.050982329922E-20 -3.465570554974E-02
  1.600000000000E+01  1.800000000000E+01  1.852528120269E+01 -8.438035516984E-16 -9.015836155414E-02  3.456816863596E+02  3.705957892254E-01  7.321722135178E-01 -3.841808190868E-01 -2.347054037470E-04 -1.677418410751E+00  5.679747315680E+00  1.043858648419E-01 -2.998123980225E-01  1.954265331786E-01 -4.707561089081E-01  5.500024436954E-03  1.140582386536E-06 -1.291555800720E-06  3.176682541460E-06  1.230958851458E+00 -1.140582400467E-06  6.720588463301E-03  1.817568313078E-19 -1.404578718079E-20  2.233732669085E-20 -2.749555607756E-02
  2.000000000000E+01  2.200000000000E+01  1.881470788366E+01 -2.091299017098E-15 -8.897106868823E-02  3.564351808812E+02  3.869406276718E-01  7.247140756643E-01 -3.904395979111E-01 -1.057699606521E-04 -1.680447133472E+00  5.443855646006E+00  9.272145790704E-02 -2.720233559973E-01  1.793018980894E-01 -4.133205449742E-01  3.852279522510E-03  1.009745959007E-05 -1.895702523746E-06  1.530192273306E-06  1.058886700554E+00 -1.009745953683E-05  2.836175108262E-03  1.795745651915E-19 -9.551485013962E-21  5.336193672069E-20 -2.365860963781E-02
  2.400000000000E+01  2.600000000000E+01  1.905470586447E+01 -2.772962044172E-15 -8.872693106116E-02  3.654723166335E+02  4.010176818403E-01  7.188505113746E-01 -3.901718705043E-01 -1.085306253101E-04 -1.696691910256E+00  5.199283551588E+00  8.093029338004E-02 -2.480867547951E-01  1.671564614158E-01 -3.434891340856E-01  3.107455152502E-03  5.901289755474E-06 -1.695963820821E-06 -6.971404421292E-07  9.097743863194E-01 -5.901289751162E-06 -4.956755659694E-04  1.727233030498E-19 -2.224840623212E-20  5.216461627350E-20 -2.017285431800E-02
  2.800000000000E+01  3.000000000000E+01  1.926959292914E+01 -4.096267333939E-15 -8.922473780562E-02  3.736737651105E+02  4.126406183941E-01  7.149760300009E-01 -3.920279375565E-01  2.544658414561E-05 -1.726061071320E+00  5.003159019291E+00  7.253324282261E-02 -2.293248754795E-01  1.567916326576E-01 -3.039946630950E-01  2.507134069843E-03 -8.459589957369E-07 -1.326633564266E-06 -2.846827804005E-06  8.076972272358E-01  8.459589144117E-07 -2.604066085516E-03  1.798549628439E-19 -1.876663953436E-20  2.356097981524E-20 -1.783369080740E-02
  3.200000000000E+01  3.400000000000E+01  1.945856910131E+01 -6.043563905977E-15 -9.003256782500E-02  3.809624304169E+02  4.220115731113E-01  7.109843826107E-01 -3.916147654675E-01  1.079683289099E-04 -1.759812863367E+00  4.819930343237E+00  6.497117629073E-02 -2.130582236370E-01  1.480870473455E-01 -2.669184270876E-01  2.353481186564E-03  1.865456409562E-06 -1.376871373996E-06 -2.921387298728E-06  7.234628844865E-01 -1.865456387383E-06 -3.850082472582E-03  1.520277735768E-19 -2.694953757790E-20  3.392014126933E-20 -1.587446496698E-02
  3.600000000000E+01  3.800000000000E+01  1.963131599923E+01 -6.505973349757E-15 -9.115546496048E-02  3.876927501104E+02  4.294125584344E-01  7.070440573439E-01 -3.916800904140E-01  2.014588415096E-04 -1.798434074774E+00  4.666156353119E+00  5.907833182480E-02 -1.996474068853E-01  1.405690750598E-01 -2.418534928869E-01  1.989760191942E-03 -1.236985981098E-06 -1.524382929761E-06 -5.969807757411E-07  6.604166311393E-01  1.236986014451E-06 -4.271862777414E-03  1.393327730093E-19 -3.589127767334E-20  3.406190248164E-20 -1.439567174729E-02
  4.000000000000E+01  4.200000000000E+01  1.978875957949E+01 -6.725353600123E-15 -9.216965343212E-02  3.938800614707E+02  4.351545113570E-01  7.030202553203E-01 -3.909486063724E-01  3.054953966121E-04 -1.834010215648E+00  4.525129659373E+00  5.401361612003E-02 -1.882699536623E-01  1.342563375420E-01 -2.191008073243E-01  1.662495371275E-03 -4.834177314689E-06 -1.421404723628E-06  1.959691350170E-07  6.073076155482E-01  4.834177376413E-06 -4.579609702368E-03  1.086385440981E-19 -3.282795778680E-20  2.928648561862E-20 -1.313372043462E-02
  4.400000000000E+01  4.600000000000E+01  1.993497335126E+01 -7.934155791857E-15 -9.344710335590E-02  3.996732102199E+02  4.396059872032E-01  6.987433584565E-01 -3.902699120960E-01  4.299168551843E-04 -1.874076481640E+00  4.400409856280E+00  4.977594799593E-02 -1.782229971456E-01  1.284470491489E-01 -2.015935799049E-01  1.502134646432E-03  1.784445481310E-06 -1.512389479942E-06 -1.018251295165E-06  5.643009918632E-01 -1.784445426483E-06 -4.536498056515E-03  9.304514274215E-20 -2.210769322675E-20  1.554543496668E-20 -1.212135597443E-02
  4.800000000000E+01  5.000000000000E+01  2.007092300823E+01 -1.104753773994E-14 -9.445197182528E-02  4.050987200649E+02  4.430490622816E-01  6.940692175843E-01 -3.891795526546E-01  5.377309231948E-04 -1.908244220417E+00  4.283776495717E+00  4.607025581086E-02 -1.692533216687E-01  1.231830658577E-01 -1.863273099701E-01  1.198186751516E-03  4.665799220711E-06 -2.145859740668E-06  1.880023563147E-06  5.256849948355E-01 -4.665799284299E-06 -4.244326792088E-03  8.846384295737E-20 -2.932767397893E-20  4.691218743516E-20 -1.122229240640E-02
  5.200000000000E+01  5.400000000000E+01  2.019780962069E+01 -1.667690060122E-14 -9.558184243926E-02  4.101974601705E+02  4.455863758644E-01  6.891060255343E-01 -3.882003431272E-01  6.334960515322E-04 -1.943750737351E+00  4.177285074096E+00  4.274321321416E-02 -1.612809597697E-01  1.185377465556E-01 -1.729992868006E-01  1.229117359571E-03 -1.562679218063E-06 -2.391067709385E-06  2.476369724417E-06  4.933134817690E-01  1.562679324957E-06 -4.708615212200E-03  9.331974786171E-20 -3.359005278097E-20  3.604483066101E-20 -1.046147757179E-02
  5.600000000000E+01  5.800000000000E+01  2.031757475545E+01 -2.297696494874E-14 -9.680941625472E-02  4.150409671895E+02  4.473187543687E-01  6.839282808768E-01 -3.869094020965E-01  7.436118099660E-04 -1.981394786237E+00  4.080087494960E+00  4.006870278274E-02 -1.541374449792E-01  1.140687421955E-01 -1.619627220671E-01  1.295269748083E-03 -5.532504579525E-06 -2.108965209028E-06  3.776012184338E-06  4.663619857468E-01  5.532504442104E-06 -4.650138712887E-03  6.145974329016E-20 -2.674664591018E-20  3.465524180219E-20 -9.810018011240E-03
  6.000000000000E+01  6.200000000000E+01  2.043098510129E+01 -2.872566073897E-14 -9.790187531996E-02  4.196547185020E+02  4.484065796055E-01  6.788298284578E-01 -3.857119120807E-01  8.627659217500E-04 -2.016097305287E+00  3.989034068670E+00  3.778495689775E-02 -1.476437957085E-01  1.098588388101E-01 -1.520434000108E-01  1.039280621059E-03  3.865167545765E-06 -1.566616308447E-06 -6.571055148936E-08  4.416778432116E-01 -3.865167597966E-06 -4.387396189919E-03  7.614587084824E-20 -2.246264356823E-20  3.985218834094E-20 -9.221234021181E-03
  6.400000000000E+01  6.600000000000E+01  2.053840888379E+01 -3.546994064204E-14 -9.899545996717E-02  4.240489524134E+02  4.489612242604E-01  6.734496329150E-01 -3.843397295987E-01  9.410157512352E-04 -2.050740932864E+00  3.904267742631E+00  3.540984999078E-02 -1.415894713466E-01  1.061796213568E-01 -1.429807941258E-01  8.411675486611E-04  4.783177139507E-07 -1.095249796278E-06 -1.518306659336E-06  4.191959671949E-01 -4.783178101408E-07 -4.274504297135E-03  6.973251937574E-20 -2.467989729649E-20  3.431703424453E-20 -8.678416413422E-03
  6.800000000000E+01  7.000000000000E+01  2.064058535762E+01 -4.296304711010E-14 -1.000292932727E-01  4.282497189212E+02  4.490417079727E-01  6.681038379860E-01 -3.829792023079E-01  1.040283928064E-03 -2.083871160687E+00  3.825612079897E+00  3.335393753053E-02 -1.364753887155E-01  1.031214511852E-01 -1.347685995880E-01  8.568852778820E-04 -3.948260839374E-06 -8.842805450163E-07  1.812433707758E-06  3.997130269445E-01  3.948260722319E-06 -3.633665670059E-03  9.725935717674E-20 -2.768986366016E-20  4.482438441065E-20 -8.192962162032E-03
  7.200000000000E+01  7.400000000000E+01  2.073825731399E+01 -4.675928401710E-14 -1.007951412530E-01  4.322840551721E+02  4.487253606281E-01  6.625049094911E-01 -3.815149412303E-01  1.151027120302E-03 -2.111196030912E+00  3.752156826785E+00  3.142270988720E-02 -1.315264179303E-01  1.001037080427E-01 -1.274398756391E-01  7.779332431136E-04 -1.574808507193E-06 -7.436663126837E-07  1.888131200543E-06  3.819516185218E-01  1.574808534580E-06 -2.820179047846E-03  6.955520732949E-20 -1.879661973289E-20  3.127382021048E-20 -7.764261111353E-03
  7.600000000000E+01  7.800000000000E+01  2.083156288880E+01 -4.796278970052E-14 -1.014235639347E-01  4.361558711812E+02  4.481127223379E-01  6.571765304089E-01 -3.800258187366E-01  1.229739225283E-03 -2.135211641477E+00  3.681346065016E+00  2.968579355732E-02 -1.267452361759E-01  9.705944261973E-02 -1.209039887122E-01  7.023629245552E-04 -8.788011061412E-07 -8.433684986927E-07  1.152967860776E-07  3.654635722794E-01  8.788011310227E-07 -2.228234385862E-03  3.320778933701E-20 -1.544757707939E-20  4.269176661847E-20 -7.368350346611E-03
  8.000000000000E+01  8.200000000000E+01  2.092099707367E+01 -4.880597336866E-14 -1.019073075564E-01  4.398834697777E+02  4.471869303044E-01  6.522031614031E-01 -3.785432495426E-01  1.317358516151E-03 -2.155626444375E+00  3.614057577439E+00  2.826520640227E-02 -1.224507321163E-01  9.418552571377E-02 -1.150505508733E-01  5.111945650835E-04 -2.129740697599E-06 -1.278433505820E-06  1.119552166523E-06  3.501963683156E-01  2.129740653780E-06 -2.014261938354E-03  5.095727858514E-20 -2.374411868485E-20  3.515443795080E-20 -7.007610050800E-03
  8.400000000000E+01  8.600000000000E+01  2.100665148652E+01 -4.967441887514E-14 -1.024364923732E-01  4.434675564420E+02  4.460603145329E-01  6.474929991851E-01 -3.770016214430E-01  1.379886305041E-03 -2.176143298594E+00  3.548958152371E+00  2.689482728169E-02 -1.185625478051E-01  9.166772052316E-02 -1.091929066337E-01  4.160805285245E-04  4.199422200092E-07 -1.319942975405E-06  3.812291793167E-06  3.356649875701E-01 -4.199421795012E-07 -2.378908268342E-03  4.718420034458E-20 -2.036950057207E-20  3.328231623369E-20 -6.657602737465E-03
  8.800000000000E+01  9.000000000000E+01  2.108882257307E+01 -5.256227296584E-14 -1.031005592184E-01  4.469186416982E+02  4.448719701322E-01  6.424933926589E-01 -3.754611546622E-01  1.464046213223E-03 -2.199207655772E+00  3.486256173040E+00  2.551511662417E-02 -1.147933382049E-01  8.927822157989E-02 -1.038080421172E-01  6.287334276726E-04 -1.784024742824E-06 -1.029375280901E-06  3.692104789121E-06  3.218560899275E-01  1.784024722864E-06 -2.694170660216E-03  4.979290042078E-20 -2.681540656461E-20  4.231975535691E-20 -6.323238188434E-03
  9.200000000000E+01  9.400000000000E+01  2.116757151347E+01 -5.549244151577E-14 -1.037863867178E-01  4.502387066338E+02  4.435951249863E-01  6.374978472697E-01 -3.738690168075E-01  1.564741595698E-03 -2.222452232964E+00  3.426152622656E+00  2.428157826140E-02 -1.111038671578E-01  8.682228889680E-02 -9.858560221598E-02  6.278415606514E-04  1.913174685567E-06 -6.603880876897E-07  2.409630663733E-06  3.099009266285E-01 -1.913174681697E-06 -2.141012179345E-03  2.529681851142E-20 -2.444343278621E-20  3.899525108134E-20 -6.022157647342E-03
  9.600000000000E+01  9.800000000000E+01  2.124377089356E+01 -5.796175251276E-14 -1.041708956107E-01  4.534637098116E+02  4.421896692785E-01  6.327410936209E-01 -3.723108968924E-01  1.637862216543E-03 -2.238981228125E+00  3.369109961526E+00  2.328870438319E-02 -1.077674488855E-01  8.447874450335E-02 -9.418319034858E-02  3.939286525553E-04  2.019181987385E-06 -4.015234363778E-07  2.448151946656E-06  2.996135676535E-01 -2.019182060285E-06 -1.238057304691E-03  3.422334025858E-20 -2.581012474860E-20  1.922999210649E-20 -5.754407623600E-03
  1.000000000000E+02  1.020000000000E+02  2.131738761205E+01 -6.249044258039E-14 -1.043999363232E-01  4.565902408657E+02  4.406728764661E-01  6.280991597627E-01 -3.707138433302E-01  1.730251555876E-03 -2.251741064039E+00  3.314773925454E+00  2.222838112747E-02 -1.044675524237E-01  8.223917129589E-02 -9.002466631837E-02  3.236913635787E-04 -2.140124763520E-06 -5.107356033177E-07  1.973432869615E-06  2.888440663971E-01  2.140124779053E-06 -9.392154208878E-04 -1.402236047487E-20 -2.134863852052E-20  3.934868154444E-20 -5.506473907768E-03
  1.040000000000E+02  1.060000000000E+02  2.138819055422E+01 -6.555554269277E-14 -1.046399820886E-01  4.596061164390E+02  4.390635563407E-01  6.235891288715E-01 -3.690725721311E-01  1.823636148430E-03 -2.264590037170E+00  3.259833592409E+00  2.106290241449E-02 -1.011227118686E-01  8.005980945379E-02 -8.611403357296E-02  2.990316687801E-04 -1.690038892611E-06 -5.584070703664E-07 -2.463008865243E-07  2.784084749745E-01  1.690038796428E-06 -8.565671699975E-04  5.712535949701E-21 -2.181280085361E-20  4.011219824356E-20 -5.270858851910E-03
  1.080000000000E+02  1.100000000000E+02  2.145657838079E+01 -6.553588278250E-14 -1.048332623523E-01  4.625276496228E+02  4.373549893713E-01  6.190810326092E-01 -3.674639872000E-01  1.882899801104E-03 -2.276161611949E+00  3.207373777376E+00  2.002021083952E-02 -9.806715186026E-02  7.804694102063E-02 -8.259540231918E-02  3.129631985323E-04  4.235085677438E-07 -4.186388821145E-07 -1.783232924204E-06  2.684099178245E-01 -4.235086003440E-07 -6.037784197034E-04 -2.193465062408E-21 -3.263847711253E-20  2.375069939201E-20 -5.047266321218E-03
  1.120000000000E+02  1.140000000000E+02  2.152239318324E+01 -6.606692717498E-14 -1.049410407619E-01  4.653473603433E+02  4.355336729529E-01  6.147490052164E-01 -3.658060751728E-01  1.990246674288E-03 -2.285542643459E+00  3.158819885838E+00  1.908737778393E-02 -9.530604815226E-02  7.621867036894E-02 -7.892533500240E-02  1.693945235374E-04  1.288194794780E-06 -3.137029568030E-07 -2.761816883920E-06  2.588069327738E-01 -1.288194857587E-06 -1.221520877066E-04  5.733515269265E-21 -1.342241929233E-20  3.285819694529E-20 -4.825135153846E-03
  1.160000000000E+02  1.180000000000E+02  2.158599182267E+01 -6.591732397189E-14 -1.048969634848E-01  4.680795473323E+02  4.335934727699E-01  6.101762806084E-01 -3.641969957519E-01  2.045173784991E-03 -2.291133582773E+00  3.110985068138E+00  1.814530576098E-02 -9.258572433338E-02  7.444041857245E-02 -7.548034525952E-02  7.663797820398E-05  3.343018872008E-07 -3.418681256962E-07 -4.340172111847E-06  2.504286021895E-01 -3.343018828248E-07  1.126244709531E-04 -2.043854598333E-20 -2.049020296968E-20  4.594724139623E-20 -4.622009603616E-03
  1.200000000000E+02  1.220000000000E+02  2.164761138411E+01 -6.425106432138E-14 -1.048954317827E-01  4.707333635797E+02  4.315632256356E-01  6.054328473952E-01 -3.625192687575E-01  2.142916997687E-03 -2.297768750052E+00  3.067069769640E+00  1.729821144208E-02 -9.009326975534E-02  7.279505831296E-02 -7.245576512706E-02  1.504596711612E-04  2.781600143464E-06 -2.663896338966E-07 -4.290281331106E-06  2.427590262331E-01 -2.781600165525E-06  4.382582147203E-05 -1.511172552459E-20 -2.334694103398E-20  2.977645945227E-20 -4.445331016778E-03
  1.240000000000E+02  1.260000000000E+02  2.170737353757E+01 -6.345043407063E-14 -1.048810997010E-01  4.733150941507E+02  4.294995202981E-01  6.003271243093E-01 -3.608812720624E-01  2.214919371317E-03 -2.303942298772E+00  3.023357808881E+00  1.652502169576E-02 -8.771381564040E-02  7.118879394448E-02 -6.965532541326E-02  6.050631508621E-05 -7.224088760322E-07 -1.066030990525E-09 -3.471550770990E-06  2.344729885960E-01  7.224089176629E-07 -2.286964313388E-04 -1.062328265868E-20 -1.791360075330E-20  2.545184879100E-20 -4.256629292543E-03
  1.280000000000E+02  1.300000000000E+02  2.176485654949E+01 -6.074946108948E-14 -1.050083299902E-01  4.758038378401E+02  4.274063731957E-01  5.950257366458E-01 -3.592306203032E-01  2.289490620632E-03 -2.312988591541E+00  2.979299030169E+00  1.584109212796E-02 -8.548826472337E-02  6.964717259548E-02 -6.659668386289E-02  8.854288350590E-05 -1.541646071301E-06  3.333721320770E-07 -3.977655015577E-06  2.258548112345E-01  1.541646062591E-06 -4.864714974576E-04 -5.332670998844E-21 -1.761900625373E-20  3.377111557124E-20 -4.071545794669E-03
  1.320000000000E+02  1.340000000000E+02  2.182031181090E+01 -5.689361604807E-14 -1.051274890840E-01  4.782097036480E+02  4.253518350738E-01  5.898009051168E-01 -3.575865164323E-01  2.372152055866E-03 -2.321524308767E+00  2.937678034628E+00  1.512109460545E-02 -8.333046818662E-02  6.820937358070E-02 -6.369599062503E-02  7.580661366508E-05 -1.042400063519E-06  6.129121229551E-07 -3.709865359669E-06  2.180820790538E-01  1.042400093060E-06 -7.378570732906E-04 -1.822264918209E-20 -1.763108841851E-20  5.050953182722E-20 -3.895989709921E-03
  1.360000000000E+02  1.380000000000E+02  2.187390252896E+01 -5.735828688460E-14 -1.053877842522E-01  4.805401877987E+02  4.233980964976E-01  5.840837389220E-01 -3.559196721792E-01  2.422768816062E-03 -2.332650174029E+00  2.897044372950E+00  1.445169677586E-02 -8.131270746174E-02  6.686101068596E-02 -6.093211588773E-02  2.788053541570E-04 -1.015254791612E-07  9.218799543202E-07 -2.428328466430E-06  2.101441127541E-01  1.015254432296E-07 -1.342303165722E-03  7.128317448829E-21 -2.904784286272E-20  3.984403864507E-20 -3.724638553910E-03
  1.400000000000E+02  1.420000000000E+02  2.192538534055E+01 -5.847593886251E-14 -1.058076359085E-01  4.827842385743E+02  4.215674069111E-01  5.784223553407E-01 -3.542413812191E-01  2.495756572937E-03 -2.346698260653E+00  2.858686465541E+00  1.401463144999E-02 -7.941275696434E-02  6.539812551396E-02 -5.830288326886E-02  4.535719086146E-04 -7.295855842693E-08  1.294212968374E-06 -3.170215631000E-06  2.023456197538E-01  7.295856289495E-08 -1.860005331473E-03 -5.101508668794E-21 -2.557169938494E-20  3.501885884848E-20 -3.566034897857E-03
  1.440000000000E+02  1.460000000000E+02  2.197508425628E+01 -5.752021681587E-14 -1.063216082504E-01  4.849550507763E+02  4.198493916998E-01  5.726365187326E-01 -3.525931091636E-01  2.552475420739E-03 -2.362563470182E+00  2.819032858512E+00  1.338841991782E-02 -7.741035680497E-02  6.402193688667E-02 -5.573677178966E-02  5.126397391076E-04 -1.643603850781E-06  1.365270429071E-06 -2.877368080854E-06  1.945554901118E-01  1.643603839414E-06 -1.928434966679E-03 -3.263669965597E-20 -1.502609585597E-20  4.323713815197E-20 -3.401144561130E-03
  1.480000000000E+02  1.500000000000E+02  2.202266233899E+01 -5.819918050091E-14 -1.067664207015E-01  4.870370496679E+02  4.181694201724E-01  5.668715794322E-01 -3.509313517948E-01  2.623185765179E-03 -2.376365381651E+00  2.779760833205E+00  1.272559206588E-02 -7.540433103727E-02  6.267873897197E-02 -5.313718342166E-02  4.603246928793E-04 -1.625780307861E-06  1.273173180734E-06 -1.311597339385E-06  1.871984649930E-01  1.625780323132E-06 -1.715784181468E-03 -3.628666062800E-20 -2.037751728542E-20  4.146289570024E-20 -3.252949372460E-03
  1.520000000000E+02  1.540000000000E+02  2.206867660068E+01 -5.796332070279E-14 -1.071627299615E-01  4.890542650271E+02  4.164835108154E-01  5.618619674150E-01 -3.492604176886E-01  2.694380834194E-03 -2.389117012269E+00  2.743079630386E+00  1.218036518093E-02 -7.364703039595E-02  6.146666521513E-02 -5.094404957334E-02  3.711635788772E-04  1.778130065630E-06  1.126197195930E-06  7.117823307119E-08  1.805053164594E-01 -1.778130034347E-06 -1.795008057088E-03 -2.229386964413E-20 -1.988921334960E-20  3.406308909391E-20 -3.117439709523E-03
  1.560000000000E+02  1.580000000000E+02  2.211292075286E+01 -5.621487007082E-14 -1.076405400517E-01  4.909978206261E+02  4.148192379970E-01  5.570999227797E-01 -3.475867800865E-01  2.770536975264E-03 -2.403403930726E+00  2.708727584903E+00  1.165592613630E-02 -7.193740316171E-02  6.028147702533E-02 -4.880085699893E-02  3.124173725796E-04  2.489437494295E-06  6.760284872166E-07 -5.098979778367E-07  1.742205718856E-01 -2.489437445583E-06 -1.845813633138E-03 -1.594442876005E-20 -2.015566535850E-20  3.264767517117E-20 -2.990627327428E-03
  1.600000000000E+02  1.620000000000E+02  2.215578763355E+01 -5.657305555730E-14 -1.080711495421E-01  4.928840893218E+02  4.131603038553E-01  5.523289664730E-01 -3.459253089595E-01  2.822398979373E-03 -2.416347103727E+00  2.675943184866E+00  1.117243861909E-02 -7.033901635704E-02  5.916657773850E-02 -4.687116075020E-02  1.839928465215E-04  9.935584726313E-07 -1.420440423000E-08 -1.418199428263E-07  1.682424211745E-01 -9.935584732528E-07 -1.671163251094E-03 -1.652753146309E-20 -2.014916808217E-20  4.441451553929E-20 -2.864734980798E-03
  1.640000000000E+02  1.660000000000E+02  2.219703891632E+01 -5.572360794725E-14 -1.084760599497E-01  4.947022704837E+02  4.114919331527E-01  5.476494936498E-01 -3.442714240086E-01  2.870630019848E-03 -2.428604830087E+00  2.642456394335E+00  1.078628711570E-02 -6.883349893093E-02  5.804721181502E-02 -4.479610030272E-02  2.774325244929E-04  6.770664076242E-08 -8.938998617441E-07 -5.645760213274E-07  1.621571827472E-01 -6.770661741948E-08 -1.191188679325E-03 -1.883500968812E-20 -2.161038111293E-20  3.193398220997E-20 -2.744151123005E-03
  1.680000000000E+02  1.700000000000E+02  2.223685990900E+01 -5.307560337411E-14 -1.086716924769E-01  4.964593237635E+02  4.098514120799E-01  5.433602007772E-01 -3.426066900131E-01  2.907248528889E-03 -2.436215560573E+00  2.609878445636E+00  1.036214594189E-02 -6.727402527235E-02  5.691187933005E-02 -4.300112592043E-02  2.523632190013E-04 -5.827907787331E-07 -1.730425942150E-06 -1.109007382225E-06  1.561824414227E-01  5.827908167731E-07 -9.014980405064E-04 -2.699646450763E-20 -2.202203400190E-20  3.418456592905E-20 -2.628770472675E-03
  1.720000000000E+02  1.740000000000E+02  2.227511743359E+01 -5.276667362601E-14 -1.089339865305E-01  4.981494468617E+02  4.082599569273E-01  5.394326443503E-01 -3.409631445207E-01  2.965796375272E-03 -2.445129046857E+00  2.579050934170E+00  1.003628893075E-02 -6.591143766442E-02  5.587514873395E-02 -4.111821131692E-02  2.798516002518E-04  1.340482185217E-06 -2.200439876985E-06  6.806234274611E-07  1.505706988816E-01 -1.340482134703E-06 -1.123212187401E-03 -2.871386584650E-20 -1.670707801664E-20  3.680260619041E-20 -2.520672424156E-03
  1.760000000000E+02  1.780000000000E+02  2.231213789096E+01 -5.180061407306E-14 -1.092439841119E-01  4.997867082483E+02  4.067363302583E-01  5.355973127689E-01 -3.392659248033E-01  2.995916841716E-03 -2.455000725476E+00  2.547634804830E+00  9.724090004365E-03 -6.457379208827E-02  5.484970208394E-02 -3.957562667914E-02  3.246848452606E-04  3.556531627114E-06 -2.543562087204E-06  1.443885193396E-06  1.459375244715E-01 -3.556531575154E-06 -1.217436377645E-03 -2.776298485728E-20 -8.981537654691E-21  3.697191686169E-20 -2.426144153257E-03
  1.800000000000E+02  1.820000000000E+02  2.234807561689E+01 -4.851150709438E-14 -1.095581895724E-01  5.013787503781E+02  4.053015412344E-01  5.320755107354E-01 -3.376391949814E-01  3.058324208843E-03 -2.465183718735E+00  2.517244687680E+00  9.394498092118E-03 -6.317131179763E-02  5.377681370576E-02 -3.803623247021E-02  3.946794552320E-04  1.457579148627E-06 -2.893663714673E-06  4.724940891103E-07  1.414185959936E-01 -1.457579106436E-06 -1.045314437117E-03 -4.177919332622E-20 -1.565189165513E-21  2.824346867754E-20 -2.332712579339E-03
  1.840000000000E+02  1.860000000000E+02  2.238282857418E+01 -4.652005271162E-14 -1.097850444868E-01  5.029193352948E+02  4.039551315345E-01  5.286293343281E-01 -3.359310937444E-01  3.099600156409E-03 -2.473198761302E+00  2.487672171979E+00  9.098924150813E-03 -6.188498719248E-02  5.278606304130E-02 -3.659989370790E-02  3.607940840304E-04  1.467892845456E-06 -2.962995307581E-06  1.228135971304E-06  1.358977818357E-01 -1.467892791043E-06 -8.008269851391E-04 -4.282708372738E-20 -3.677420228918E-21  2.929869560009E-20 -2.236964606462E-03
  1.880000000000E+02  1.900000000000E+02  2.241600791921E+01 -4.491904273309E-14 -1.099749390800E-01  5.043923469025E+02  4.026923719164E-01  5.256693155816E-01 -3.343124113386E-01  3.161563565534E-03 -2.479929387140E+00  2.459620254646E+00  8.738774151621E-03 -6.071354402540E-02  5.197476987355E-02 -3.497761481338E-02  2.178889812225E-04  3.562613594187E-06 -2.767554468693E-06  1.188467249876E-06  1.308864641932E-01 -3.562613547362E-06 -8.111330825321E-04 -4.211461004864E-20 -2.986410008935E-21  4.296043552965E-20 -2.145790965664E-03
  1.920000000000E+02  1.940000000000E+02  2.244826654233E+01 -4.204935148631E-14 -1.102001094203E-01  5.058248670972E+02  4.014495300069E-01  5.225940979464E-01 -3.325763247090E-01  3.187045819656E-03 -2.487191702938E+00  2.432124836067E+00  8.329189862022E-03 -5.948285192729E-02  5.115366206551E-02 -3.365764944923E-02  2.890064571632E-04  5.450433193788E-06 -2.614427273034E-06  5.218064746347E-07  1.267517362570E-01 -5.450433209674E-06 -1.025554962054E-03 -5.895727484685E-20 -1.334284925644E-20  3.256485367361E-20 -2.061807263487E-03
  1.960000000000E+02  1.980000000000E+02  2.247938488339E+01 -4.054805883419E-14 -1.104886117226E-01  5.072083753683E+02  4.002149578870E-01  5.201879394555E-01 -3.309942909779E-01  3.238043317739E-03 -2.495969015693E+00  2.412479700410E+00  8.154591794650E-03 -5.855602340285E-02  5.040143160856E-02 -3.237908624220E-02  2.360588260190E-04  6.174852229853E-07 -2.599010301317E-06  2.890435152189E-07  1.236193732680E-01 -6.174851985593E-07 -1.267306191257E-03 -5.560971547615E-20 -8.903677522562E-21  3.199384396583E-20 -1.992700960997E-03
  2.000000000000E+02  2.020600000000E+02  2.251007188157E+01 -3.943489964552E-14 -1.108243021781E-01  5.085726894672E+02  3.988819673697E-01  5.178570718937E-01 -3.292238097912E-01  3.281512190304E-03 -2.505760078252E+00  2.393562425387E+00  7.541206745555E-03 -5.680641063135E-02  4.926520388599E-02 -3.154092587372E-02  4.475586658496E-04 -1.842105604802E-07 -2.411774932603E-06 -2.298060885428E-07  1.190843844134E-01  1.842105295856E-07 -1.348410305510E-03 -6.183364040671E-20 -1.909131530696E-20  2.805872627136E-20 -1.948000633774E-03
  2.041200000000E+02  2.062418000000E+02  2.254071073131E+01 -3.560338865452E-14 -1.111667356147E-01  5.099361053281E+02  3.975784843997E-01  5.160224813670E-01 -3.274964705178E-01  3.340112141800E-03 -2.515870390900E+00  2.375246238256E+00  6.899194648820E-03 -5.494467325504E-02  4.804547860635E-02 -3.077652376416E-02  3.593853033056E-04  2.100356221613E-06 -1.932032841989E-06 -1.179808109593E-06  1.148501698676E-01 -2.100356066967E-06 -1.299356126863E-03 -6.721322434828E-20 -1.706793185363E-21  2.909272629885E-20 -1.897646362253E-03
  2.083636000000E+02  2.105490540000E+02  2.257099597521E+01 -3.010556221273E-14 -1.114946784138E-01  5.112841441484E+02  3.962825144483E-01  5.137381028659E-01 -3.256301453047E-01  3.393253323579E-03 -2.525893812614E+00  2.354219754600E+00  6.134413125116E-03 -5.289684415912E-02  4.676243103411E-02 -2.990449994370E-02  3.365891435577E-04  5.139797368681E-07 -1.437415758303E-06 -1.609047414458E-06  1.106156635376E-01 -5.139798108581E-07 -1.402217298957E-03 -6.421406965931E-20 -5.883573251928E-21  4.326134870195E-20 -1.840277029083E-03
  2.127345080000E+02  2.149855256200E+02  2.260114827684E+01 -2.333829136891E-14 -1.119138013673E-01  5.126278158064E+02  3.949803661196E-01  5.116379198843E-01 -3.237868598689E-01  3.417440147498E-03 -2.537856915942E+00  2.335207322743E+00  5.432956642639E-03 -5.094022063641E-02  4.550726399390E-02 -2.901086240931E-02  4.502177217216E-04  5.807836165771E-07 -9.264194252207E-07 -2.299672810907E-06  1.069936490819E-01 -5.807834245764E-07 -1.946749510272E-03 -4.700624767827E-20 -8.999283517452E-21  3.482912944173E-20 -1.785888275303E-03
  2.172365432400E+02  2.195550913886E+02  2.263120997300E+01 -1.824748403594E-14 -1.125808190547E-01  5.139675877929E+02  3.936953478642E-01  5.096039619643E-01 -3.218234434673E-01  3.461912458376E-03 -2.555664826745E+00  2.317549673479E+00  4.813715128181E-03 -4.893622884831E-02  4.412251372057E-02 -2.817886338583E-02  6.026760498753E-04  2.873254279397E-07 -4.822917116575E-07 -2.383336601796E-06  1.036913516048E-01 -2.873254382978E-07 -2.733222929532E-03 -6.794151547170E-20 -1.601254831884E-20  5.467595323528E-20 -1.739576962017E-03
  2.218736395372E+02  2.242617441303E+02  2.266125513543E+01 -1.597408609468E-14 -1.134984177646E-01  5.153075816102E+02  3.924741380527E-01  5.077676959854E-01 -3.198377371242E-01  3.487675617368E-03 -2.579221769880E+00  2.300428217183E+00  4.124987809023E-03 -4.681254948664E-02  4.268756167747E-02 -2.750051951761E-02  7.630868245203E-04 -3.640512013795E-07 -1.895932635164E-07 -1.831655442426E-06  1.003104608415E-01  3.640512332099E-07 -3.346373980636E-03 -7.199519688585E-20 -5.504190640554E-21  2.150258513793E-20 -1.693929010900E-03
  2.266498487233E+02  2.291095964542E+02  2.269110680453E+01 -1.350012466545E-14 -1.145797377702E-01  5.166392347373E+02  3.913395400814E-01  5.057832429781E-01 -3.177640788492E-01  3.528890608018E-03 -2.606714572929E+00  2.282777815152E+00  3.428269270137E-03 -4.471514732405E-02  4.128687805392E-02 -2.672364969514E-02  8.023922849044E-04  3.788615669812E-07 -3.689528886113E-08 -2.277376986020E-06  9.755761828616E-02 -3.788615710007E-07 -3.699660663243E-03 -6.872160440411E-20 -5.220714615694E-21  1.483500691838E-20 -1.652139078117E-03
  2.315693441850E+02  2.341028843478E+02  2.272125907136E+01 -1.110561357141E-14 -1.157750774577E-01  5.179855658385E+02  3.903326986926E-01  5.036823346858E-01 -3.156427953596E-01  3.554096512314E-03 -2.636616174748E+00  2.264879837451E+00  2.674710670747E-03 -4.252045621819E-02  3.984574554737E-02 -2.615675321040E-02  9.023300600963E-04 -5.172149375816E-07 -9.726168046298E-08 -2.709133503520E-06  9.443788966704E-02  5.172149603922E-07 -3.334472387985E-03 -3.647338220372E-20 -2.616530201736E-20  1.548317215195E-20 -1.612394697085E-03
  2.366364245106E+02  2.392459708782E+02  2.275092625122E+01 -1.006944531373E-14 -1.166991971461E-01  5.193105740437E+02  3.894304220790E-01  5.014268045251E-01 -3.134260267521E-01  3.602304801202E-03 -2.660183728691E+00  2.248653963142E+00  1.876417134460E-03 -4.042690901845E-02  3.855049188386E-02 -2.535806728377E-02  8.756797274514E-04 -2.106472436877E-06 -2.237157396600E-07 -3.047123603138E-06  9.051475221303E-02  2.106472481516E-06 -2.325744708397E-03 -5.501566645971E-20 -1.053398098070E-20  2.615178822883E-20 -1.562866577805E-03
  2.418555172459E+02  2.445433500046E+02  2.278030918166E+01 -1.079406216825E-14 -1.173067937889E-01  5.206230926801E+02  3.886010557892E-01  4.994179362998E-01 -3.111394201538E-01  3.655908952829E-03 -2.676899923945E+00  2.235134885004E+00  1.056174830729E-03 -3.833294012897E-02  3.727676529812E-02 -2.473757125368E-02  7.804045735591E-04 -1.562895808621E-06 -1.785776439258E-07 -3.791738121547E-06  8.683175527018E-02  1.562895799476E-06 -1.552473840917E-03 -5.439309123547E-20  2.038714559866E-21  2.445523726929E-20 -1.527650999619E-03
  2.472311827633E+02  2.499996505047E+02  2.280927491475E+01 -1.220928313600E-14 -1.177556905750E-01  5.219170369262E+02  3.877721627321E-01  4.977834271931E-01 -3.087440935173E-01  3.697154763869E-03 -2.689870216593E+00  2.223813321903E+00  3.117306635900E-04 -3.622291347588E-02  3.591118281222E-02 -2.415366276377E-02  6.075582219204E-04 -5.548300922097E-07 -1.419605534261E-07 -3.297254335942E-06  8.401529411756E-02  5.548300639835E-07 -9.690391735630E-04 -7.321387149847E-20 -5.911908641387E-21  4.219000278381E-20 -1.495792764041E-03
  2.527681182462E+02  2.556196400198E+02  2.283845981870E+01 -1.254952026990E-14 -1.179843558891E-01  5.232215443830E+02  3.869055555813E-01  4.959523277385E-01 -3.063500840031E-01  3.773042918987E-03 -2.697715683879E+00  2.210968587965E+00 -3.442712782832E-04 -3.409365760582E-02  3.443792888391E-02 -2.372393639428E-02  3.938680903583E-04 -1.330770272061E-06 -4.366163478969E-07 -2.558851208526E-06  8.109586903392E-02  1.330770274929E-06 -2.923530259564E-04 -6.450937135711E-20 -1.295338220179E-20  2.905659210249E-20 -1.463415217084E-03
  2.584711617935E+02  2.614082292204E+02  2.286708516517E+01 -1.138494355214E-14 -1.179640791517E-01  5.245014895667E+02  3.859821640390E-01  4.943630983363E-01 -3.037760830672E-01  3.821792986581E-03 -2.699582429512E+00  2.200141928299E+00 -1.036703437814E-03 -3.187734012806E-02  3.291404356580E-02 -2.310117547528E-02  3.030026300507E-04 -2.460145612486E-06 -7.533586094417E-07 -2.064576434830E-06  7.809896888347E-02  2.460145615922E-06  5.134732010611E-04 -5.778294164183E-20 -1.159958742799E-20  3.800756018651E-20 -1.429098040306E-03
  2.643452966473E+02  2.673704760971E+02  2.289580279332E+01 -9.997337340207E-15 -1.176004980663E-01  5.257862773079E+02  3.849743936425E-01  4.929407938653E-01 -3.011834106323E-01  3.894356216082E-03 -2.693609870565E+00  2.190510875633E+00 -1.683310097940E-03 -2.973881761524E-02  3.142212771311E-02 -2.262590366264E-02  1.304810396229E-04 -3.512886983011E-06 -9.064491076698E-07 -2.096814961882E-06  7.557535816309E-02  3.512886987996E-06  1.809662811969E-03 -7.274105082569E-20 -9.815959520951E-21  4.050662141499E-20 -1.402883186845E-03
  2.703956555468E+02  2.735115903800E+02  2.292424066500E+01 -1.003085931736E-14 -1.165851854446E-01  5.270581408944E+02  3.838907447869E-01  4.917610356218E-01 -2.984297594421E-01  3.938205638479E-03 -2.672864732531E+00  2.182734732421E+00 -2.402423768027E-03 -2.743768756231E-02  2.984011132979E-02 -2.229928122262E-02 -5.062145090570E-05 -2.107298591273E-06 -1.027870147400E-06 -7.454128458182E-07  7.308268164094E-02  2.107298550769E-06  3.001978292488E-03 -8.687053204375E-20 -4.806683495495E-21  4.037214135307E-20 -1.382799062876E-03
  2.766275252132E+02  2.798369380914E+02  2.295273046350E+01 -1.110817353537E-14 -1.152495799641E-01  5.283338309708E+02  3.827488051864E-01  4.913536969098E-01 -2.956296575933E-01  3.996298337022E-03 -2.645306797904E+00  2.179528642314E+00 -3.101566461894E-03 -2.513956623940E-02  2.824113270148E-02 -2.201853231397E-02 -1.162761302291E-04 -4.280975985954E-07 -1.123154723372E-06  9.299695319554E-07  7.097010228592E-02  4.280975696815E-07  3.652277792904E-03 -8.478142958844E-20 -2.626412737997E-21  2.616566968834E-20 -1.368474641317E-03
  2.830463509696E+02  2.863520462341E+02  2.298119327450E+01 -1.064015193363E-14 -1.136424836959E-01  5.296094650202E+02  3.814757446329E-01  4.917168685203E-01 -2.927092051816E-01  4.089756193221E-03 -2.611768894193E+00  2.176887087340E+00 -3.768674574501E-03 -2.286543759948E-02  2.663411217405E-02 -2.173531985581E-02 -2.843764903041E-04 -3.527760464589E-07 -1.321931721015E-06  3.805894171505E-07  6.818127505228E-02  3.527760498869E-07  4.914173275845E-03 -8.102877793709E-20 -1.046770154992E-20  3.535705537810E-20 -1.344372188256E-03
  2.896577414987E+02  2.930626076211E+02  2.300909045494E+01 -8.370030759094E-15 -1.111892955291E-01  5.308617075814E+02  3.800241204336E-01  4.927964386482E-01 -2.896870442436E-01  4.127641736322E-03 -2.559204286638E+00  2.174838682157E+00 -4.379706552458E-03 -2.074422192495E-02  2.512392847773E-02 -2.131777347283E-02 -5.902230724641E-04 -5.205750140051E-07 -1.606246746127E-06 -6.895564594040E-07  6.612827643162E-02  5.205750463310E-07  5.781622305789E-03 -6.668692599135E-20  7.830041219646E-22  3.776079813884E-20 -1.331058339840E-03
  2.964674737436E+02  2.999744858498E+02  2.303748105439E+01 -6.872815546838E-15 -1.087295801909E-01  5.321364470652E+02  3.785433453679E-01  4.940670996820E-01 -2.865806882286E-01  4.159854104471E-03 -2.506868327490E+00  2.173874279204E+00 -5.035122139765E-03 -1.848344479397E-02  2.351856693378E-02 -2.137484755342E-02 -6.008438053530E-04 -1.182570693955E-07 -1.868066014564E-06 -1.789427936419E-06  6.591757639110E-02  1.182570850334E-07  5.620511107310E-03 -7.325442436692E-20  5.580642785702E-21  1.790674172807E-20 -1.339672702129E-03
  3.034814979559E+02  3.070937204253E+02  2.306687141219E+01 -7.055615269914E-15 -1.062620473974E-01  5.334584288093E+02  3.771573064608E-01  4.953485067812E-01 -2.833463142656E-01  4.222859422132E-03 -2.455466690355E+00  2.177064223438E+00 -5.569967600954E-03 -1.627811487267E-02  2.184808247369E-02 -2.150868661267E-02 -5.975595790508E-04  1.834446941574E-07 -2.076098126743E-06 -2.140004127720E-06  6.540182860611E-02 -1.834446838024E-07  6.074467845095E-03 -7.670264780913E-20 -1.789572833430E-21  2.854980640905E-20 -1.345316732629E-03
  3.107059428946E+02  3.144265320380E+02  2.309653204146E+01 -8.254506037754E-15 -1.032367344974E-01  5.347952397899E+02  3.757437570230E-01  4.957331254565E-01 -2.800252527796E-01  4.242121932788E-03 -2.390412631249E+00  2.181232441910E+00 -6.277906094259E-03 -1.402310655682E-02  2.030101265138E-02 -2.144384056465E-02 -8.788692119638E-04  1.907028700556E-06 -2.292691777677E-06 -1.866771452238E-06  6.359843606346E-02 -1.907028725529E-06  6.882621747622E-03 -5.803350935091E-20  1.096387452848E-20  3.475293760808E-20 -1.331659388824E-03
  3.181471211814E+02  3.219793279992E+02  2.312601820458E+01 -1.047771797710E-14 -9.985700408494E-02  5.361265328623E+02  3.743416211685E-01  4.955933579360E-01 -2.765901305565E-01  4.301602054780E-03 -2.316259018012E+00  2.187441561952E+00 -6.893035523291E-03 -1.193205741674E-02  1.882509294010E-02 -2.114215851875E-02 -1.011774977499E-03  3.157945654621E-06 -2.575286243398E-06 -2.204098415550E-06  6.220894324298E-02 -3.157945675168E-06  7.427789928942E-03 -6.554964578035E-20  8.088619280078E-21  1.497599463653E-20 -1.321202069661E-03
  3.258115348169E+02  3.297587078391E+02  2.315612414269E+01 -1.231362530748E-14 -9.613515383941E-02  5.374868224127E+02  3.729338391104E-01  4.952042583624E-01 -2.730705051291E-01  4.300985267002E-03 -2.234376728442E+00  2.194113506358E+00 -7.468670392131E-03 -9.672861171230E-03  1.714153156340E-02 -2.123923855682E-02 -1.045205311077E-03  3.079758088559E-06 -2.411090654121E-06 -1.420391932296E-06  6.183302225724E-02 -3.079758059756E-06  8.162568778854E-03 -7.338187532784E-20  3.965898944962E-21  2.677134774069E-20 -1.334779044683E-03
  3.337058808614E+02  3.377714690743E+02  2.318704170355E+01 -1.380880533617E-14 -9.182188382047E-02  5.388872644728E+02  3.713941478756E-01  4.931730282713E-01 -2.694148908733E-01  4.347326068883E-03 -2.138362275586E+00  2.205181445375E+00 -8.201989987452E-03 -7.376242403183E-03  1.557823239069E-02 -2.149981408135E-02 -1.148719780319E-03  2.962289947217E-06 -1.674625864981E-06 -1.757826619350E-06  6.116709714610E-02 -2.962289957267E-06  8.051562366418E-03 -6.734093817514E-20  5.871455834808E-21  2.619609299534E-20 -1.342763853244E-03
  3.418370572872E+02  3.460246131465E+02  2.321830557905E+01 -1.581805353657E-14 -8.796176949466E-02  5.403056216074E+02  3.697106207535E-01  4.925345550860E-01 -2.656696456518E-01  4.335370900496E-03 -2.053081088100E+00  2.219817496915E+00 -8.812383920968E-03 -5.195155954281E-03  1.400753987510E-02 -2.145343612500E-02 -9.867139649351E-04  8.950043066703E-08 -9.967482925196E-07 -2.662488898166E-06  6.076141542398E-02 -8.950043147970E-08  7.575090055512E-03 -6.064345908864E-20  2.379846286349E-21  6.378909874927E-21 -1.344810529909E-03
  3.502121690058E+02  3.545253515409E+02  2.325066484121E+01 -1.739234140099E-14 -8.389879685664E-02  5.417777960273E+02  3.679906743796E-01  4.911651503747E-01 -2.617334517787E-01  4.283333213562E-03 -1.962863834995E+00  2.233114797805E+00 -9.442808453672E-03 -3.092262904046E-03  1.253507135746E-02 -2.152948146435E-02 -9.540982513739E-04 -8.127596986450E-07 -2.771335134071E-07 -1.486234629843E-06  6.084967079570E-02  8.127596867694E-07  7.592810784403E-03 -5.094106602479E-20 -1.254987934276E-21  2.293843938001E-20 -1.350165218265E-03
  3.588385340760E+02  3.632811120872E+02  2.328392275217E+01 -1.812248860815E-14 -7.977503358257E-02  5.432943365176E+02  3.662569620969E-01  4.891550379462E-01 -2.578442350492E-01  4.258195941194E-03 -1.871418128800E+00  2.247999955034E+00 -1.004141990936E-02 -9.314792234417E-04  1.097289913277E-02 -2.166738001394E-02 -1.091768298805E-03 -6.643127269391E-07  7.070163703567E-07 -2.159800139398E-07  6.012932574363E-02  6.643127385252E-07  7.272593878209E-03 -3.950534373817E-20 -5.339526899230E-21  2.543785009519E-20 -1.355053024101E-03
  3.677236900983E+02  3.722995454498E+02  2.331743088661E+01 -1.824770174373E-14 -7.581595431118E-02  5.448241959308E+02  3.644290432895E-01  4.872924089274E-01 -2.537211297668E-01  4.152466312539E-03 -1.783054917768E+00  2.264992385362E+00 -1.069722232864E-02  1.304888561700E-03  9.392333767130E-03 -2.176036495785E-02 -1.034852035277E-03  4.699295140725E-07  1.292760615821E-06 -1.820038393345E-08  6.020906490103E-02 -4.699295100131E-07  6.518807425033E-03 -3.161190349448E-20 -3.776678809127E-22  2.752101391847E-20 -1.373145319207E-03
  3.768754008012E+02  3.815885318133E+02  2.335279921453E+01 -1.880557269513E-14 -7.231015557985E-02  5.464423248734E+02  3.624460412280E-01  4.842162688593E-01 -2.495466713317E-01  4.000563038353E-03 -1.705042517263E+00  2.285937632791E+00 -1.117180845715E-02  3.463200326239E-03  7.708608131096E-03 -2.223643457710E-02 -8.486899565017E-04  1.939395437379E-06  1.233652260219E-06 -1.490393839376E-06  6.051703592102E-02 -1.939395431833E-06  6.224993993330E-03 -4.161368585395E-20 -5.959531573608E-22  1.011476902675E-20 -1.392179917414E-03
  3.863016628253E+02  3.911561877677E+02  2.338874931424E+01 -2.001511398749E-14 -6.846541004087E-02  5.480903173846E+02  3.602300651938E-01  4.817067124916E-01 -2.451756888375E-01  3.874870526064E-03 -1.619265452842E+00  2.307820466737E+00 -1.163872256620E-02  5.519111373716E-03  6.119611192587E-03 -2.227701575219E-02 -1.000485220721E-03 -3.220330200705E-07  8.522127813650E-07 -2.739535018276E-06  6.114099119626E-02  3.220330193929E-07  6.335377449618E-03 -2.620056442879E-20 -1.080002671468E-21  1.388610988256E-20 -1.408857932468E-03
  3.960107127100E+02  4.010108734007E+02  2.342700134774E+01 -2.089599428097E-14 -6.460984097676E-02  5.498457751105E+02  3.576204714858E-01  4.780931777464E-01 -2.406954424512E-01  3.704065538098E-03 -1.532442173511E+00  2.329701625450E+00 -1.210102738592E-02  7.468715071756E-03  4.632312314123E-03 -2.288994669787E-02 -9.028029441012E-04 -1.009355470326E-06  4.395406547312E-07 -4.296234626983E-06  6.124387265394E-02  1.009355477166E-06  6.400784756688E-03 -2.394346421731E-20  8.343887639654E-21  2.086719428104E-20 -1.433642800815E-03
  4.060110340913E+02  4.111611996027E+02  2.346530813924E+01 -2.152108786319E-14 -6.046429120425E-02  5.516065459052E+02  3.546495572696E-01  4.724221700929E-01 -2.361614262747E-01  3.470787109576E-03 -1.439615872264E+00  2.361551290592E+00 -1.264511532365E-02  9.623270985794E-03  3.021844337625E-03 -2.292128222086E-02 -1.012225009138E-03 -2.242714727375E-06  6.475746345735E-08 -4.118099998905E-06  6.162652335820E-02  2.242714718476E-06  7.096000652759E-03 -1.947081074063E-20 -1.520284096565E-20  1.078681306682E-20 -1.453590720209E-03
  4.163113651141E+02  4.216160355908E+02  2.350635772244E+01 -2.211859905302E-14 -5.547475993685E-02  5.535000888721E+02  3.514300092359E-01  4.667530347094E-01 -2.313943485059E-01  3.328897029746E-03 -1.327050869535E+00  2.392810452891E+00 -1.303373618741E-02  1.150975260505E-02  1.523983582293E-03 -2.371845647793E-02 -1.503325792766E-03 -2.225177806864E-06 -1.608877018983E-07 -3.070126896303E-06  6.323486434035E-02  2.225177788806E-06  7.559774132904E-03 -1.601338626644E-20 -1.383906945707E-20  1.579889408538E-20 -1.497603586488E-03
  4.269207060675E+02  4.323845166585E+02  2.354917114365E+01 -2.161037812818E-14 -5.043386869006E-02  5.554777849464E+02  3.477909587931E-01  4.605797498360E-01 -2.265572284398E-01  3.110040982970E-03 -1.212131432008E+00  2.427380480454E+00 -1.345399831177E-02  1.347671605056E-02 -2.271773877011E-05 -2.421948584025E-02 -1.616602767745E-03 -1.223411120655E-06 -1.950520930791E-07 -1.628876632588E-06  6.467756279647E-02  1.223411133053E-06  8.003918280759E-03 -1.022698097888E-20 -1.475787586896E-20  2.004305383654E-20 -1.543014272062E-03
  4.378483272495E+02  4.434760521583E+02  2.359469214171E+01 -2.009825538056E-14 -4.453172433330E-02  5.575872451043E+02  3.438015701212E-01  4.557651876866E-01 -2.215440312112E-01  3.043522453900E-03 -1.077543158370E+00  2.455987482105E+00 -1.400801705210E-02  1.531979173829E-02 -1.311774686376E-03 -2.500076480812E-02 -1.816499928376E-03 -1.308230110910E-06 -3.056441474321E-07 -7.956342141997E-08  6.399743999964E-02  1.308230119902E-06  7.645113695866E-03  1.282691362596E-20 -1.049122384843E-20  2.450785928671E-20 -1.552083580017E-03
  4.491037770670E+02  4.549003337230E+02  2.363920326621E+01 -1.921927692226E-14 -3.968230702331E-02  5.596543858098E+02  3.397101726518E-01  4.481642623428E-01 -2.165550864353E-01  2.751093877821E-03 -9.669693382711E-01  2.487681536306E+00 -1.460733230573E-02  1.719658083720E-02 -2.589248531710E-03 -2.463920190824E-02 -1.746968037724E-03 -5.747595622297E-07 -1.171217236949E-07 -2.436673051215E-07  6.320089588757E-02  5.747595739486E-07  8.040753040696E-03 -6.289210534686E-21 -5.810257418552E-21  2.987478053206E-20 -1.552432286192E-03
  4.606968903790E+02  4.666673437347E+02  2.368629848468E+01 -1.907069207413E-14 -3.291038611705E-02  5.618474391221E+02  3.355209898876E-01  4.416271024179E-01 -2.112910382396E-01  2.703521714880E-03 -8.080032745651E-01  2.519167110917E+00 -1.489976243612E-02  1.878222365775E-02 -3.882461221794E-03 -2.511323042596E-02 -2.029502116006E-03  1.162060199926E-07  3.341803549659E-07 -3.224195753305E-07  6.290120695717E-02 -1.162060041653E-07  8.205984186203E-03  2.077409136861E-21 -8.500521377225E-21  2.296781748652E-20 -1.561786348882E-03
  4.726377970904E+02  4.787873640468E+02  2.373311602455E+01 -2.000769775551E-14 -2.746049622466E-02  5.640324908034E+02  3.309225665202E-01  4.348385419067E-01 -2.060185772583E-01  2.429103530764E-03 -6.785073529916E-01  2.558887233551E+00 -1.535367358768E-02  2.039424147165E-02 -5.040567884179E-03 -2.479027975385E-02 -1.678209996706E-03  1.357779292653E-06  4.342527244586E-07  1.522548579884E-06  6.130800055766E-02 -1.357779314038E-06  7.858645525137E-03  1.228436502433E-20 -8.926692430367E-21  3.228752790471E-20 -1.549735527304E-03
  4.849369310031E+02  4.912709849682E+02  2.378054415585E+01 -2.017947896456E-14 -2.082799294731E-02  5.662538593152E+02  3.259152759459E-01  4.263636908773E-01 -2.007424018786E-01  2.414299060184E-03 -5.220096727917E-01  2.598970558367E+00 -1.563049031368E-02  2.196012774082E-02 -6.329637427198E-03 -2.484576279135E-02 -1.943637988187E-03  6.412962053330E-07  3.889164058036E-07  3.300943142145E-06  6.072119213798E-02 -6.412961552177E-07  8.557568460848E-03  2.090283467885E-20 -8.590221409553E-21  2.690285856484E-20 -1.552899889281E-03
  4.976050389332E+02  5.041291145172E+02  2.382924179605E+01 -1.883416368466E-14 -1.389858522171E-02  5.685419318172E+02  3.204236190484E-01  4.162277024611E-01 -1.951233014571E-01  2.266497828329E-03 -3.569398446062E-01  2.637305593217E+00 -1.576624592921E-02  2.335675753410E-02 -7.590511604632E-03 -2.491116330848E-02 -2.043292650208E-03  6.352494546324E-07  4.628851986130E-07  3.225997439506E-06  5.952890085381E-02 -6.352494895920E-07  7.868705404186E-03  2.414820141752E-20 -1.889886418443E-20  2.700389248963E-20 -1.555825251792E-03
  5.106531901012E+02  5.173729879527E+02  2.387763110270E+01 -1.810318930352E-14 -7.983293703789E-03  5.708243752670E+02  3.143167335209E-01  4.042124223703E-01 -1.897061660487E-01  2.152941746958E-03 -2.157331694961E-01  2.674880425144E+00 -1.582523713122E-02  2.452229370550E-02 -8.697056573923E-03 -2.473952583603E-02 -1.969513040234E-03  1.619378824218E-06  6.243823376763E-08  7.498264974952E-07  5.818544290819E-02 -1.619378804555E-06  7.766731963477E-03  3.195774899815E-20 -1.877268724802E-20  2.214650122466E-20 -1.536391445748E-03
  5.240927858042E+02  5.310141775913E+02  2.392699417470E+01 -1.652465722128E-14 -8.347290489427E-04  5.731590547507E+02  3.078599025776E-01  3.931657606565E-01 -1.839361773766E-01  2.055406653332E-03 -4.385863477731E-02  2.716749785482E+00 -1.604909448489E-02  2.576147730680E-02 -9.712382821874E-03 -2.451936990219E-02 -2.236546254486E-03  5.913609241748E-07 -3.407716804772E-07  4.018920000841E-07  5.769565567599E-02 -5.913609000607E-07  8.611919417863E-03  2.038972149742E-20 -2.510690780899E-20  4.117014941999E-20 -1.528805714253E-03
  5.379355693784E+02  5.450646029190E+02  2.397747463232E+01 -1.379936898256E-14  6.925815011023E-03  5.755561619684E+02  3.010453394527E-01  3.813493317392E-01 -1.781982208369E-01  2.083720083242E-03  1.434809965194E-01  2.764290067707E+00 -1.635361907529E-02  2.685548235230E-02 -1.050186327721E-02 -2.438389748953E-02 -2.436853514259E-03 -5.514455456102E-07 -4.888676773867E-07 -1.015167766385E-06  5.650434411406E-02  5.514455686813E-07  9.845742581915E-03  3.076741882916E-20 -2.031019435567E-20  3.780635790896E-20 -1.507312665284E-03
  5.521936364597E+02  5.595365410066E+02  2.402771086670E+01 -1.237462302767E-14  1.670631460204E-02  5.779447591971E+02  2.937632080450E-01  3.700150340540E-01 -1.722458874521E-01  1.797932676183E-03  3.813122005751E-01  2.809246907077E+00 -1.655892334609E-02  2.789381655619E-02 -1.133489321008E-02 -2.383657750458E-02 -3.015140325968E-03 -1.731201669671E-06 -6.851459386699E-07 -1.470462604733E-06  5.424226538013E-02  1.731201668361E-06  1.087136292383E-02  3.479190183422E-20 -2.001155934111E-20  3.067038949163E-20 -1.476345327732E-03
  5.668794455535E+02  5.743794455535E+02  2.407704646599E+01 -1.207593241260E-14  2.687235774956E-02  5.802947161979E+02  2.866841209359E-01  3.574308945622E-01 -1.662074100738E-01  1.781814090361E-03  6.280047973302E-01  2.832676664417E+00 -1.649554941001E-02  2.822898465769E-02 -1.173343524792E-02 -2.330959533363E-02 -3.064678395733E-03 -8.297230376622E-07 -4.796520409020E-07 -1.367599621010E-06  5.295411001772E-02  8.297230622353E-07  9.689422194418E-03  2.869051452858E-20 -8.824817464591E-21  4.267339902730E-20 -1.453670684541E-03
  5.818794455535E+02  5.893794455535E+02  2.412699444881E+01 -1.185564782920E-14  3.485942991129E-02  5.826809669476E+02  2.802446499417E-01  3.462164334743E-01 -1.601751202687E-01  1.463058894801E-03  8.233781268212E-01  2.788334649479E+00 -1.607200712800E-02  2.731707981348E-02 -1.124507268543E-02 -2.288384925143E-02 -2.582561325819E-03 -1.919538324113E-07 -5.334656884552E-08 -6.398383372519E-07  5.203786854874E-02  1.919538327520E-07  8.994153050928E-03  3.493693803177E-20 -1.127463874532E-20  2.856923287315E-20 -1.390236137860E-03
  5.968794455535E+02  6.043794455535E+02  2.417461098988E+01 -1.240526991750E-14  4.372478335911E-02  5.849602766965E+02  2.740368578710E-01  3.368566398653E-01 -1.541798720863E-01  1.359209893474E-03  1.040225812157E+00  2.743858008658E+00 -1.577929429365E-02  2.675099065309E-02 -1.097169635946E-02 -2.159152095649E-02 -2.732635157095E-03  1.657731535632E-06  1.434658462064E-07 -9.005353838439E-07  5.124425047115E-02 -1.657731522426E-06  7.273745638811E-03  4.656468774841E-20 -1.029838946775E-20  3.014659034486E-20 -1.336985972411E-03
  6.118794455535E+02  6.193794455535E+02  2.422307782347E+01 -1.281076189141E-14  4.849917738534E-02  5.872881568390E+02  2.679142541981E-01  3.246934008020E-01 -1.481454820940E-01  1.258366723015E-03  1.158401127854E+00  2.699105403133E+00 -1.541782561318E-02  2.599539906777E-02 -1.057757345444E-02 -2.119951231423E-02 -1.878342498513E-03  1.443970307441E-06  6.340002784251E-08 -1.005521845734E-06  5.001140998473E-02 -1.443970313874E-06  5.494190072258E-03  3.466511509214E-20 -1.499215752964E-20  4.113038539402E-20 -1.290780484106E-03
  6.268794455535E+02  6.343794455535E+02  2.426839431972E+01 -1.235710092917E-14  5.404323336577E-02  5.894679479299E+02  2.619280890577E-01  3.141399930282E-01 -1.422211120646E-01  1.055890229438E-03  1.296214914583E+00  2.644051298623E+00 -1.500150281838E-02  2.533115603039E-02 -1.032965321191E-02 -1.993618260330E-02 -1.833401385112E-03 -1.425785294784E-07  3.140441724095E-07 -1.230129328008E-06  4.732640425838E-02  1.425785144062E-07  4.423869265935E-03  5.852854418827E-20 -1.346032392119E-20  3.701643345971E-20 -1.202656315821E-03
  6.418794455535E+02  6.493794455535E+02  2.431181926045E+01 -1.134024841985E-14  5.680992225807E-02  5.915627648938E+02  2.559524068933E-01  3.031795623734E-01 -1.364182157661E-01  9.894649842645E-04  1.366237183893E+00  2.603293353010E+00 -1.463905397210E-02  2.481357588472E-02 -1.017452191278E-02 -1.868622974208E-02 -1.255888196367E-03  1.320347174827E-07  5.841559020056E-07 -3.636285469295E-07  4.621306629872E-02 -1.320347033573E-07  3.294302709623E-03  6.089400890556E-20 -8.898552770829E-21  2.704494422685E-20 -1.149485390471E-03
  6.568794455535E+02  6.643794455535E+02  2.435502947795E+01 -1.025459300536E-14  6.021124084788E-02  5.936476789257E+02  2.500226507474E-01  2.933571383416E-01 -1.305361416865E-01  9.140739964115E-04  1.452640164437E+00  2.561612813126E+00 -1.401396672902E-02  2.396681338432E-02 -9.952846655370E-03 -1.825389078641E-02 -1.007351903095E-03  8.711664809083E-07  8.990645483783E-07  1.567280796499E-06  4.553146345528E-02 -8.711664796203E-07  3.065848147892E-03  5.631388087524E-20 -1.717486465551E-20  2.741773763079E-20 -1.124813197721E-03
  6.718794455535E+02  6.793794455535E+02  2.439718523725E+01 -9.640007162751E-15  6.254144102904E-02  5.956858685223E+02  2.438387673364E-01  2.837680582543E-01 -1.247409232311E-01  8.806935664033E-04  1.514135171295E+00  2.515573805223E+00 -1.369056659057E-02  2.315787353864E-02 -9.467306947899E-03 -1.757832071263E-02 -6.716473887808E-04  1.462615510021E-06  1.346199428254E-06  1.873462814075E-06  4.390202556549E-02 -1.462615486549E-06  1.339148314460E-03  5.792058793059E-20 -1.650437830608E-20  3.090668000929E-20 -1.070788719715E-03
  6.868794455535E+02  6.943794455535E+02  2.443736264333E+01 -9.299458664062E-15  6.272816491122E-02  5.976314409647E+02  2.373980767210E-01  2.745304609292E-01 -1.189050544335E-01  7.124088382665E-04  1.523100018345E+00  2.474461874099E+00 -1.347189381108E-02  2.227185542361E-02 -8.799961612527E-03 -1.657047254981E-02 -1.464278935397E-04  1.192336621485E-06  1.485288398272E-06  1.083162808529E-06  4.188797992705E-02 -1.192336621957E-06 -6.983837890695E-04  6.586801273580E-20 -8.754064931412E-21  2.216968270279E-20 -1.004745413168E-03
  7.018794455535E+02  7.093794455535E+02  2.447572919502E+01 -9.664644988530E-15  6.124015881167E-02  5.994941996195E+02  2.305693040880E-01  2.657136319875E-01 -1.131820563872E-01  7.530211148953E-04  1.491368096970E+00  2.437222724517E+00 -1.320002574012E-02  2.168709272135E-02 -8.487066981299E-03 -1.564178430465E-02  2.364911267843E-04 -3.365460439558E-07  1.691514604663E-06 -1.445094973779E-07  3.990102332479E-02  3.365460287523E-07 -1.523739916269E-03  6.312118027935E-20 -1.078380794832E-20  2.079046911128E-20 -9.542331526066E-04
  7.168794455535E+02  7.243794455535E+02  2.451216845906E+01 -1.089536295386E-14  5.986121306356E-02  6.012636816122E+02  2.233750683486E-01  2.574988157671E-01 -1.072942890377E-01  5.994039330693E-04  1.462403295698E+00  2.404861104330E+00 -1.287524645475E-02  2.121694266460E-02 -8.341696209888E-03 -1.502009047412E-02  2.983962430557E-04 -1.029933608953E-06  1.466027200185E-06  1.244834113790E-07  3.922875698849E-02  1.029933600008E-06 -1.755161205933E-03  6.795462735776E-20 -9.228949139670E-21  3.160943676216E-20 -9.288752488355E-04
  7.318794455535E+02  7.393794455535E+02  2.454928440555E+01 -1.152106965241E-14  5.794122019231E-02  6.030682703531E+02  2.158349763429E-01  2.495767381283E-01 -1.017023163771E-01  7.346030059382E-04  1.419981027851E+00  2.370129946654E+00 -1.271378156786E-02  2.061800741490E-02 -7.904225846923E-03 -1.455617234985E-02  4.664203083441E-04 -4.772587014575E-07  1.104021156156E-06 -3.028918976783E-07  3.710958144931E-02  4.772587093751E-07 -3.394182183620E-03  8.100476828033E-20 -7.269624494245E-21  3.607406801942E-20 -8.739821564876E-04
  7.468794455535E+02  7.543794455535E+02  2.458174980677E+01 -1.103209487016E-14  5.349969599359E-02  6.046463593118E+02  2.081071144223E-01  2.408471610867E-01 -9.585822872683E-02  6.688775742115E-04  1.314722165865E+00  2.342264448466E+00 -1.247278699465E-02  2.027213335638E-02 -7.799346361689E-03 -1.341183766887E-02  1.171007057679E-03 -2.743600463067E-07  1.144134197076E-06 -7.469674125751E-07  3.557114786385E-02  2.743600472401E-07 -3.923638870215E-03  8.162029392839E-20 -1.634059577158E-20  3.678632745910E-20 -8.278182601468E-04
  7.618794455535E+02  7.693794455535E+02  2.461597742889E+01 -9.991485286701E-15  5.058797858319E-02  6.063147517599E+02  2.005928494016E-01  2.341255931712E-01 -9.017624252567E-02  7.056862900041E-04  1.246621992754E+00  2.299708093048E+00 -1.195643083430E-02  1.937121808994E-02 -7.414787255604E-03 -1.309955073071E-02  8.434787751427E-04 -7.982595790045E-07  9.437324507020E-07  6.485344020307E-07  3.461866009817E-02  7.982595725072E-07 -4.078470467428E-03  8.524216455744E-20 -1.203910143284E-20  3.743045317883E-20 -7.923372244931E-04
  7.768794455535E+02  7.843794455535E+02  2.464666089809E+01 -8.127950641817E-15  4.585446363203E-02  6.078109278219E+02  1.929065099544E-01  2.263927466667E-01 -8.435766677315E-02  7.555219874111E-04  1.132490180226E+00  2.273947980319E+00 -1.166658528527E-02  1.883974857684E-02 -7.173163291434E-03 -1.220243407651E-02  1.186008086709E-03 -3.530633100617E-07  9.094231100783E-07  1.035892197580E-06  3.348106915818E-02  3.530633173352E-07 -4.633993489404E-03  8.750532722715E-20 -1.019665831993E-20  2.864843565604E-20 -7.546925211472E-04
  7.918794455535E+02  7.993794455535E+02  2.467875436187E+01 -5.565175635140E-15  4.190656072944E-02  6.093827282858E+02  1.846758798084E-01  2.181166923397E-01 -7.871800557007E-02  7.787185069374E-04  1.038381571411E+00  2.243819033725E+00 -1.161103961658E-02  1.845571710691E-02 -6.844677490339E-03 -1.197573136090E-02  1.063815661032E-03  1.220691503880E-07  1.239561196772E-06 -1.068770336113E-07  3.259467236756E-02 -1.220691284500E-07 -4.303872880644E-03  8.162071594329E-20 -1.050395448582E-20  3.353673384874E-20 -7.250531657810E-04
  8.068794455535E+02  8.143794455535E+02  2.470777374860E+01 -3.165044976684E-15  3.779067278841E-02  6.108038683106E+02  1.761087029877E-01  2.128660825210E-01 -7.270394098343E-02  7.576860666603E-04  9.380166656153E-01  2.199746864303E+00 -1.130011185596E-02  1.775027156033E-02 -6.450159704570E-03 -1.108341103712E-02  1.136336771799E-03 -1.855559264571E-07  1.464088036282E-06  1.235512194918E-06  3.032748323619E-02  1.855559524107E-07 -3.448237957972E-03  7.979238617622E-20 -2.159591251606E-20  2.994591724535E-20 -6.662746439995E-04
  8.218794455535E+02  8.293794455535E+02  2.473562401855E+01 -1.276535987737E-15  3.544184223911E-02  6.121706668650E+02  1.674476292128E-01  2.062475566187E-01 -6.709371609718E-02  7.740404533040E-04  8.817989259720E-01  2.166732337839E+00 -1.095395635369E-02  1.708543752696E-02 -6.131481173309E-03 -1.028090229854E-02  6.884220201740E-04 -1.121169334916E-06  1.424690720582E-06  1.089685477527E-06  2.824197875787E-02  1.121169343949E-06 -2.375504510399E-03  8.434539785277E-20 -1.759758297733E-20  3.230937461580E-20 -6.152546586586E-04
  8.368794455535E+02  8.443794455535E+02  2.476073192001E+01  4.594724123744E-16  3.333728851569E-02  6.134042115114E+02  1.587038896564E-01  2.023250388775E-01 -6.122642110301E-02  6.848618365148E-04  8.296374301201E-01  2.129981427166E+00 -1.065177984280E-02  1.639241435009E-02 -5.740634507198E-03 -9.440117504583E-03  5.644719936209E-04 -5.957597763715E-07  9.831387302000E-07 -6.182086172929E-08  2.655371046837E-02  5.957597920471E-07 -2.044731232449E-03  9.297231926971E-20 -9.938343707305E-21  2.694813019007E-20 -5.688790920125E-04
  8.518794455535E+02  8.593794455535E+02  2.478540576754E+01  2.061763339628E-15  3.160512998365E-02  6.146176296749E+02  1.495950282756E-01  1.995702629878E-01 -5.545993290292E-02  6.289975420925E-04  7.874993948232E-01  2.096640988463E+00 -1.027520326062E-02  1.588378892064E-02 -5.608585659871E-03 -8.793503845773E-03  3.785353468269E-04 -2.550574062685E-07  6.166867705480E-07  2.966109974029E-08  2.466708630529E-02  2.550574130736E-07 -2.578709541336E-03  8.650460218247E-20 -1.150404301889E-20  3.103207437435E-20 -5.270325248488E-04
  8.668794455535E+02  8.743794455535E+02  2.480697934604E+01  2.553214367360E-15  2.849473509558E-02  6.156772762885E+02  1.398257434574E-01  1.979633925674E-01 -4.974444792106E-02  5.963752597787E-04  7.105210046687E-01  2.074704316024E+00 -9.977831244490E-03  1.535287641593E-02 -5.375045171452E-03 -8.071586587016E-03  5.815460002076E-04  2.169635037481E-07  3.499617418633E-07 -5.075015196882E-08  2.428275056585E-02 -2.169635236099E-07 -2.548083669001E-03  8.702813174331E-20 -1.050842478485E-20  3.110345000558E-20 -4.992611991583E-04
  8.818794455535E+02  8.893794455535E+02  2.483093909975E+01  2.251019285612E-15  2.682332781770E-02  6.168573493240E+02  1.293198581682E-01  1.952849654759E-01 -4.388615318791E-02  4.253452999240E-04  6.698689836485E-01  2.041153402461E+00 -9.669357709029E-03  1.462409484010E-02 -4.954737131052E-03 -7.915234080842E-03  3.403446454427E-04  3.609892748071E-07  1.924977597464E-07  1.723809279087E-06  2.440967490364E-02 -3.609892700470E-07 -2.097749552484E-03  9.141465024817E-20 -1.162291696824E-20  2.989014980163E-20 -4.747197727443E-04
  8.968794455535E+02  9.043794455535E+02  2.485274663355E+01  1.158792137766E-15  2.456310391663E-02  6.179332607824E+02  1.180902082335E-01  1.951999991689E-01 -3.815626373194E-02  5.196407009983E-04  6.144693832349E-01  2.018071871354E+00 -9.335821271306E-03  1.423894902470E-02 -4.903127753350E-03 -7.272694834807E-03  5.171416938231E-04  3.666930437497E-08  7.486495828022E-07  2.031170282099E-06  2.360796665607E-02 -3.666931152754E-08 -1.922354554582E-03  9.151109256163E-20 -1.301231399133E-20  4.758928297633E-20 -4.504144285413E-04
  9.118794455535E+02  9.193794455535E+02  2.487520154131E+01 -4.578567704370E-16  2.322152579223E-02  6.190416024878E+02  1.059272115084E-01  1.950239180365E-01 -3.212026952676E-02  3.527267826729E-04  5.811234151193E-01  2.001349515166E+00 -9.130323167598E-03  1.378013573412E-02 -4.649812566634E-03 -7.144194659484E-03  2.593559660533E-04 -2.558161730405E-07  1.343821183276E-06  7.478263020067E-07  2.409909357176E-02  2.558161623346E-07 -2.373968452244E-03  8.493805158092E-20 -9.853592183678E-21  4.311327280985E-20 -4.403097897853E-04
  9.268794455535E+02  9.343794455535E+02  2.489793381311E+01 -8.323711547855E-16  2.011505724758E-02  6.201670827929E+02  9.237967331849E-02  1.978204410929E-01 -2.635431356032E-02  3.322267555687E-04  5.032295886232E-01  1.991172394134E+00 -8.844485083179E-03  1.323115826833E-02 -4.386673185128E-03 -6.912704439457E-03  5.940729290566E-04  8.658087694774E-07  1.254506005130E-06  5.887946031920E-07  2.528125223438E-02 -8.658087472740E-07 -4.064808273236E-03  9.097584219704E-20 -1.110726423441E-20  5.783727764346E-20 -4.405970142585E-04
  9.418794455535E+02  9.493794455535E+02  2.492260856819E+01 -7.797186561773E-16  1.560229568365E-02  6.213913140241E+02  7.678989568780E-02  2.028062296163E-01 -2.035965590067E-02  1.882526336461E-04  3.898787130316E-01  1.974925624916E+00 -8.383563357222E-03  1.277386172516E-02 -4.390298367951E-03 -7.196299923056E-03  7.382841166963E-04  1.230769209956E-06  8.467170982720E-07 -1.565895784687E-07  2.640989448309E-02 -1.230769207687E-06 -5.218671342154E-03  8.813884844864E-20 -6.556730499463E-21  5.503483351939E-20 -4.494130060371E-04
  9.568794455535E+02  9.643794455535E+02  2.494745529152E+01 -1.541727448108E-15  1.032931263740E-02  6.226273568381E+02  5.828821434684E-02  2.120321975016E-01 -1.442975097204E-02  1.594535087659E-04  2.559279180360E-01  1.999931863973E+00 -8.350183404590E-03  1.271178701448E-02 -4.361603609831E-03 -7.252714012164E-03  8.632709105839E-04  5.466722231894E-07  4.956671117542E-07  9.080517523142E-07  2.939200138043E-02 -5.466722165344E-07 -5.199464775440E-03  8.717624829160E-20 -7.008007692563E-21  6.576696877504E-20 -4.871665078334E-04
  9.718794455535E+02  9.793794455535E+02  2.497771603315E+01 -1.800815103229E-15  5.852754807744E-03  6.241416628220E+02  3.662092510828E-02  2.284117893965E-01 -8.237567219708E-03  3.471001569903E-05  1.425300538218E-01  2.168306625566E+00 -1.025593536811E-02  1.533628873170E-02 -5.080353363518E-03 -8.598773938465E-03  9.021008519142E-04  8.948334965139E-07  2.634148357408E-07  4.895960233083E-07  3.513755870112E-02 -8.948334922899E-07 -5.455254507192E-03  7.656247438309E-20 -1.247195068307E-20  6.755550768309E-20 -6.347526442553E-04
  9.868794455535E+02  9.943794455535E+02  2.501333482903E+01 -7.475120263266E-16  1.013633314474E-04  6.259507029762E+02  8.065311163837E-03  2.682997543223E-01 -2.563816664449E-03  2.331864851622E-05 -4.052489360973E-03  2.083888472440E+00 -8.903251897250E-03  1.161489861650E-02 -2.711646718978E-03 -1.004584168695E-02  1.416934846431E-03  9.646457263338E-07  8.909804030581E-08 -7.872551563493E-07  1.899718802271E-02 -9.646457135705E-07 -3.067269171157E-03  8.482396304206E-20 -5.654780834705E-21  7.095329444921E-20 -2.746712410234E-04
