                   y                  ym                   U                   V                   W                 U^2                 V^2                 W^2                  UV                  VW                  UW                VISC               SFSxx               SFSyy               SFSzz               SFSxy               SFSyz                dUdX                dVdX                dWdX                dUdY                dVdY                dWdY                dUdZ                dVdZ                dWdZ              SFSxym
 -4.000000000000E+00 -2.000000000000E+00  0.000000000000E+00  0.000000000000E+00  0.000000000000E+00  0.000000000000E+00  0.000000000000E+00  0.000000000000E+00  0.000000000000E+00  0.000000000000E+00  0.000000000000E+00  0.000000000000E+00  0.000000000000E+00  0.000000000000E+00  0.000000000000E+00  0.000000000000E+00  0.000000000000E+00  0.000000000000E+00  0.000000000000E+00  0.000000000000E+00  0.000000000000E+00  0.000000000000E+00  0.000000000000E+00  0.000000000000E+00  0.000000000000E+00  0.000000000000E+00  0.000000000000E+00
  2.220446049250E-16  2.000000000000E+00  1.577963213256E+01  5.381626974566E-15 -3.992368294901E-03  2.526168705475E+02  6.392095513357E-02  8.457577838264E-01 -1.844204899953E-01 -2.712043269473E-04 -7.680919633894E-02  7.305388116149E-01 -1.522679201045E-04  3.156846446037E-03 -3.004578525432E-03 -5.844918983333E+00  5.812949804056E-03  7.173262474261E-06 -7.640144170744E-07 -8.396567688298E-06  6.566829924360E+01 -7.173262343198E-06 -8.209011079795E-03  3.336849037886E-19  6.791500722754E-21 -5.876172654687E-20 -6.794593300690E-03
  4.000000000000E+00  6.000000000000E+00  1.705453539502E+01  1.464259117602E-14 -1.260607063647E-04  2.938512723894E+02  2.550258484410E-01  7.327461916347E-01 -3.345160151066E-01 -7.933703208037E-04 -1.855614449341E-02  5.522335508475E+00  1.834491766839E-01 -2.563280668017E-01  7.287889011899E-02 -9.037917242655E-01 -1.028467666981E-01  3.675179991247E-06 -1.338741028641E-06  4.201695097446E-07  3.460460707990E+00 -3.675179887859E-06  9.335887696403E-03  3.073240767350E-19 -2.731669896635E-21 -7.895085029787E-20 -6.850307223195E-02
  8.000000000000E+00  1.000000000000E+01  1.750983174433E+01  1.969980996183E-14  6.903575544046E-04  3.091789261093E+02  2.988559563287E-01  6.570569942518E-01 -3.293281516004E-01 -6.521326789212E-04 -4.645218021802E-03  5.808429182660E+00  1.222848175198E-01 -3.311953033038E-01  2.089104857859E-01 -6.109043279456E-01 -2.942574733312E-03 -2.108376618720E-06 -8.797671017419E-07  3.861416058745E-06  1.746917595326E+00  2.108376725220E-06  5.465714099366E-03  2.893456809484E-19 -5.086549179769E-21 -1.178519554565E-19 -3.685596446504E-02
  1.200000000000E+01  1.400000000000E+01  1.792798327252E+01  2.009958052069E-14  2.603329727157E-03  3.239159110771E+02  3.200343050111E-01  6.355416937432E-01 -3.482658208418E-01 -7.301755638674E-04  2.991026221931E-02  5.719308849414E+00  1.123510379306E-01 -3.059835842984E-01  1.936325463699E-01 -5.628477673751E-01  6.130967478199E-03 -2.629968229526E-06 -6.244184153197E-07  3.096208728639E-06  1.452457272117E+00  2.629968371853E-06  6.362122223597E-03  2.775456543723E-19 -1.219613417137E-21 -1.163047382331E-19 -3.117293318165E-02
  1.600000000000E+01  1.800000000000E+01  1.823607231106E+01  1.788227355183E-14  3.859137640909E-03  3.349592934386E+02  3.369543493978E-01  6.192560962891E-01 -3.464295611650E-01 -7.666961626869E-04  5.361133904148E-02  5.401390479214E+00  9.367510003360E-02 -2.710754887614E-01  1.774003887258E-01 -4.247223265987E-01  5.470855571907E-03 -4.599389019310E-06 -1.213114284175E-06  2.609490936177E-06  1.163125413456E+00  4.599388953916E-06  4.383529313391E-03  2.607258965476E-19 -1.135639378160E-20 -1.345473721830E-19 -2.480242742901E-02
  2.000000000000E+01  2.200000000000E+01  1.850955399525E+01  1.555465879797E-14  4.794947428376E-03  3.449600123547E+02  3.516189590706E-01  6.115895855925E-01 -3.515547386791E-01 -8.280827099999E-04  7.173600799432E-02  5.180777472034E+00  8.290414382165E-02 -2.459341878038E-01  1.630300439854E-01 -3.727772287504E-01  3.102465546103E-03 -4.186497583684E-06 -1.329039210952E-06 -1.094692521416E-06  1.003148804609E+00  4.186497877529E-06  2.541093523088E-03  2.577070292154E-19 -4.625805079331E-21 -1.465551754889E-19 -2.139047449787E-02
  2.400000000000E+01  2.600000000000E+01  1.873763291934E+01  1.324118612426E-14  5.135897591945E-03  3.534087373303E+02  3.642163557699E-01  6.061454024896E-01 -3.506666479467E-01 -8.577112029877E-04  7.891793293856E-02  4.952073780442E+00  7.197038605375E-02 -2.245750106664E-01  1.526046246147E-01 -3.114494790256E-01  2.421877351434E-03  7.474856232373E-06 -3.068808989292E-07 -6.098357053759E-07  8.648266909978E-01 -7.474856330985E-06  1.237664287254E-03  2.437341920273E-19 -1.006825814459E-20 -1.536876005580E-19 -1.831164865885E-02
  2.800000000000E+01  3.000000000000E+01  1.894197093338E+01  1.009121603915E-14  5.418601730539E-03  3.610808092765E+02  3.746844797318E-01  6.013327336130E-01 -3.518058038266E-01 -9.022964166540E-04  8.467385001908E-02  4.770497295351E+00  6.453854818023E-02 -2.079650901567E-01  1.434265419748E-01 -2.763624793760E-01  1.538436701723E-03  2.454899958883E-06  4.684909140910E-07  3.357419418966E-06  7.691772317943E-01 -2.454900042945E-06  9.093378818354E-04  2.123393666801E-19 -2.441350288164E-21 -1.422276863510E-19 -1.624397450807E-02
  3.200000000000E+01  3.400000000000E+01  1.912223215229E+01  6.926425027788E-15  5.595535041295E-03  3.679174519825E+02  3.832067240647E-01  5.968690822948E-01 -3.506883322288E-01 -9.022571245213E-04  8.771873003451E-02  4.600362172074E+00  5.798530301437E-02 -1.934138666506E-01  1.354285636371E-01 -2.436224020276E-01  1.206288542252E-03 -5.946515604060E-06  9.463571700796E-07  5.614210764706E-06  6.901599682760E-01  5.946515582679E-06  8.678318811877E-04  2.163999461650E-19 -1.206815239634E-20 -1.641126510793E-19 -1.449663923766E-02
  3.600000000000E+01  3.800000000000E+01  1.928704996833E+01  7.751621592152E-15  5.850643041234E-03  3.742327104241E+02  3.899381864698E-01  5.931307296399E-01 -3.502986107947E-01 -9.322903645366E-04  9.210010987289E-02  4.457159938476E+00  5.286714462788E-02 -1.815228377414E-01  1.286556931141E-01 -2.211313859762E-01  8.115931859592E-04 -3.574143164877E-08  1.585174397100E-06  6.964133981505E-06  6.297201051723E-01  3.574156121179E-08  2.598659625083E-04  2.110964705293E-19 -1.617879409158E-20 -1.710163628017E-19 -1.317370067214E-02
  4.000000000000E+01  4.200000000000E+01  1.943709685853E+01  1.186181961393E-14  5.720682507381E-03  3.800290923305E+02  3.950936260770E-01  5.893728718220E-01 -3.489546346613E-01 -9.660179094215E-04  8.895354056313E-02  4.324661883244E+00  4.847158411013E-02 -1.712138101118E-01  1.227422260010E-01 -2.005329613397E-01  1.041500108132E-03  2.800687391457E-06  2.049007719045E-06  7.672117206807E-06  5.783759967798E-01 -2.800687231055E-06 -9.466128997470E-04  2.099028653633E-19 -9.801999007270E-21 -1.700096578671E-19 -1.202505171980E-02
  4.400000000000E+01  4.600000000000E+01  1.957626315258E+01  1.589413844498E-14  5.369365816831E-03  3.854483348867E+02  3.989078572160E-01  5.850743409535E-01 -3.478119091223E-01 -9.747951560829E-04  8.122158848104E-02  4.208918301285E+00  4.483841093987E-02 -1.623290512837E-01  1.174906403427E-01 -1.846578005456E-01  1.049524056722E-03  6.621462387910E-07  1.932668066693E-06  1.058693235297E-05  5.376448024037E-01 -6.621460838396E-07 -1.655757732732E-03  1.888141541365E-19 -8.907241877703E-21 -1.911060510394E-19 -1.111802091757E-02
  4.800000000000E+01  5.000000000000E+01  1.970593937087E+01  1.581102503336E-14  4.892046784561E-03  3.905339677547E+02  4.016928355429E-01  5.802633655498E-01 -3.462634775390E-01 -9.584645444498E-04  7.159649959342E-02  4.102900902473E+00  4.164597177858E-02 -1.545634290680E-01  1.129174572893E-01 -1.713130309246E-01  1.061644117334E-03 -1.340036291403E-06  1.524560937535E-06  1.012276618459E-05  5.029688686034E-01  1.340036251877E-06 -2.232953374775E-03  1.996276363973E-19 -9.581058467118E-21 -1.794364229153E-19 -1.034962378865E-02
  5.200000000000E+01  5.400000000000E+01  1.982774472443E+01  9.095954941761E-15  4.257244827823E-03  3.953425561786E+02  4.037056771820E-01  5.756839989124E-01 -3.446985814021E-01 -9.721829109947E-04  5.876866732334E-02  4.008455009583E+00  3.887407647705E-02 -1.477810777279E-01  1.089070012508E-01 -1.599735499640E-01  9.008379920772E-04  2.073194492296E-06  1.475657135951E-06  7.825325992303E-06  4.736600130366E-01 -2.073194384618E-06 -2.582004552328E-03  1.641246614549E-19 -8.536638753660E-21 -1.742789674233E-19 -9.671196171200E-03
  5.600000000000E+01  5.800000000000E+01  1.994276577090E+01  2.434068756917E-15  3.607111422238E-03  3.999095241019E+02  4.050534141973E-01  5.712336130083E-01 -3.430151393469E-01 -9.596481452272E-04  4.492743179399E-02  3.919137440760E+00  3.650793316723E-02 -1.414473023807E-01  1.049393692133E-01 -1.498111384225E-01  8.218457848385E-04  2.347850184817E-06  1.731336911141E-06  5.629314090678E-06  4.482556570837E-01 -2.347850163485E-06 -1.635512025210E-03  1.569507041044E-19 -1.507480663580E-20 -1.936953582373E-19 -9.092157354574E-03
  6.000000000000E+01  6.200000000000E+01  2.005186624653E+01 -6.379600994251E-15  3.441778161350E-03  4.042677011074E+02  4.058624661879E-01  5.663485551668E-01 -3.412943252376E-01 -9.566696051132E-04  4.080300791021E-02  3.834752278046E+00  3.444504133996E-02 -1.355896491266E-01  1.011446077871E-01 -1.411326603074E-01  3.096524665357E-04 -5.019115634092E-06  2.165907421915E-06  6.095378426917E-06  4.257279414431E-01  5.019115235302E-06 -4.599369782830E-04  1.683144993425E-19 -2.286305433637E-20 -1.871420951109E-19 -8.575401289843E-03
  6.400000000000E+01  6.600000000000E+01  2.015561172740E+01 -1.689913582695E-14  3.370061598564E-03  4.084345293582E+02  4.062052697206E-01  5.610471985978E-01 -3.394843878535E-01 -9.489747660330E-04  3.902889066322E-02  3.754424897791E+00  3.232653517867E-02 -1.301664592233E-01  9.783992404579E-02 -1.331509405505E-01  1.942299948351E-04 -5.438001752725E-07  2.971103513234E-06  5.238236264607E-06  4.057585523871E-01  5.438005479908E-07 -8.398017155381E-05  1.617364811551E-19 -1.649206205818E-20 -1.977749366655E-19 -8.099366916937E-03
  6.800000000000E+01  7.000000000000E+01  2.025473663939E+01 -2.822846224710E-14  3.392412754784E-03  4.124347411870E+02  4.061179449320E-01  5.562464759704E-01 -3.376556031863E-01 -9.784613576320E-04  3.981869924990E-02  3.681518762207E+00  3.039547310106E-02 -1.252463862305E-01  9.485091312923E-02 -1.261467945518E-01  1.233894016840E-04  1.549508407619E-08  3.694058385966E-06  5.646703102821E-06  3.883810206148E-01 -1.549567506076E-08 -1.058296479006E-03  1.578463510181E-19 -1.719664317416E-20 -2.004531882045E-19 -7.686884667244E-03
  7.200000000000E+01  7.400000000000E+01  2.034980537297E+01 -3.412489579830E-14  2.834267724597E-03  4.162898372821E+02  4.056439135776E-01  5.520393225396E-01 -3.357587184178E-01 -1.016149356330E-03  2.943980075963E-02  3.614740392059E+00  2.863311097869E-02 -1.209215589430E-01  9.228844796409E-02 -1.197564360298E-01  5.959345076663E-04 -5.071487828193E-07  4.119439509448E-06  6.090328168020E-06  3.729222051478E-01  5.071489372311E-07 -2.874994240905E-03  1.456620291863E-19 -1.651733741616E-20 -2.003283579130E-19 -7.298252532489E-03
  7.600000000000E+01  7.800000000000E+01  2.044119761093E+01 -3.117346495957E-14  1.951257688536E-03  4.200122143310E+02  4.048382321311E-01  5.478620610683E-01 -3.338749475124E-01 -1.044912410515E-03  1.242167089289E-02  3.548724623165E+00  2.718185603846E-02 -1.168580313317E-01  8.967617529267E-02 -1.138477171278E-01  8.927198291235E-04 -2.897024164683E-07  4.484275525252E-06  4.967045897789E-06  3.580128246104E-01  2.897023825739E-07 -4.088738443658E-03  1.573161675411E-19 -6.954862696116E-21 -1.988507910516E-19 -6.937987045137E-03
  8.000000000000E+01  8.200000000000E+01  2.052881155461E+01 -2.831874791811E-14  7.899235091158E-04  4.235956011255E+02  4.037582229294E-01  5.437030757793E-01 -3.318883976676E-01 -1.071603024195E-03 -1.003452835391E-02  3.484273585417E+00  2.583784715836E-02 -1.130320711810E-01  8.719422402200E-02 -1.082650199847E-01  1.071010017692E-03  2.108659272388E-06  4.619143704273E-06  1.727179477675E-06  3.434945047371E-01 -2.108659341434E-06 -4.670366556365E-03  1.347130720226E-19 -1.563276619836E-20 -2.138313822925E-19 -6.606224397294E-03
  8.400000000000E+01  8.600000000000E+01  2.061294831129E+01 -2.658596588683E-14 -3.821246555651E-04  4.270515815867E+02  4.023852670248E-01  5.393810486968E-01 -3.299208677275E-01 -1.085731360318E-03 -3.283053009008E-02  3.421369182073E+00  2.449992202985E-02 -1.092229052548E-01  8.472298322469E-02 -1.031754531590E-01  1.132565628180E-03  1.149521789769E-06  4.405202074832E-06  2.549300480205E-06  3.301361687570E-01 -1.149521710846E-06 -4.646877329731E-03  1.478114327739E-19 -4.342953335780E-21 -1.869240636724E-19 -6.295298806807E-03
  8.800000000000E+01  9.000000000000E+01  2.069387921570E+01 -2.683826023833E-14 -1.534732696625E-03  4.303875735432E+02  4.006841149262E-01  5.351775219708E-01 -3.279499566172E-01 -1.098619667870E-03 -5.552143303895E-02  3.365473501585E+00  2.324740207892E-02 -1.058727089423E-01  8.262530686419E-02 -9.837182266359E-02  9.146483684709E-04  8.319670927350E-07  4.029076123526E-06  2.816452417958E-06  3.174485036984E-01 -8.319670703100E-07 -4.656015453926E-03  1.434625066305E-19 -1.271520311008E-20 -1.863277479271E-19 -6.010313298524E-03
  9.200000000000E+01  9.400000000000E+01  2.077167291936E+01 -2.762692183674E-14 -2.717729723597E-03  4.336054670933E+02  3.987176715452E-01  5.313431433183E-01 -3.259272828244E-01 -1.129895194828E-03 -7.868235705253E-02  3.313969638481E+00  2.214837125131E-02 -1.028630858756E-01  8.071471462382E-02 -9.386804920486E-02  1.004069795988E-03 -1.067601777617E-06  3.618957475526E-06  1.792306649686E-06  3.053402235224E-01  1.067601732906E-06 -4.733400103760E-03  1.337390242385E-19 -9.101716269765E-21 -1.983309854691E-19 -5.735760210704E-03
  9.600000000000E+01  9.800000000000E+01  2.084655496893E+01 -3.096185587284E-14 -3.908097915957E-03  4.367133068740E+02  3.965986130387E-01  5.277520378584E-01 -3.239196500673E-01 -1.143335039359E-03 -1.028739630346E-01  3.264879609485E+00  2.121485517877E-02 -1.000714396524E-01  7.885658447342E-02 -8.968353804813E-02  1.023175625994E-03 -1.089304459326E-06  3.312465582111E-06  2.184015606536E-06  2.939515126738E-01  1.089304381494E-06 -4.843135938611E-03  1.184072634338E-19 -9.529697544002E-21 -1.727738756146E-19 -5.479438866052E-03
  1.000000000000E+02  1.020000000000E+02  2.091864697752E+01 -3.873196569605E-14 -5.141162061773E-03  4.397150963318E+02  3.944418969009E-01  5.236865960522E-01 -3.218921576745E-01 -1.176478965911E-03 -1.283459958848E-01  3.214468355299E+00  2.020129271536E-02 -9.721284387655E-02  7.701155116141E-02 -8.560243409776E-02  1.055248278099E-03  1.279051225721E-06  2.985857145677E-06  1.959656300464E-06  2.832033887411E-01 -1.279051203602E-06 -5.043674007058E-03  9.858003378562E-20 -1.272327892239E-21 -1.845134643955E-19 -5.228072756278E-03
  1.040000000000E+02  1.060000000000E+02  2.098814600835E+01 -4.370026888099E-14 -6.425700868483E-03  4.426186069382E+02  3.923290554320E-01  5.195010019953E-01 -3.198663288032E-01 -1.206550782137E-03 -1.551027011851E-01  3.164607572487E+00  1.918332160394E-02 -9.449200390617E-02  7.530868230187E-02 -8.162458713839E-02  1.057676386309E-03 -2.860501995320E-06  2.383937859144E-06  9.372133533761E-07  2.730582016673E-01  2.860501809910E-06 -5.522538173300E-03  1.157683761721E-19 -7.136594262218E-21 -2.003276864461E-19 -4.986565178116E-03
  1.080000000000E+02  1.100000000000E+02  2.105517036723E+01 -4.342809582722E-14 -7.891738590532E-03  4.454273368436E+02  3.902088266516E-01  5.153349001065E-01 -3.177610975342E-01 -1.256579885292E-03 -1.858430952100E-01  3.117335226832E+00  1.821939396442E-02 -9.193540683825E-02  7.371601287321E-02 -7.811517855027E-02  1.145079230202E-03 -1.667735551306E-06  1.713195510758E-06 -1.487860401536E-06  2.634440247655E-01  1.667735532548E-06 -6.236975240256E-03  9.782626535451E-20 -1.694741333225E-21 -1.769608260597E-19 -4.781788524253E-03
  1.120000000000E+02  1.140000000000E+02  2.111986073574E+01 -4.350538390189E-14 -9.533567825377E-03  4.481453699950E+02  3.880473004258E-01  5.114093357846E-01 -3.157618354151E-01 -1.284937155408E-03 -2.203788675900E-01  3.072888670134E+00  1.732185909163E-02 -8.951411230963E-02  7.219225321842E-02 -7.489348324991E-02  1.167668518993E-03 -5.671328046565E-07  1.362451022398E-06 -1.732456170965E-06  2.545731725596E-01  5.671326861197E-07 -6.564461752457E-03  1.154034118968E-19 -7.426772275394E-21 -1.748667388878E-19 -4.586289480959E-03
  1.160000000000E+02  1.180000000000E+02  2.118245130704E+01 -4.281149281292E-14 -1.116481560417E-02  4.507819176093E+02  3.858631908381E-01  5.075303576886E-01 -3.136301009561E-01 -1.322504055912E-03 -2.548643615974E-01  3.031835008164E+00  1.667135766699E-02 -8.721402948713E-02  7.054267182041E-02 -7.187767357320E-02  1.101543775372E-03  1.689992746291E-06  1.176536575810E-06 -1.667626111137E-06  2.458843166449E-01 -1.689992709553E-06 -5.942424875822E-03  1.075590601433E-19 -1.836803988112E-20 -1.615912984054E-19 -4.405018348279E-03
  1.200000000000E+02  1.220000000000E+02  2.124280748111E+01 -4.157697240601E-14 -1.249711212120E-02  4.533311267101E+02  3.836821176593E-01  5.038218333573E-01 -3.115919711739E-01 -1.340184822229E-03 -2.829981252290E-01  2.991656522728E+00  1.599066298699E-02 -8.509993967658E-02  6.910927669002E-02 -6.904677687377E-02  9.623144602303E-04  3.162198634145E-08  7.874537733892E-07  8.265444258720E-07  2.382889512481E-01 -3.162197936066E-08 -5.197786268836E-03  9.389380771938E-20  2.183457419934E-21 -1.667898875758E-19 -4.237433479172E-03
  1.240000000000E+02  1.260000000000E+02  2.130159976536E+01 -4.109114264128E-14 -1.376154525552E-02  4.558190508811E+02  3.814810610144E-01  5.001128313936E-01 -3.094638351795E-01 -1.394637815694E-03 -3.100968728638E-01  2.953506861076E+00  1.536907083267E-02 -8.310026280845E-02  6.773119197579E-02 -6.654538296711E-02  9.263303300490E-04 -3.517273077985E-06  2.773366438430E-07  7.240163080761E-07  2.317903806053E-01  3.517273211402E-06 -5.172978179608E-03  8.075189528459E-20 -2.142184240336E-20 -1.664093294211E-19 -4.085142717811E-03
  1.280000000000E+02  1.300000000000E+02  2.135870920608E+01 -3.620800801835E-14 -1.509115985176E-02  4.582418368959E+02  3.792654664166E-01  4.964626471065E-01 -3.073697858806E-01 -1.417295274660E-03 -3.389578797768E-01  2.917206953201E+00  1.489248327009E-02 -8.128765385903E-02  6.639517058927E-02 -6.422490002811E-02  1.006790811719E-03  5.980742989567E-07 -1.088619563194E-07  1.144817666451E-08  2.248113535005E-01 -5.980742553899E-07 -4.680660854597E-03  8.569179152326E-20 -1.028540317354E-20 -1.683598134037E-19 -3.940847295750E-03
  1.320000000000E+02  1.340000000000E+02  2.141402114221E+01 -3.147136898596E-14 -1.611524231842E-02  4.605938443693E+02  3.770984520427E-01  4.932699727205E-01 -3.052673303680E-01 -1.432247715113E-03 -3.613015106449E-01  2.879683002941E+00  1.443528975377E-02 -7.944522640608E-02  6.500993665256E-02 -6.192344529086E-02  7.108156219708E-04 -5.820201192636E-08 -3.818573150024E-07  9.332528280639E-07  2.187341611715E-01  5.820200572022E-08 -3.761572853899E-03  8.708781053607E-20 -1.061059842768E-21 -1.533545838797E-19 -3.807010678843E-03
  1.360000000000E+02  1.380000000000E+02  2.146809435546E+01 -3.683472779541E-14 -1.698088215771E-02  4.628978249026E+02  3.750558059170E-01  4.900967410393E-01 -3.031844046491E-01 -1.463427705246E-03 -3.803499098077E-01  2.842469665429E+00  1.389048065263E-02 -7.754053741212E-02  6.365005675925E-02 -5.993118568155E-02  5.109713277608E-04 -2.014278269388E-06 -6.278770892864E-07 -8.139611216634E-07  2.133676602064E-01  2.014278245195E-06 -2.950916416155E-03  6.560112832780E-20 -6.614981334353E-21 -1.505697698977E-19 -3.678525966382E-03
  1.400000000000E+02  1.420000000000E+02  2.152071790904E+01 -4.608509859173E-14 -1.759365189754E-02  4.651447745301E+02  3.731284715901E-01  4.868098920008E-01 -3.010818325490E-01 -1.497208445119E-03 -3.938449890986E-01  2.808880695984E+00  1.328341850193E-02 -7.583114659719E-02  6.254772809519E-02 -5.774903974336E-02  2.515282684677E-04  4.417256680340E-07 -9.077882825205E-07 -1.522150719160E-06  2.075422929955E-01 -4.417257387617E-07 -2.088333947180E-03  8.174290687427E-20 -2.020962766308E-20 -1.616189306273E-19 -3.546998500517E-03
  1.440000000000E+02  1.460000000000E+02  2.157186887514E+01 -5.002069967721E-14 -1.802500174321E-02  4.673329606709E+02  3.712704234751E-01  4.835285707413E-01 -2.990187748893E-01 -1.542460401123E-03 -4.039106778016E-01  2.775699425568E+00  1.279785882380E-02 -7.430208629808E-02  6.150422747424E-02 -5.575907196496E-02  1.552377199233E-04  9.045513687406E-07 -1.288416252628E-06 -6.349238152832E-07  2.015938932210E-01 -9.045513797643E-07 -1.687092875433E-03  7.775694470713E-20 -8.647035824154E-21 -1.631231901620E-19 -3.425034644352E-03
  1.480000000000E+02  1.500000000000E+02  2.162150293176E+01 -5.245896252115E-14 -1.843732490373E-02  4.694595345089E+02  3.694590210974E-01  4.804436659424E-01 -2.969007587034E-01 -1.592478100688E-03 -4.140212663707E-01  2.744837400748E+00  1.229770420114E-02 -7.277058607900E-02  6.047288187777E-02 -5.390527389773E-02  1.632718350551E-04 -1.725199060488E-06 -1.639363306853E-06 -9.298483971171E-07  1.964532863192E-01  1.725199062629E-06 -1.720251471810E-03  6.982061001194E-20 -1.625947401870E-20 -1.462249646943E-19 -3.319117177284E-03
  1.520000000000E+02  1.540000000000E+02  2.167007425284E+01 -5.296123797039E-14 -1.888633687155E-02  4.715447620343E+02  3.677173041001E-01  4.774747035521E-01 -2.948492907217E-01 -1.646066785202E-03 -4.249619013148E-01  2.714782567672E+00  1.190443099615E-02 -7.135264746086E-02  5.944821646468E-02 -5.231166856052E-02  2.274428267192E-04 -6.076463409489E-07 -1.775686282086E-06 -1.386265572737E-06  1.915425722849E-01  6.076463639465E-07 -1.500642045849E-03  6.476274257808E-20 -1.012255820789E-20 -1.325357917212E-19 -3.217073582419E-03
  1.560000000000E+02  1.580000000000E+02  2.171725331695E+01 -5.005229636428E-14 -1.918315478509E-02  4.735736752604E+02  3.660625548635E-01  4.742239536263E-01 -2.927733704886E-01 -1.696353170148E-03 -4.323733552412E-01  2.684206348400E+00  1.143693818368E-02 -6.984934521302E-02  5.841240702969E-02 -5.054124245978E-02  1.559157316651E-04  9.500045495072E-07 -1.728292795124E-06 -4.169172302733E-07  1.865508647456E-01 -9.500044047136E-07 -6.161248444996E-04  7.061922864078E-20 -1.157465768439E-20 -1.440319000579E-19 -3.110173024343E-03
  1.600000000000E+02  1.620000000000E+02  2.176333315028E+01 -4.830817762596E-14 -1.918501299461E-02  4.755587189403E+02  3.644713390249E-01  4.710745037102E-01 -2.906852199616E-01 -1.742644078365E-03 -4.333259608316E-01  2.654464255259E+00  1.103950857229E-02 -6.845250523758E-02  5.741299666579E-02 -4.897864935221E-02 -1.589271020598E-06  9.553234063321E-07 -1.769673256231E-06  7.710483080025E-07  1.818791322770E-01 -9.553234271933E-07  2.921729313131E-04  7.556226085199E-20 -1.218234047710E-21 -1.323744612786E-19 -3.011774368748E-03
  1.640000000000E+02  1.660000000000E+02  2.180818316951E+01 -4.403639652726E-14 -1.903306033746E-02  4.774940691487E+02  3.629539837833E-01  4.681050125396E-01 -2.886364539277E-01 -1.800432706387E-03 -4.306874153207E-01  2.626384899943E+00  1.075386221953E-02 -6.711303828501E-02  5.635917606599E-02 -4.746818920755E-02 -5.485462089578E-05  1.794404789757E-06 -1.852486749519E-06  2.336706670758E-06  1.772440529567E-01 -1.794404739252E-06  8.260792220862E-04  4.119315546616E-20 -8.830128780736E-21 -1.338420869977E-19 -2.928002255971E-03
  1.680000000000E+02  1.700000000000E+02  2.185193841847E+01 -3.689386997586E-14 -1.876727990761E-02  4.793847482312E+02  3.615278859239E-01  4.653627384136E-01 -2.865381686290E-01 -1.846125462303E-03 -4.252120329810E-01  2.598763801266E+00  1.054319984779E-02 -6.589280758225E-02  5.534960773473E-02 -4.623454740062E-02 -5.998321352351E-05  2.288252933789E-06 -1.634114445242E-06  1.621578888116E-06  1.729660269163E-01 -2.288252852630E-06  1.047240917541E-03  7.171555280114E-20 -7.687503765353E-21 -1.161275345226E-19 -2.846741686726E-03
  1.720000000000E+02  1.740000000000E+02  2.189464808965E+01 -3.244295522335E-14 -1.850456076151E-02  4.812327908270E+02  3.601854857806E-01  4.627939635836E-01 -2.845015521512E-01 -1.910230510487E-03 -4.196405611856E-01  2.573053240478E+00  1.021081678555E-02 -6.471836643449E-02  5.450754964905E-02 -4.487762893062E-02  1.463591446852E-05  1.172918531370E-06 -1.164407147749E-06  7.784001263549E-07  1.691450551167E-01 -1.172918383588E-06  1.099923692021E-03  6.238691150670E-20 -1.343506104759E-20 -1.208181644727E-19 -2.770013345721E-03
  1.760000000000E+02  1.780000000000E+02  2.193650635312E+01 -2.768039383859E-14 -1.822031949226E-02  4.830460015041E+02  3.589076315552E-01  4.604809358836E-01 -2.823780373610E-01 -1.958593017043E-03 -4.137568780272E-01  2.548464178934E+00  9.771179901835E-03 -6.358815352687E-02  5.381697362481E-02 -4.370379769949E-02 -4.443372901373E-05  1.923173447395E-06 -6.432482867927E-07  5.146890983769E-07  1.658244807324E-01 -1.923173280149E-06  8.792536172339E-04  3.762211682269E-20 -9.529377739073E-21 -1.157254504014E-19 -2.697073568135E-03
  1.800000000000E+02  1.820000000000E+02  2.197756299647E+01 -2.001638308227E-14 -1.806941833614E-02  4.848277995348E+02  3.576900721481E-01  4.582177484040E-01 -2.803783243362E-01 -2.015838388714E-03 -4.107619839398E-01  2.526512087286E+00  9.415319057707E-03 -6.256569817014E-02  5.315037911218E-02 -4.269172688655E-02  1.969866645629E-07  1.385604094759E-06 -1.385127270057E-07  5.565515964004E-07  1.633884862724E-01 -1.385603983999E-06  7.391527676154E-04  7.019405870092E-20 -1.342818968095E-20 -1.150809412215E-19 -2.642981873422E-03
  1.840000000000E+02  1.860000000000E+02  2.201820194602E+01 -1.216327084264E-14 -1.785338410748E-02  4.865939007035E+02  3.565361520988E-01  4.557563366293E-01 -2.782708593427E-01 -2.062895883899E-03 -4.064457781795E-01  2.502801869577E+00  9.185641098758E-03 -6.145614197081E-02  5.227050087186E-02 -4.187366217378E-02  7.515974211354E-06  1.494540046021E-06  3.123629700351E-07  2.164632958257E-07  1.598068346906E-01 -1.494539915569E-06  8.299325471496E-04  7.578255676143E-20 -9.586993732011E-21 -1.166386669307E-19 -2.577704819506E-03
  1.880000000000E+02  1.900000000000E+02  2.205746818741E+01 -4.385726782916E-15 -1.765380998675E-02  4.883025105671E+02  3.554288107135E-01  4.534842585398E-01 -2.763116168658E-01 -2.120694122271E-03 -4.026907060428E-01  2.479743996323E+00  8.938518146327E-03 -6.040932823204E-02  5.147081008586E-02 -4.061000335388E-02  6.400567681164E-06  8.990810603207E-07  5.879780568050E-07  1.913711162347E-07  1.554477210641E-01 -8.990809714430E-07  6.741141214064E-04  3.846600969190E-20 -3.449770683841E-21 -1.028374583096E-19 -2.510978077561E-03
  1.920000000000E+02  1.940000000000E+02  2.209592955542E+01  2.791163152023E-15 -1.751161128221E-02  4.899781175657E+02  3.543437989982E-01  4.509921490128E-01 -2.741646163359E-01 -2.165646890775E-03 -4.003835371933E-01  2.455245065952E+00  8.562338256341E-03 -5.923619329584E-02  5.067385503888E-02 -3.968622505036E-02 -1.397824225323E-05  1.512915384899E-06  8.027403122267E-07 -5.580302771456E-07  1.516765729162E-01 -1.512915416970E-06  1.909713988095E-04  4.626219226958E-20 -1.113615949786E-20 -1.027159640885E-19 -2.443430433903E-03
  1.960000000000E+02  1.980000000000E+02  2.213331051177E+01  5.794242274205E-15 -1.755481434838E-02  4.916089478193E+02  3.532556861441E-01  4.491527796198E-01 -2.722938798445E-01 -2.232933916172E-03 -4.026073977960E-01  2.433450468820E+00  8.314746846851E-03 -5.820864211528E-02  4.989389526835E-02 -3.846891366489E-02 -7.343773921711E-05  2.241427180184E-06  1.105962845415E-06 -1.282727392189E-06  1.488511629835E-01 -2.241427122114E-06 -5.809128747119E-05  4.647594130545E-20 -9.538248496857E-21 -8.925770964771E-20 -2.370783273902E-03
  2.000000000000E+02  2.020600000000E+02  2.217036538023E+01  8.272999346490E-15 -1.753863483184E-02  4.932268525095E+02  3.520073066114E-01  4.470074357057E-01 -2.701537933200E-01 -2.269857174331E-03 -4.036287313300E-01  2.414593698342E+00  7.723171161979E-03 -5.648898409931E-02  4.876581293706E-02 -3.760025251776E-02  3.411619843494E-05  6.659678185705E-07  1.324953419090E-06 -4.925542572958E-07  1.446291482457E-01 -6.659677919716E-07  2.491597175914E-04  5.793848415371E-20 -1.052167498587E-20 -8.580127646625E-20 -2.334011680321E-03
  2.041200000000E+02  2.062418000000E+02  2.220780344237E+01  1.542002596936E-14 -1.742167266195E-02  4.948640427004E+02  3.507454902242E-01  4.453751195048E-01 -2.680765622348E-01 -2.339467828384E-03 -4.025132099791E-01  2.399246888133E+00  7.160927303628E-03 -5.480253092526E-02  4.764160362169E-02 -3.705983621215E-02 -6.707631804474E-05  6.247522719377E-07  1.429963829668E-06 -1.249521651760E-06  1.419002187477E-01 -6.247519796237E-07  7.354078783787E-04  4.866888611120E-20 -6.736329199688E-21 -8.411227564435E-20 -2.295557525116E-03
  2.083636000000E+02  2.105490540000E+02  2.224564349664E+01  2.501399275790E-14 -1.714378748904E-02  4.965208019704E+02  3.494346720049E-01  4.434368371761E-01 -2.658767164098E-01 -2.398302218238E-03 -3.975440224880E-01  2.380851949797E+00  6.514681471365E-03 -5.276928368628E-02  4.625460221457E-02 -3.646195667946E-02 -3.964223599168E-05 -1.015244115926E-06  1.343602764443E-06 -1.716789066781E-06  1.395602035108E-01  1.015244045757E-06  8.451975474582E-04  5.670813905690E-20  2.202076182369E-21 -9.223599706169E-20 -2.267140141340E-03
  2.127345080000E+02  2.149855256200E+02  2.228406169616E+01  3.824984755290E-14 -1.695844497131E-02  4.982055499222E+02  3.480365354911E-01  4.416612439827E-01 -2.636871725946E-01 -2.496008869526E-03 -3.944937687093E-01  2.363619635009E+00  5.782854448620E-03 -5.073795658633E-02  4.495510213765E-02 -3.601151403188E-02  8.393566130237E-05 -1.980453812598E-06  1.130379234862E-06 -9.695684364473E-07  1.369131031057E-01  1.980454112501E-06  5.536636873263E-04  3.641666491025E-20 -8.432845222837E-21 -8.835107960591E-20 -2.230155119746E-03
  2.172365432400E+02  2.195550913886E+02  2.232269807678E+01  4.973864874656E-14 -1.682783718102E-02  4.999020883486E+02  3.465814721781E-01  4.398054030435E-01 -2.613796818072E-01 -2.551363933657E-03 -3.923789523450E-01  2.346901501990E+00  5.012422060150E-03 -4.865975057413E-02  4.364732851425E-02 -3.538190126174E-02  1.712614787706E-04 -1.883199416340E-06  1.095202504530E-06 -8.755806839642E-07  1.337241558830E-01  1.883199413985E-06  9.487213858732E-05  5.414531503228E-20 -5.184435795692E-21 -7.866739056452E-20 -2.192019093934E-03
  2.218736395372E+02  2.242617441303E+02  2.236157944749E+01  5.393429337401E-14 -1.689788452776E-02  5.016119698194E+02  3.450713632980E-01  4.381753628600E-01 -2.590732817957E-01 -2.651944407868E-03 -3.943439245187E-01  2.330235431113E+00  4.195864325616E-03 -4.655779372176E-02  4.236192939639E-02 -3.478127227178E-02  3.209060994702E-04  6.940274672999E-07  1.136624213581E-06 -1.718479636730E-06  1.303233228457E-01 -6.940274755792E-07 -3.578412247672E-04  5.058271357203E-20 -9.894955996293E-21 -7.748168039880E-20 -2.154539304481E-03
  2.266498487233E+02  2.291095964542E+02  2.240050794360E+01  5.690016824320E-14 -1.704123342669E-02  5.033259211061E+02  3.434673689132E-01  4.365440805870E-01 -2.566577158805E-01 -2.722967157835E-03 -3.976447638592E-01  2.314434004305E+00  3.485045843948E-03 -4.449524129946E-02  4.101019545555E-02 -3.417929692757E-02  3.574249502061E-04  1.507698150769E-06  1.208170183755E-06 -3.298636099980E-06  1.268221002428E-01 -1.507698133653E-06 -1.052245050116E-03  4.211729746471E-20  7.299338734619E-22 -7.905538767102E-20 -2.117571289119E-03
  2.315693441850E+02  2.341028843478E+02  2.243956776709E+01  6.007818533748E-14 -1.754497999070E-02  5.050478942050E+02  3.417912763231E-01  4.349098451071E-01 -2.542670210758E-01 -2.844922653784E-03 -4.084762438930E-01  2.299213831737E+00  2.738130619511E-03 -4.227591446288E-02  3.953778384318E-02 -3.363809620907E-02  6.226278718268E-04  2.034738913262E-06  1.573147934150E-06 -3.180952324031E-06  1.231487909556E-01 -2.034738921652E-06 -1.592658070048E-03  5.914125103065E-20 -1.358467482997E-21 -5.031916819615E-20 -2.081939490612E-03
  2.366364245106E+02  2.392459708782E+02  2.247851210798E+01  5.988809647124E-14 -1.805077643181E-02  5.067670732808E+02  3.400267717791E-01  4.333340128449E-01 -2.517504168098E-01 -2.907297346860E-03 -4.198378674511E-01  2.285979254284E+00  2.051437457553E-03 -4.016640934819E-02  3.811497189066E-02 -3.290318468665E-02  5.976447691337E-04  1.777661298497E-06  1.932604388410E-06 -3.578176381917E-06  1.196449782125E-01 -1.777661195704E-06 -1.754238837666E-03  4.135071147670E-20 -1.632685904909E-21 -5.096600782206E-20 -2.036874793427E-03
  2.418555172459E+02  2.445433500046E+02  2.251762718864E+01  5.496038697212E-14 -1.869223994061E-02  5.084966337007E+02  3.381735373905E-01  4.314051616714E-01 -2.492301654093E-01 -3.046791871729E-03 -4.341477121594E-01  2.273662915067E+00  1.344610203352E-03 -3.813515670285E-02  3.679054649978E-02 -3.231358441382E-02  6.669907202514E-04  5.765507083935E-07  1.805754659613E-06 -3.781624235061E-06  1.169495918252E-01 -5.765507939035E-07 -2.031370223581E-03  4.512177989466E-20 -1.022442873574E-20 -6.262917398775E-20 -2.003289131273E-03
  2.472311827633E+02  2.499996505047E+02  2.255709705606E+01  4.810274968423E-14 -1.941519866073E-02  5.102441573208E+02  3.362674346241E-01  4.294644743375E-01 -2.466076020014E-01 -3.117870247053E-03 -4.501361298617E-01  2.258800272709E+00  5.231807105145E-04 -3.588076661417E-02  3.535758590422E-02 -3.175557085647E-02  7.511259283504E-04  6.784386741549E-07  1.490148060405E-06 -2.781963418136E-06  1.133778355696E-01 -6.784387557063E-07 -2.295391366739E-03  6.330767923564E-20 -5.732517830332E-21 -4.211970583764E-20 -1.961065774440E-03
  2.527681182462E+02  2.556196400198E+02  2.259609844688E+01  4.409794173340E-14 -2.027736083867E-02  5.119726862237E+02  3.342868600663E-01  4.276906087602E-01 -2.439799589218E-01 -3.258786026705E-03 -4.690229303981E-01  2.245362141839E+00 -2.243592741706E-04 -3.372638616473E-02  3.395074543891E-02 -3.104255994975E-02  7.607021630857E-04  1.344286726574E-06  1.254527742412E-06 -2.439614340069E-06  1.094881205734E-01 -1.344286757444E-06 -2.128433725439E-03  5.888882998969E-20 -4.529654667801E-21 -4.031515637090E-20 -1.924490081334E-03
  2.584711617935E+02  2.614082292204E+02  2.263514966580E+01  4.410822315032E-14 -2.092315897988E-02  5.137056104874E+02  3.322941903753E-01  4.255814868075E-01 -2.412629476025E-01 -3.298357580993E-03 -4.828767771144E-01  2.234363270955E+00 -9.427095307349E-04 -3.149920400049E-02  3.244191353122E-02 -3.056400665579E-02  6.833799050758E-04  2.110543062420E-07  8.858742899911E-07 -2.529081542208E-06  1.062294349012E-01 -2.110543165627E-07 -1.192861039106E-03  5.566898858246E-20  1.713380719121E-21 -2.534499991845E-20 -1.893408052228E-03
  2.643452966473E+02  2.673704760971E+02  2.267409108592E+01  4.502021422759E-14 -2.114501969415E-02  5.154363555354E+02  3.302968329647E-01  4.236447337488E-01 -2.385167751765E-01 -3.434268852555E-03 -4.872348498774E-01  2.225511020097E+00 -1.704670089678E-03 -2.923131145991E-02  3.093598154967E-02 -3.008429396078E-02  5.036109657250E-04  1.729839984076E-07  4.191474874436E-07 -3.184350805372E-06  1.035846787898E-01 -1.729840475929E-07 -4.697232436007E-04  5.839747778358E-20 -7.033508320775E-21 -1.857248587208E-20 -1.867596378627E-03
  2.703956555468E+02  2.735115903800E+02  2.271348287553E+01  4.326899230260E-14 -2.127848742818E-02  5.171898946786E+02  3.282783110665E-01  4.222628952485E-01 -2.356627187549E-01 -3.482609825981E-03 -4.892356273300E-01  2.218239688303E+00 -2.317376522838E-03 -2.699931429563E-02  2.931669081819E-02 -2.966498783304E-02  4.976567867557E-04 -1.067201657100E-06  1.976025202980E-07 -3.669638014542E-06  1.013801691559E-01  1.067201554367E-06 -4.039617871791E-04  6.273817578848E-20 -6.721005775062E-21 -1.587208893018E-20 -1.841623985748E-03
  2.766275252132E+02  2.798369380914E+02  2.275306929198E+01  4.017758492801E-14 -2.146319483733E-02  5.189549235669E+02  3.262714028828E-01  4.208432514039E-01 -2.328056935618E-01 -3.623770540796E-03 -4.924750671439E-01  2.214661755599E+00 -2.957517283632E-03 -2.473809283393E-02  2.769561011746E-02 -2.931291513256E-02  5.430352407189E-04 -1.430454846029E-06  7.768554677344E-08 -3.552070103078E-06  9.892860293094E-02  1.430454743878E-06 -3.980598619817E-04  6.843837396408E-20 -1.120155621276E-20 -8.513137208722E-21 -1.821829269442E-03
  2.830463509696E+02  2.863520462341E+02  2.279286208950E+01  4.261553801539E-14 -2.161437663536E-02  5.207324963153E+02  3.242287831749E-01  4.202798821839E-01 -2.298546499046E-01 -3.690156433863E-03 -4.945232928313E-01  2.212058434517E+00 -3.724544941275E-03 -2.248341822342E-02  2.620796316477E-02 -2.897906014766E-02  4.883143186354E-04 -5.486015492694E-07 -2.276747418693E-07 -4.155559683954E-06  9.702043774299E-02  5.486015954902E-07 -6.668690410213E-04  5.546373314686E-20 -7.802697765816E-21 -4.986058510204E-21 -1.809289565817E-03
  2.896577414987E+02  2.930626076211E+02  2.283324445929E+01  4.998170009384E-14 -2.203738111987E-02  5.225397668028E+02  3.220383747440E-01  4.201716213903E-01 -2.268428321811E-01 -3.817889137933E-03 -5.019185389464E-01  2.209641169585E+00 -4.359028348885E-03 -2.034495266857E-02  2.470398101730E-02 -2.894302564087E-02  6.905860872359E-04 -1.129400094351E-06 -4.996467458346E-07 -4.374921377932E-06  9.557048164596E-02  1.129400163651E-06 -1.476883390702E-03  6.975654244900E-20 -9.962429551453E-21 -4.850334257561E-21 -1.807262494238E-03
  2.964674737436E+02  2.999744858498E+02  2.287419854570E+01  5.325259309040E-14 -2.288288390832E-02  5.243755502984E+02  3.196257078014E-01  4.198111425795E-01 -2.237989889434E-01 -3.872339800345E-03 -5.190992066436E-01  2.209854937992E+00 -4.931016810749E-03 -1.811510994204E-02  2.304612675296E-02 -2.894253144720E-02  9.932300741550E-04 -4.688184686745E-07 -4.574199731197E-07 -3.408073685228E-06  9.455602791054E-02  4.688185567615E-07 -1.311827981372E-03  6.868887711107E-20 -1.275742357127E-20  2.178980357396E-20 -1.811086198529E-03
  3.034814979559E+02  3.070937204253E+02  2.291613009788E+01  5.009207942828E-14 -2.318726604392E-02  5.262591993173E+02  3.170775478672E-01  4.183098882991E-01 -2.207216883269E-01 -3.935272638742E-03 -5.249568518367E-01  2.213624778856E+00 -5.635435699996E-03 -1.583420018960E-02  2.146963588962E-02 -2.904170974066E-02  7.352679331335E-04 -1.490756202887E-06 -1.713416119276E-07 -3.361917787398E-06  9.328924372261E-02  1.490756193507E-06 -6.084549906728E-05  5.754971331082E-20 -1.613242393529E-20  1.460537739283E-20 -1.810904125696E-03
  3.107059428946E+02  3.144265320380E+02  2.295843340986E+01  4.199931953145E-14 -2.293631195341E-02  5.281630439171E+02  3.144793255581E-01  4.157530028356E-01 -2.175369536205E-01 -3.981615459991E-03 -5.178981986986E-01  2.217904355942E+00 -6.242251509950E-03 -1.354527926845E-02  1.978753077830E-02 -2.891994808278E-02  4.907042978032E-04 -3.167941228505E-06 -1.882832227759E-07 -2.279453935514E-06  9.216001562733E-02  3.167941166750E-06  7.135003908586E-04  6.344796824976E-20 -1.884254150455E-20  2.766661812710E-20 -1.812357912037E-03
  3.181471211814E+02  3.219793279992E+02  2.300184864680E+01  2.903179946156E-14 -2.252179263984E-02  5.301219389668E+02  3.117848038371E-01  4.127230452308E-01 -2.143592361261E-01 -4.034852852974E-03 -5.083354598115E-01  2.222677947441E+00 -6.858978962280E-03 -1.118049069456E-02  1.803946965684E-02 -2.913573116739E-02  4.506760098423E-04 -1.606670486142E-06 -2.297615158841E-07 -1.071914199945E-06  9.137458063240E-02  1.606670367298E-06 -1.226016788279E-04  5.981584227378E-20 -1.610280447758E-20  3.548551521344E-20 -1.821284272617E-03
  3.258115348169E+02  3.297587078391E+02  2.304597779786E+01  1.882585537114E-14 -2.303687841487E-02  5.321188747461E+02  3.090344658897E-01  4.099891911326E-01 -2.111311872710E-01 -4.079112326570E-03 -5.209854855037E-01  2.228295920775E+00 -7.304698509255E-03 -8.992924060211E-03  1.629762256939E-02 -2.914892985071E-02  7.078158236427E-04  4.449590558927E-07  3.578606787465E-08 -2.928173986108E-07  8.998164027440E-02 -4.449589826728E-07 -1.580187104478E-03  7.482300253864E-20 -1.411905277582E-20  3.502434954379E-20 -1.821337821974E-03
  3.337058808614E+02  3.377714690743E+02  2.309065101399E+01  1.041365879524E-14 -2.405799568993E-02  5.341458207493E+02  3.062530740099E-01  4.078972413054E-01 -2.078742998686E-01 -4.089055617523E-03 -5.456836717038E-01  2.237865279574E+00 -7.942942380737E-03 -6.817295683197E-03  1.476023806393E-02 -2.910219220684E-02  8.957362145964E-04  1.226398450607E-06  2.110388576979E-07  1.904022863326E-06  8.943915859475E-02 -1.226398528745E-06 -1.736315401371E-03  6.841334163721E-20 -3.355489660115E-21  4.441046264917E-20 -1.821952083398E-03
  3.418370572872E+02  3.460246131465E+02  2.313689996892E+01 -4.886376315146E-16 -2.479050861536E-02  5.362515364885E+02  3.034339447948E-01  4.059822927526E-01 -2.045046689941E-01 -4.036008325859E-03 -5.642197147550E-01  2.245077932351E+00 -8.556784408142E-03 -4.720657733475E-03  1.327744214186E-02 -2.915478631298E-02  8.049638492447E-04  2.340056443468E-06  4.408947548940E-07  2.591887578058E-06  8.858977503647E-02 -2.340056445130E-06 -9.612709289188E-04  7.239260709148E-20 -9.129041224840E-21  3.753264476680E-20 -1.818541044543E-03
  3.502121690058E+02  3.545253515409E+02  2.318340438723E+01 -9.264039911352E-15 -2.506470687970E-02  5.383747863490E+02  3.005772549971E-01  4.040390598940E-01 -2.011815235547E-01 -3.974045838535E-03 -5.729640526352E-01  2.254925578996E+00 -8.959752762623E-03 -2.570901770353E-03  1.153065453291E-02 -2.906154939361E-02  6.625162698526E-04  2.176304374823E-06  1.000909915926E-06  3.370695684812E-06  8.778676519099E-02 -2.176304434715E-06 -7.803584049804E-04  7.575082859142E-20 -1.744244044188E-20  4.550271296921E-20 -1.821343820944E-03
  3.588385340760E+02  3.632811120872E+02  2.323155959792E+01 -1.442071635716E-14 -2.564001437549E-02  5.405809996078E+02  2.976473499049E-01  4.028805979224E-01 -1.976701266015E-01 -3.869360465229E-03 -5.888032312770E-01  2.268331782940E+00 -9.483749176397E-03 -6.369086769430E-04  1.012065785314E-02 -2.917101948095E-02  7.609224048994E-04  2.050144474258E-06  1.564018898420E-06  2.068078610214E-06  8.732890128293E-02 -2.050144425696E-06 -4.344728825567E-04  6.083017385627E-20 -8.414553604791E-21  5.150929973228E-20 -1.811855487958E-03
  3.677236900983E+02  3.722995454498E+02  2.328039057539E+01 -1.673064450291E-14 -2.555643611219E-02  5.428247358527E+02  2.943987453899E-01  4.015986011412E-01 -1.941545875721E-01 -3.793984637503E-03 -5.892303337479E-01  2.286485200595E+00 -1.005928973359E-02  1.414044509184E-03  8.645245224393E-03 -2.890283196789E-02  5.316819862323E-04  1.440364498284E-06  1.848262883772E-06  5.453294793783E-07  8.691222186033E-02 -1.440364506228E-06 -3.322441195586E-04  6.779313265253E-20 -6.974307465869E-21  5.848650436517E-20 -1.819325807578E-03
  3.768754008012E+02  3.815885318133E+02  2.333098080622E+01 -1.959291294022E-14 -2.603294115463E-02  5.451546031470E+02  2.906338465313E-01  4.002789341455E-01 -1.905202363709E-01 -3.663995466538E-03 -6.019015577214E-01  2.304007977156E+00 -1.048384648827E-02  3.546723766742E-03  6.937122721624E-03 -2.942878531596E-02  6.688750424260E-04  1.220283167702E-06  1.681169961830E-06 -1.495076778861E-06  8.670801550790E-02 -1.220283130714E-06 -5.018821624798E-04  6.209125009182E-20 -1.578545524581E-20  5.953966523857E-20 -1.845583532831E-03
  3.863016628253E+02  3.911561877677E+02  2.338256571486E+01 -2.388697587531E-14 -2.615491593044E-02  5.475377086772E+02  2.864158216957E-01  3.984189341847E-01 -1.867788574902E-01 -3.558078445617E-03 -6.065178255499E-01  2.322764693172E+00 -1.093834312894E-02  5.621121455628E-03  5.317221673398E-03 -2.949081504890E-02  7.346129906028E-04  5.834371908689E-07  1.146507239899E-06 -1.209841181947E-06  8.655433155615E-02 -5.834371910518E-07 -8.359264784601E-04  6.061613485295E-20 -8.637089285151E-21  6.688940183734E-20 -1.853590759950E-03
  3.960107127100E+02  4.010108734007E+02  2.343604121199E+01 -2.722374206852E-14 -2.704253327384E-02  5.500161558822E+02  2.819089413239E-01  3.942660773968E-01 -1.829879210070E-01 -3.425436630642E-03 -6.290105623417E-01  2.346912242814E+00 -1.150068186461E-02  7.609517286570E-03  3.891164577973E-03 -2.978759774745E-02  8.418908967856E-04 -4.277717361105E-07  7.645592927048E-07  3.287968993782E-07  8.589450761630E-02  4.277717725092E-07 -5.640703765794E-04  5.177199101702E-20 -1.463882554638E-20  6.273699252895E-20 -1.852478942228E-03
  4.060110340913E+02  4.111611996027E+02  2.348994994481E+01 -3.061746255834E-14 -2.685606614338E-02  5.525205518164E+02  2.774158776129E-01  3.876540158696E-01 -1.790707336114E-01 -3.282739351145E-03 -6.265143872708E-01  2.369247641407E+00 -1.182224450552E-02  9.591084829017E-03  2.231159676552E-03 -2.955607126165E-02  6.341260182320E-04 -5.644016514767E-07  7.707912643027E-07  1.412240412181E-06  8.483450534968E-02  5.644016041971E-07  1.093330138173E-03  5.131236447968E-20 -7.987658449760E-21  6.691974668916E-20 -1.856254644226E-03
  4.163113651141E+02  4.216160355908E+02  2.354526360212E+01 -3.453788802986E-14 -2.563496070697E-02  5.550998258280E+02  2.728260729721E-01  3.796919936716E-01 -1.751127626553E-01 -3.134125497678E-03 -5.990949341150E-01  2.393745940273E+00 -1.204154733846E-02  1.131720691843E-02  7.243404199360E-04 -2.984487892146E-02  1.424975134205E-04 -4.024648800692E-07  7.715589613936E-07  1.091637040189E-06  8.455106425601E-02  4.024648152439E-07  3.266785557985E-03  5.475622741533E-20 -8.114122317039E-21  6.872796245186E-20 -1.871596072957E-03
  4.269207060675E+02  4.323845166585E+02  2.360206110479E+01 -3.507834980242E-14 -2.252556830920E-02  5.577551799680E+02  2.678699416910E-01  3.723326572345E-01 -1.710803984936E-01 -2.951215257750E-03 -5.284460463728E-01  2.417010851511E+00 -1.227618596390E-02  1.296178871842E-02 -6.856027546218E-04 -3.004006797072E-02 -4.547650302562E-04 -8.872508126784E-07  9.405924061019E-07  3.129167120902E-07  8.532890166957E-02  8.872508356851E-07  3.290550191369E-03  3.696957487338E-20 -9.633675295793E-21  7.070950067801E-20 -1.889974891806E-03
  4.378483272495E+02  4.434760521583E+02  2.366180490887E+01 -3.288842404433E-14 -2.114016558915E-02  5.605564354529E+02  2.626593674964E-01  3.637354087519E-01 -1.668896469275E-01 -2.759478394094E-03 -4.991282938229E-01  2.447441351734E+00 -1.259256706432E-02  1.476072829879E-02 -2.168161234375E-03 -3.051581090909E-02 -1.562506652112E-05 -1.586010716233E-06  1.885906659305E-06  5.452335288891E-07  8.489458437196E-02  1.586010751390E-06  2.392101620051E-03  3.191487954115E-20 -4.973977665124E-21  7.635004275981E-20 -1.905261903753E-03
  4.491037770670E+02  4.549003337230E+02  2.372151315000E+01 -3.354532508252E-14 -1.916303278808E-02  5.633641822957E+02  2.572499675146E-01  3.558217518326E-01 -1.627040348770E-01 -2.647742940400E-03 -4.555047826470E-01  2.472220907530E+00 -1.299506739961E-02  1.651557718684E-02 -3.520509787371E-03 -3.031782561884E-02 -3.643791785549E-04 -1.322953331744E-06  2.498906278351E-06  1.398891318498E-06  8.285028027270E-02  1.322953335195E-06  3.177063796827E-03  5.630044846117E-20 -1.308600596641E-20  5.951298124701E-20 -1.889030078004E-03
  4.606968903790E+02  4.666673437347E+02  2.378189264664E+01 -3.544981568131E-14 -1.653493272821E-02  5.662126266219E+02  2.518555677991E-01  3.481968713492E-01 -1.583904890798E-01 -2.379190324736E-03 -3.971526325874E-01  2.496210563924E+00 -1.315057364000E-02  1.778564360917E-02 -4.635069968946E-03 -3.012985817893E-02 -5.888939954710E-04 -3.820949482999E-07  1.776035628361E-06  2.629854168291E-06  8.117929007154E-02  3.820949784629E-07  4.401986324679E-03  3.838661797928E-20 -6.123519600779E-21  6.667878342642E-20 -1.866925571285E-03
  4.726377970904E+02  4.787873640468E+02  2.384268192535E+01 -3.870084649161E-14 -1.257541931395E-02  5.690881215076E+02  2.462779654547E-01  3.414349436969E-01 -1.539337347261E-01 -2.378512361214E-03 -3.066668310660E-01  2.524216335943E+00 -1.336584232661E-02  1.921212874662E-02 -5.846286419952E-03 -2.965149492449E-02 -9.164335165375E-04 -6.595906837293E-07  7.853656800826E-07  2.597483739724E-06  7.960535470321E-02  6.595906227059E-07  3.875513913773E-03  2.502262071269E-20 -1.317268380616E-21  6.339515189238E-20 -1.845779354541E-03
  4.849369310031E+02  4.912709849682E+02  2.390426319163E+01 -3.927064908792E-14 -1.056576191499E-02  5.720086454123E+02  2.402983923838E-01  3.333824055492E-01 -1.494945427229E-01 -2.195434577616E-03 -2.613979928984E-01  2.555271336489E+00 -1.350592026711E-02  2.067528045567E-02 -7.169360188604E-03 -2.947073332082E-02 -3.987544914095E-04  7.556116010980E-07  6.037076224194E-07  9.243855119394E-07  7.852283446165E-02 -7.556114422616E-07  2.653380418874E-03  3.565808367136E-20 -5.652566218246E-21  6.150009625190E-20 -1.841638563214E-03
  4.976050389332E+02  5.041291145172E+02  2.396702134872E+01 -3.478213427636E-14 -8.377088785162E-03  5.749915507022E+02  2.341183098869E-01  3.247744896084E-01 -1.448282820636E-01 -2.150437202756E-03 -2.120753331323E-01  2.577624265973E+00 -1.359387237251E-02  2.170586518534E-02 -8.111992812999E-03 -2.948795369699E-02 -2.747649447507E-04  7.468465243334E-07  7.524585927726E-07 -2.286152273857E-07  7.681342918638E-02 -7.468466282688E-07  2.353063646902E-03  2.399542867294E-20 -5.490773890945E-21  6.946050255013E-20 -1.827763998942E-03
  5.106531901012E+02  5.173729879527E+02  2.402955983172E+01 -3.239212457290E-14 -6.732767657191E-03  5.779734811924E+02  2.280950349496E-01  3.170140903612E-01 -1.401835356659E-01 -1.856953243121E-03 -1.755624314986E-01  2.599075086992E+00 -1.348433537636E-02  2.257012089399E-02 -9.085785517934E-03 -2.891378136507E-02 -2.114754139921E-04  2.586882362320E-07  9.076925764651E-07  2.047063336882E-07  7.411336137605E-02 -2.586881658278E-07  2.978061388964E-03  3.464497334188E-20 -1.660428057220E-21  7.135873157954E-20 -1.782160912517E-03
  5.240927858042E+02  5.310141775913E+02  2.409153821616E+01 -2.852667350025E-14 -3.385296345832E-03  5.809367654741E+02  2.222692760911E-01  3.085028757840E-01 -1.354681900263E-01 -1.837067491853E-03 -9.707833258297E-02  2.620659661347E+00 -1.339187287151E-02  2.346672110114E-02 -1.007484822970E-02 -2.811780806798E-02 -5.159964198420E-04  1.741180161843E-07  9.933226336615E-07  9.344026077743E-07  7.151825580259E-02 -1.741179444121E-07  1.646957081216E-03  3.408832756019E-20  2.755309141877E-21  7.199952043608E-20 -1.737693420272E-03
  5.379355693784E+02  5.450646029190E+02  2.415330098387E+01 -2.108083383782E-14 -3.888490877634E-03  5.838976898229E+02  2.166832809978E-01  2.993289781591E-01 -1.306449166885E-01 -1.697842834869E-03 -1.116722677114E-01  2.642397050554E+00 -1.334108520944E-02  2.402870092921E-02 -1.068761571993E-02 -2.742374355767E-02  4.059409254039E-04  1.484519687059E-06  8.689764060080E-07  2.747451193217E-06  6.847497556436E-02 -1.484519605891E-06 -1.603533365251E-04  1.864158526986E-20  5.870574139188E-21  6.471043699569E-20 -1.687188790089E-03
  5.521936364597E+02  5.595365410066E+02  2.421357022715E+01 -1.715458865815E-14 -3.672136021395E-03  5.867965331453E+02  2.111445719358E-01  2.885472438217E-01 -1.258217177289E-01 -1.646099611440E-03 -1.090840926966E-01  2.659547036826E+00 -1.303998879760E-02  2.423684931377E-02 -1.119686051613E-02 -2.657126037255E-02  7.687123946156E-05  7.767574911181E-07  8.073303842730E-07  2.271261704979E-06  6.543209645724E-02 -7.767575045145E-07  9.330696619363E-04  2.465963524306E-20  8.823144532710E-21  7.936883535781E-20 -1.642570176086E-03
  5.668794455535E+02  5.743794455535E+02  2.427343555397E+01 -1.675819290556E-14 -2.181896916096E-03  5.896840501635E+02  2.053610340063E-01  2.759969887532E-01 -1.210457355141E-01 -1.563725163816E-03 -7.196576986352E-02  2.653441150548E+00 -1.270823174224E-02  2.420532374787E-02 -1.149709200538E-02 -2.571944656827E-02 -2.217427890743E-04 -8.092269812366E-08  8.773486056703E-08  2.131104954462E-06  6.192967307470E-02  8.092278584055E-08  1.459920714721E-03  2.545803285572E-20  8.829651576287E-22  5.990429621063E-20 -1.556166726400E-03
  5.818794455535E+02  5.893794455535E+02  2.432969925265E+01 -1.694822800440E-14 -9.345456316680E-04  5.924051560600E+02  1.996491221980E-01  2.655538633343E-01 -1.161402845278E-01 -1.333510804300E-03 -4.140262367754E-02  2.585192993791E+00 -1.238753258504E-02  2.323445558568E-02 -1.084692300069E-02 -2.370034405627E-02 -3.749944684284E-04  3.972438059223E-07 -8.629475076297E-07  3.493520719982E-06  5.793728685490E-02 -3.972438058241E-07  2.187108718914E-03  3.131909638916E-20  8.528415662418E-22  7.173759682068E-20 -1.418263289041E-03
  5.968794455535E+02  6.043794455535E+02  2.438204894262E+01 -2.056637054670E-14  1.919143120169E-03  5.949450810575E+02  1.940735391862E-01  2.549573690261E-01 -1.113983406131E-01 -1.263410739758E-03  2.860523103908E-02  2.529048347522E+00 -1.213105685572E-02  2.241241749584E-02 -1.028136063998E-02 -2.174848714852E-02 -5.355847920186E-04  1.411429030616E-07 -1.234755648508E-06  5.758126708210E-06  5.605553645571E-02 -1.411428540963E-07  1.640162741258E-03  3.550951178560E-20  3.436296393216E-21  6.392703381960E-20 -1.332494563873E-03
  6.118794455535E+02  6.193794455535E+02  2.443478955523E+01 -2.346694905093E-14  2.137386769448E-03  5.975120875738E+02  1.889102373708E-01  2.429098427291E-01 -1.067460644988E-01 -1.107126819495E-03  3.457629263049E-02  2.477463218421E+00 -1.178534087626E-02  2.148154416748E-02 -9.696203291075E-03 -2.095979977608E-02  1.721005303887E-04  1.445466534264E-06 -1.611205527895E-06  4.531683724418E-06  5.433987737591E-02 -1.445466568295E-06 -4.029895774509E-04  3.859791521632E-20  5.210860559652E-22  6.508075073591E-20 -1.260022021875E-03
  6.268794455535E+02  6.343794455535E+02  2.448393738582E+01 -2.301010946090E-14  1.163597564505E-03  5.999077871853E+02  1.841437086080E-01  2.326034403486E-01 -1.020794325370E-01 -1.167091846184E-03  1.199721997067E-02  2.414911573401E+00 -1.134462125125E-02  2.042494428673E-02 -9.080323035301E-03 -1.933715833709E-02  4.877141934427E-04  4.439473832333E-07 -2.034745558774E-06  1.740357113600E-06  5.169421963740E-02 -4.439474308099E-07 -2.024011055256E-03  3.083118739481E-20  1.322306903624E-21  5.975423104789E-20 -1.177207786714E-03
  6.418794455535E+02  6.493794455535E+02  2.453172073886E+01 -2.122281627419E-14 -1.655726003603E-03  6.022405918050E+02  1.793240753181E-01  2.220250113799E-01 -9.753923719178E-02 -1.096206397996E-03 -5.474149325500E-02  2.372689295941E+00 -1.092299132169E-02  1.981953208602E-02 -8.896540764279E-03 -1.835672494592E-02  6.839184204821E-04  3.892439565926E-07 -1.943444957876E-06  1.013592703434E-06  4.939310882433E-02 -3.892439315602E-07 -3.525508771359E-03  4.057771715875E-20  3.643744240966E-21  6.384247161769E-20 -1.119396606381E-03
  6.568794455535E+02  6.643794455535E+02  2.457655017477E+01 -1.872006342258E-14 -5.447594756262E-03  6.044300752351E+02  1.744197566979E-01  2.135259668522E-01 -9.296065797786E-02 -1.096156632941E-03 -1.464324156922E-01  2.311530358474E+00 -1.034235855145E-02  1.882807462364E-02 -8.485716072197E-03 -1.724839045244E-02  9.241878590282E-04 -4.880396985570E-08 -1.670899057919E-06  1.538351285617E-06  4.678615495172E-02  4.880398453926E-08 -3.022120858205E-03  3.104540786099E-20  5.531233982806E-21  6.220931123560E-20 -1.039598723942E-03
  6.718794455535E+02  6.793794455535E+02  2.461944178077E+01 -1.722020522415E-14 -7.325918040726E-03  6.065294964328E+02  1.694495772354E-01  2.046040957947E-01 -8.858733659024E-02 -1.178780865055E-03 -1.917613877157E-01  2.250235921839E+00 -9.923666521242E-03  1.787411153963E-02 -7.950445018566E-03 -1.593488861196E-02  5.443601233156E-04 -9.324230644086E-07 -1.429435027653E-06  3.323554960363E-06  4.452299073251E-02  9.324231256140E-07 -1.947707794910E-03  3.158109447105E-20 -4.055516517269E-22  6.161640423952E-20 -9.485261630896E-04
  6.868794455535E+02  6.943794455535E+02  2.466003405907E+01 -1.736750547341E-14 -9.101018263220E-03  6.085192461954E+02  1.642582114497E-01  1.955038696777E-01 -8.405494510956E-02 -1.055106450470E-03 -2.343573502632E-01  2.204528775610E+00 -9.559318722051E-03  1.717074463604E-02 -7.611425914180E-03 -1.458561736881E-02  5.316097568749E-04 -1.104925177026E-06 -8.372073615277E-07  3.240701973695E-06  4.257483047833E-02  1.104925175352E-06 -1.734217330265E-03  3.744714541890E-20  7.107426745548E-21  5.542834375817E-20 -8.884424373787E-04
  7.018794455535E+02  7.093794455535E+02  2.469927130037E+01 -2.120358749691E-14 -1.057829932211E-02  6.104466347221E+02  1.590293317009E-01  1.866999692266E-01 -7.970304715802E-02 -1.282554546935E-03 -2.692129121457E-01  2.157423383410E+00 -9.085696767875E-03  1.647444468779E-02 -7.388747919796E-03 -1.388897883319E-02  5.392045736817E-04 -6.697365317944E-07 -1.802009611208E-07  1.130882876718E-06  4.111403990450E-02  6.697364571300E-07 -1.976026270085E-03  2.348182989511E-20  1.318842197512E-22  4.491236037003E-20 -8.466284240829E-04
  7.168794455535E+02  7.243794455535E+02  2.473711564683E+01 -2.749546254016E-14 -1.280920147736E-02  6.123094858385E+02  1.537046015207E-01  1.779242607337E-01 -7.534839610811E-02 -1.102170623507E-03 -3.238889653667E-01  2.106510917592E+00 -8.842147720824E-03  1.578722853340E-02 -6.945080812585E-03 -1.311842435417E-02  6.455005930407E-04 -1.848663672624E-06  4.983557302115E-07 -4.818137272634E-08  3.961600269960E-02  1.848663645867E-06 -1.734608275942E-03  3.501415876804E-20  3.192676659488E-21  4.583101027298E-20 -7.952684644482E-04
  7.318794455535E+02  7.393794455535E+02  2.477354752936E+01 -3.116994813299E-14 -1.382899959009E-02  6.141044033590E+02  1.481106630442E-01  1.685031118316E-01 -7.107834306568E-02 -1.365567675542E-03 -3.478520151079E-01  2.054465206350E+00 -8.486830309352E-03  1.486405509088E-02 -6.377224781467E-03 -1.229547949461E-02  4.714030344665E-04 -1.183773075366E-06  6.745131942198E-07 -8.373185251271E-07  3.731030032453E-02  1.183773107853E-06 -5.260276674008E-04  2.678388033315E-20  3.776561550539E-21  5.017298671595E-20 -7.354200041874E-04
  7.468794455535E+02  7.543794455535E+02  2.480707594322E+01 -3.131445457394E-14 -1.379293226520E-02  6.157595184191E+02  1.423821044580E-01  1.597315516865E-01 -6.675804927846E-02 -1.231238992207E-03 -3.474063739019E-01  2.006145500509E+00 -7.887837841321E-03  1.399182982883E-02 -6.103991987583E-03 -1.133688640694E-02  2.738955808972E-04 -1.136877208917E-06  8.752926705453E-07 -1.721435556092E-07  3.569492654841E-02  1.136877211391E-06 -1.998451053861E-04  3.110833279455E-20  1.138120597844E-21  4.083964537078E-20 -6.965090641988E-04
  7.618794455535E+02  7.693794455535E+02  2.484048287402E+01 -2.794559614099E-14 -1.420433460457E-02  6.174124860403E+02  1.366735509732E-01  1.510754491366E-01 -6.262003517568E-02 -1.533527628487E-03 -3.573022371956E-01  1.965954771562E+00 -7.212616657664E-03  1.306159857438E-02 -5.848981916856E-03 -1.085450171625E-02  2.795960718666E-04 -1.901235976276E-07  8.339298930377E-07 -5.774385479125E-07  3.500159441444E-02  1.901235707303E-07 -7.216680661574E-04  3.447156657992E-20  4.450769201241E-21  3.883415755347E-20 -6.595894017523E-04
  7.768794455535E+02  7.843794455535E+02  2.487270746130E+01 -2.088531770849E-14 -1.514522606347E-02  6.190064888652E+02  1.310218543573E-01  1.441642025130E-01 -5.846972696773E-02 -1.327928102392E-03 -3.816016783713E-01  1.934063094731E+00 -6.659967184483E-03  1.220417598620E-02 -5.544208801783E-03 -1.018413571341E-02  2.653581451069E-04  1.284870329679E-06  1.149353133442E-07  5.828863019484E-07  3.253748151881E-02 -1.284870300875E-06  1.841482612100E-04  2.955988485974E-20  8.459397381635E-21  3.498356159641E-20 -6.034785522054E-04
  7.918794455535E+02  7.993794455535E+02  2.490148875742E+01 -1.141288553825E-14 -1.386267685462E-02  6.204327613447E+02  1.255328327117E-01  1.379690156128E-01 -5.426086953963E-02 -1.426046210949E-03 -3.495569945825E-01  1.893502726872E+00 -5.365685085861E-03  1.073165020169E-02 -5.365965115828E-03 -8.998535945423E-03 -2.034945113130E-06 -6.340783244079E-07 -2.784214046863E-07  4.708499189222E-08  2.877719877299E-02  6.340784140275E-07  2.453222528209E-03  3.315681116596E-20 -6.637963474509E-22  2.441044947784E-20 -5.228992508026E-04
  8.068794455535E+02  8.143794455535E+02  2.492666452218E+01 -2.916019133335E-15 -1.055226903623E-02  6.216810149314E+02  1.198953043442E-01  1.335985937322E-01 -5.025663471726E-02 -1.372491545748E-03 -2.666341571342E-01  1.857050410044E+00 -3.880963396205E-03  9.425278890017E-03 -5.544315493779E-03 -7.783614426428E-03 -3.272883326047E-04 -3.943017958850E-07 -6.307995383713E-07 -7.983229750575E-07  2.524573197479E-02  3.943018735758E-07  2.391377824952E-03  3.600770317212E-20  1.121305372830E-20  2.638257488135E-20 -4.547128463971E-04
  8.218794455535E+02  8.293794455535E+02  2.494882603561E+01  2.157427159375E-15 -9.378106883789E-03  6.227800410210E+02  1.138092849222E-01  1.291769808562E-01 -4.619103122666E-02 -1.370279750210E-03 -2.368159691225E-01  1.835217668500E+00 -2.987833033852E-03  8.612891153275E-03 -5.625058119462E-03 -6.861802459550E-03 -7.610211850509E-05  4.193446060080E-07 -1.119950409958E-06 -8.761999520688E-07  2.232109906905E-02 -4.193445773617E-07  2.110286163296E-03  3.906794115376E-20  7.119477164410E-21  1.074688309366E-20 -4.011622493590E-04
  8.368794455535E+02  8.443794455535E+02  2.496851711972E+01  6.958407230047E-15 -6.587518142105E-03  6.237564775792E+02  1.071800002521E-01  1.265547850401E-01 -4.215274647463E-02 -1.350006366127E-03 -1.665339232214E-01  1.825814245872E+00 -2.492007692993E-03  8.322112351539E-03 -5.830104658773E-03 -6.048071752954E-03 -3.417354850897E-04 -9.720889863468E-08 -1.494752599336E-06 -1.863479585916E-06  2.122616654859E-02  9.720894344183E-08  2.786189930997E-03  3.027972902822E-20  7.677756601855E-21  1.484296161393E-20 -3.663662539623E-04
  8.518794455535E+02  8.593794455535E+02  2.498862180162E+01  1.262450958298E-14 -4.153289321407E-03  6.247560965457E+02  1.002846819996E-01  1.242976580596E-01 -3.802378061808E-02 -1.216179063493E-03 -1.049883535150E-01  1.805654240331E+00 -9.047892232290E-04  7.367233902091E-03 -6.462444678772E-03 -5.729316421965E-03 -4.582598969340E-04 -1.547049932857E-07 -1.325099001978E-06 -7.909807198217E-07  2.077315998806E-02  1.547050150902E-07  3.926176932084E-03  3.469610993527E-20  7.211982862210E-21  1.532081027243E-20 -3.473744027947E-04
  8.668794455535E+02  8.743794455535E+02  2.500746343205E+01  1.468234128027E-14  7.691947146671E-04  6.256940810998E+02  9.333323438472E-02  1.223644536723E-01 -3.399176269227E-02 -1.159409087767E-03  1.877702509043E-02  1.793694201945E+00 -2.718299047720E-04  6.836733110681E-03 -6.564903205826E-03 -5.381522929454E-03 -8.468916992591E-04  9.961096084603E-07 -1.072355672607E-06 -1.342466674058E-06  1.872992528779E-02 -9.961096854582E-07  4.748076410537E-03  3.541576446730E-20  3.968358646257E-21  2.625169490858E-20 -3.178341662552E-04
  8.818794455535E+02  8.893794455535E+02  2.502373984816E+01  1.309339970069E-14  4.746588590493E-03  6.265032965068E+02  8.601858913987E-02  1.221790996454E-01 -2.993749350791E-02 -1.006703308926E-03  1.177742213899E-01  1.782715426840E+00  7.950718493449E-04  6.076728083743E-03 -6.871799932965E-03 -4.831972012168E-03 -7.310414174832E-04  6.587988801642E-08 -8.160505186633E-07 -8.034515217129E-07  1.837849444443E-02 -6.587987298375E-08  4.006863454795E-03  3.421770393130E-20  9.796250565553E-22  2.917216968614E-20 -3.016068660049E-04
  8.968794455535E+02  9.043794455535E+02  2.504192673882E+01  8.206246301703E-15  8.278684920038E-03  6.274099183537E+02  7.842870146343E-02  1.220605109017E-01 -2.596826547488E-02 -8.937952048586E-04  2.063731409113E-01  1.785531775758E+00  1.618154453125E-03  5.689554659161E-03 -7.307709112183E-03 -4.811837993297E-03 -5.963029345703E-04  5.335881140410E-07 -1.352728629800E-07 -7.007607167194E-07  1.770685122463E-02 -5.335881538957E-07  3.269838090354E-03  3.654064690905E-20  4.457154969574E-21  2.312611351483E-20 -2.887432441847E-04
  9.118794455535E+02  9.193794455535E+02  2.505694579769E+01  1.999504150215E-15  1.087732070602E-02  6.281581055052E+02  7.051746262162E-02  1.215224571075E-01 -2.185988584976E-02 -6.850561686687E-04  2.702407071904E-01  1.774637001323E+00  2.886729399036E-03  4.875373336755E-03 -7.762102735705E-03 -4.356066548255E-03 -4.053407946399E-04  4.367559960637E-07  6.961050954476E-08 -1.263977408864E-06  1.644261330616E-02 -4.367560323152E-07  3.380071439124E-03  4.308324657027E-20  7.767429598183E-21  2.358185071640E-20 -2.664381236939E-04
  9.268794455535E+02  9.343794455535E+02  2.507275818715E+01  1.009134327027E-15  1.461740919313E-02  6.289471602456E+02  6.198003462780E-02  1.211708294808E-01 -1.797301021318E-02 -6.344325149549E-04  3.645535206138E-01  1.776523552509E+00  3.197411151354E-03  4.428157143947E-03 -7.625568295275E-03 -4.225416740953E-03 -5.303730409827E-04 -3.323353250727E-07 -3.023920083502E-07 -1.356513620205E-06  1.645823964446E-02  3.323354075942E-07  5.152494953235E-03  3.275746900475E-20  3.191321123674E-21  3.661926582631E-20 -2.577885027433E-04
  9.418794455535E+02  9.493794455535E+02  2.508780615756E+01  1.535956366434E-15  2.053813978023E-02  6.296984339311E+02  5.238919526183E-02  1.223445775935E-01 -1.392913860406E-02 -3.840488963414E-04  5.146229017424E-01  1.779222773858E+00  3.834283216355E-03  3.893317428814E-03 -7.727600645045E-03 -3.954004070230E-03 -9.570840477579E-04 -4.948384356918E-07 -6.376412099813E-08 -1.023710014807E-06  1.506527139835E-02  4.948384424924E-07  6.439996359230E-03  3.721722455203E-20  2.133447584691E-22  3.065344147985E-20 -2.320768990386E-04
  9.568794455535E+02  9.643794455535E+02  2.510100612370E+01 -1.802636454458E-15  2.668701429797E-02  6.303577686605E+02  4.083062794714E-02  1.259997250123E-01 -1.000677292524E-02 -3.214214297215E-04  6.705814018799E-01  1.786729089635E+00  4.636159256278E-03  3.296579562891E-03 -7.932738819324E-03 -3.494099332786E-03 -8.759600137130E-04 -8.835970068761E-07  1.024609540474E-07 -1.380619564659E-06  1.615622127694E-02  8.835970173356E-07  4.423118761448E-03  3.330166809054E-20 -5.758550656872E-21  3.099395136502E-20 -2.322912462131E-04
  9.718794455535E+02  9.793794455535E+02  2.511809901988E+01 -4.386478358638E-15  2.882837195737E-02  6.312128085192E+02  3.010321439673E-02  1.337334645192E-01 -5.839382672534E-03 -1.271135914565E-04  7.234684103869E-01  1.976153784651E+00 -2.333639852331E-03  7.632203122564E-03 -5.298563270075E-03 -3.880841732636E-03 -6.816225640398E-04 -1.159938051111E-06 -2.758394820829E-07 -7.770471731397E-07  1.558910436068E-02  1.159938068601E-06  1.947763820428E-03  3.666247380593E-20 -6.096453972377E-21  2.287830475789E-20 -2.405725979021E-04
  9.868794455535E+02  9.943794455535E+02  2.513023718785E+01 -2.174660882685E-15  3.034250765934E-02  6.318584508313E+02  9.666315058080E-03  1.787009005514E-01 -1.793253200937E-03 -1.068025749556E-04  7.551585126360E-01  1.791323602328E+00  4.092555027757E-03  3.890217868798E-04 -4.481576814977E-03 -2.736134723716E-03  1.202651749453E-04 -1.167499487009E-06 -1.844562953480E-07 -1.944140803681E-06  6.473450899973E-03  1.167499518346E-06  8.070827676871E-04  5.176971851892E-20 -3.245816003901E-21 -3.187899507167E-20 -5.116301719189E-05
