                   y                  ym                   U                   V                   W                 U^2                 V^2                 W^2                  UV                  VW                  UW                VISC               SFSxx               SFSyy               SFSzz               SFSxy               SFSyz                dUdX                dVdX                dWdX                dUdY                dVdY                dWdY                dUdZ                dVdZ                dWdZ              SFSxym
 -4.000000000000E+00 -2.000000000000E+00  0.000000000000E+00  0.000000000000E+00  0.000000000000E+00  0.000000000000E+00  0.000000000000E+00  0.000000000000E+00  0.000000000000E+00  0.000000000000E+00  0.000000000000E+00  0.000000000000E+00  0.000000000000E+00  0.000000000000E+00  0.000000000000E+00  0.000000000000E+00  0.000000000000E+00  0.000000000000E+00  0.000000000000E+00  0.000000000000E+00  0.000000000000E+00  0.000000000000E+00  0.000000000000E+00  0.000000000000E+00  0.000000000000E+00  0.000000000000E+00  0.000000000000E+00
  2.220446049250E-16  2.000000000000E+00  8.803952164808E+00  3.557302311515E-15 -1.288330896085E-01  8.247891434516E+01  1.222351153353E-01  1.586923812574E+00 -3.762595388384E-01 -4.750271282390E-03 -1.141807131827E+00  3.158017980440E+00 -5.565915700612E-03  4.632449630698E-02 -4.075858060325E-02 -1.472954973719E+01  1.703760589796E-01 -3.088577107996E-03 -2.921118934288E-04  5.992592984797E-05  4.233838263678E+01  3.088577108106E-03 -4.997897722901E-01  2.651750851870E-19 -2.259825283362E-21  2.803921502972E-20 -8.458795644677E-02
  4.000000000000E+00  6.000000000000E+00  1.236592518522E+01  9.739641963306E-15 -1.210522870346E-01  1.608033442332E+02  5.059902070161E-01  1.988851594163E+00 -9.353329570447E-01 -7.753686487742E-03 -1.480380564589E+00  9.403448047972E+00  1.058170026904E+00 -7.334831178599E-01 -3.246869090488E-01 -5.477960954748E+00 -9.060573091087E-02  5.167332571099E-04 -4.782234520041E-04  5.212780643201E-05  9.115018122008E+00 -5.167332570715E-04  3.519887513862E-02  3.276767340431E-19  3.926407152102E-21 -3.932528400406E-20 -3.301888917926E-01
  8.000000000000E+00  1.000000000000E+01  1.336030514085E+01  1.377096209056E-14 -1.112070895581E-01  1.850807618177E+02  6.892186043352E-01  1.936528522081E+00 -8.922780222048E-01 -7.664843704059E-03 -1.464840062261E+00  1.033408558050E+01  4.682660742417E-01 -9.819570174154E-01  5.136909431810E-01 -2.303211850083E+00 -1.111626087327E-01  7.571551337948E-04 -2.812723175309E-04 -6.322045845297E-05  3.860332784613E+00 -7.571551337094E-04  4.206764385706E-02  3.159790890512E-19 -7.691083882536E-21 -9.445023272395E-20 -1.405276447859E-01
  1.200000000000E+01  1.400000000000E+01  1.429624356927E+01  1.538340939009E-14 -1.000628475892E-01  2.109771120085E+02  7.947614631667E-01  1.917108417779E+00 -9.814307770872E-01 -7.514765999418E-03 -1.405245970225E+00  1.026360600232E+01  4.416680047280E-01 -9.139437440910E-01  4.722757393620E-01 -2.231412832956E+00 -2.798545613245E-02  5.406766476612E-04 -1.552224852831E-04  1.606313366768E-05  3.168232464761E+00 -5.406766475950E-04  4.166478136562E-02  3.354166426148E-19 -1.700310118908E-20 -8.871965700925E-20 -1.198147541163E-01
  1.600000000000E+01  1.800000000000E+01  1.494489245662E+01  1.568655782887E-14 -9.024172702053E-02  2.296681383195E+02  8.695328822799E-01  1.898612107897E+00 -9.811244205086E-01 -7.793967332521E-03 -1.321019675002E+00  9.721709980373E+00  3.660627439600E-01 -8.374766376011E-01  4.714138936394E-01 -1.567451550490E+00 -2.207721003069E-02  2.572002132221E-04 -1.023595044118E-04  4.599749521401E-05  2.414450666852E+00 -2.572002132254E-04  3.594796764759E-02  3.132798697102E-19 -1.765013488486E-20 -1.386105090471E-19 -8.971549949809E-02
  2.000000000000E+01  2.200000000000E+01  1.550339961241E+01  1.573107943122E-14 -8.203821086325E-02  2.465810870464E+02  9.287802119542E-01  1.890130426777E+00 -1.006725344767E+00 -7.895663339689E-03 -1.240113189503E+00  9.347354734103E+00  3.258918285493E-01 -7.721089289939E-01  4.462171004496E-01 -1.326814048632E+00 -2.118011741570E-02  1.087471743853E-04 -7.068045697304E-05  1.820335104905E-05  2.012888896862E+00 -1.087471742472E-04  3.131764346302E-02  2.674794433603E-19 -1.237316505043E-20 -1.323254410757E-19 -7.460186696851E-02
  2.400000000000E+01  2.600000000000E+01  1.595108969468E+01  1.505381294609E-14 -7.470280339175E-02  2.605412368566E+02  9.767078197232E-01  1.878076706262E+00 -1.009224906995E+00 -8.054159671444E-03 -1.157734903341E+00  8.929455067057E+00  2.836247682219E-01 -7.092431879309E-01  4.256184197086E-01 -1.062535285589E+00 -1.776620376615E-02  1.052933125585E-04 -4.798821546969E-05 -5.079623983510E-05  1.681102312316E+00 -1.052933125989E-04  2.826276298286E-02  2.989663743259E-19 -8.903743706259E-21 -1.507890790686E-19 -6.163773256896E-02
  2.800000000000E+01  3.000000000000E+01  1.634390509369E+01  1.441606445334E-14 -6.814036804434E-02  2.731670780628E+02  1.015334524297E+00  1.866636223674E+00 -1.017987367949E+00 -8.141511013467E-03 -1.080292122350E+00  8.585095718209E+00  2.532322741064E-01 -6.557292464394E-01  4.024969723300E-01 -9.176406969491E-01 -1.622970989342E-02  1.967228589815E-04 -3.291663739000E-05 -5.134886810002E-05  1.462508925376E+00 -1.967228589735E-04  2.362521538465E-02  2.415709914389E-19 -2.630686019454E-20 -1.876930394969E-19 -5.325186198760E-02
  3.200000000000E+01  3.400000000000E+01  1.668243754350E+01  1.445718623032E-14 -6.294865506784E-02  2.842949625764E+02  1.046337007051E+00  1.852836333380E+00 -1.018859685762E+00 -8.280613357577E-03 -1.018259711797E+00  8.257615522729E+00  2.270764691617E-01 -6.083360586048E-01  3.812595894432E-01 -7.877344398642E-01 -1.293050559984E-02  1.102442368092E-04 -2.476610869009E-05  1.559138667385E-05  1.286652349612E+00 -1.102442368312E-04  1.854032571108E-02  2.387387065693E-19 -2.533526179033E-20 -1.846401733039E-19 -4.646480296566E-02
  3.600000000000E+01  3.800000000000E+01  1.698721590253E+01  1.555622190071E-14 -5.873204492034E-02  2.945315348489E+02  1.071016806879E+00  1.840003755539E+00 -1.021398579860E+00 -8.356014890714E-03 -9.670160298913E-01  7.972957459318E+00  2.054442018158E-01 -5.671846886301E-01  3.617404868124E-01 -7.020766040566E-01 -1.058768711351E-02  4.768368522854E-05 -1.819045780653E-05  1.783404199618E-05  1.156869439355E+00 -4.768368517959E-05  1.642622748223E-02  2.065148839490E-19 -1.894860082134E-20 -2.141071375348E-19 -4.146067201929E-02
  4.000000000000E+01  4.200000000000E+01  1.726080953502E+01  1.895396348011E-14 -5.460375273517E-02  3.038796365402E+02  1.090299586607E+00  1.827289518714E+00 -1.020645284007E+00 -8.401778416888E-03 -9.123353551018E-01  7.711465191467E+00  1.874626352696E-01 -5.316977348158E-01  3.442350995462E-01 -6.261301280800E-01 -9.811422512461E-03  1.085145932709E-04 -1.148090153392E-05  8.040492281834E-06  1.049621374966E+00 -1.085145932096E-04  1.529919871345E-02  1.921757796586E-19 -2.328147509309E-20 -1.954101798934E-19 -3.732095601038E-02
  4.400000000000E+01  4.600000000000E+01  1.751213754431E+01  2.385011914526E-14 -5.103330294196E-02  3.126075368037E+02  1.104987356258E+00  1.814412114529E+00 -1.020515329022E+00 -8.506470317367E-03 -8.631367143874E-01  7.482568572828E+00  1.730253282072E-01 -5.013245242176E-01  3.282991960108E-01 -5.695436122484E-01 -8.688499495375E-03  4.992646928350E-05 -1.071379559757E-05  1.819351825236E-05  9.659905397412E-01 -4.992646922676E-05  1.231860533749E-02  2.263211190957E-19 -2.757662061478E-20 -1.833091029347E-19 -3.404500988475E-02
  4.800000000000E+01  5.000000000000E+01  1.774379236191E+01  2.751441450256E-14 -4.849641394465E-02  3.207666918761E+02  1.115937448557E+00  1.801025278507E+00 -1.018823079585E+00 -8.552868328873E-03 -8.295447057779E-01  7.267599970162E+00  1.595585337494E-01 -4.738106164907E-01  3.142520827428E-01 -5.210886006535E-01 -6.718203629490E-03  2.376458682774E-05 -1.125543827547E-05  1.925692172004E-06  8.963590930275E-01 -2.376458679409E-05  8.375141132578E-03  1.701294579954E-19 -2.586223542863E-20 -2.123882707632E-19 -3.128600099107E-02
  5.200000000000E+01  5.400000000000E+01  1.796015825244E+01  2.876823540672E-14 -4.687413357426E-02  3.284909116694E+02  1.124036426885E+00  1.786966426186E+00 -1.017395524755E+00 -8.632542058244E-03 -8.105713275498E-01  7.069884447383E+00  1.480632235855E-01 -4.492516168799E-01  3.011883932958E-01 -4.814723930435E-01 -5.330846394030E-03  4.610885746823E-05 -7.291048324384E-06 -1.323442872710E-05  8.367581207053E-01 -4.610885748838E-05  5.107907209987E-03  1.731338505108E-19 -3.529113209449E-20 -1.981516184527E-19 -2.893672979682E-02
  5.600000000000E+01  5.800000000000E+01  1.816220797360E+01  3.051879517331E-14 -4.590056920461E-02  3.357881340769E+02  1.129840307014E+00  1.772997773687E+00 -1.015127395061E+00 -8.669832977010E-03 -8.029034174266E-01  6.887461800886E+00  1.383148044032E-01 -4.272724343117E-01  2.889576299102E-01 -4.455405724289E-01 -3.916703469270E-03  4.206159740615E-05 -2.768428206819E-06  9.436696530754E-06  7.844316350466E-01 -4.206159729205E-05  3.644114381924E-03  1.781339582648E-19 -1.909576673685E-20 -2.142410872660E-19 -2.688156475653E-02
  6.000000000000E+01  6.200000000000E+01  1.835250757248E+01  3.018788365984E-14 -4.505728354192E-02  3.427359871226E+02  1.133798454434E+00  1.757928512384E+00 -1.012890063053E+00 -8.667948494030E-03 -7.958095697221E-01  6.720381590446E+00  1.293131485437E-01 -4.078481079991E-01  2.785349594549E-01 -4.147986885741E-01 -3.255381756648E-03  5.359243518326E-05 -2.340735609195E-06  1.486308533635E-05  7.381739745146E-01 -5.359243532751E-05  3.375157682480E-03  1.684107401904E-19 -2.896646303309E-20 -2.079332794105E-19 -2.504745364440E-02
  6.400000000000E+01  6.600000000000E+01  1.853135933790E+01  3.024581536470E-14 -4.421947176748E-02  3.493295340941E+02  1.136341859130E+00  1.741548949899E+00 -1.010252902868E+00 -8.643916498700E-03 -7.886927280060E-01  6.565085497827E+00  1.210337942020E-01 -3.900323317818E-01  2.689985375780E-01 -3.867790285950E-01 -2.982670412383E-03  2.559250657007E-05 -4.771710531388E-06  6.035600016078E-06  6.968754206113E-01 -2.559250626516E-05  3.324615696738E-03  1.593881752531E-19 -1.648323427768E-20 -2.087953858034E-19 -2.342636827756E-02
  6.800000000000E+01  7.000000000000E+01  1.870096805246E+01  3.042544576380E-14 -4.336183259720E-02  3.556395218031E+02  1.137661498212E+00  1.724932216585E+00 -1.007594264661E+00 -8.622870820812E-03 -7.810197893562E-01  6.418256858383E+00  1.137486218586E-01 -3.735306594753E-01  2.597820376161E-01 -3.629212364525E-01 -2.890755766629E-03  7.778266192201E-06 -6.857219173393E-06  2.809147571123E-05  6.605825915553E-01 -7.778266439875E-06  3.402987982422E-03  1.406616812721E-19 -2.286134895349E-20 -1.992422677508E-19 -2.195672125317E-02
  7.200000000000E+01  7.400000000000E+01  1.886157849256E+01  3.024142785149E-14 -4.248495905790E-02  3.616672901436E+02  1.138015632845E+00  1.709262858888E+00 -1.004670687994E+00 -8.555959984484E-03 -7.730241487773E-01  6.281520847401E+00  1.071472930281E-01 -3.588103177598E-01  2.516630247305E-01 -3.401282582510E-01 -3.201257845038E-03  2.851946489749E-05 -7.323829457769E-06  3.148185976066E-05  6.269394602951E-01 -2.851946482292E-05  4.450396077244E-03  1.392496769571E-19 -4.443113513060E-21 -1.844802708493E-19 -2.062602925392E-02
  7.600000000000E+01  7.800000000000E+01  1.901432271706E+01  3.388318625964E-14 -4.112980292374E-02  3.674444542191E+02  1.137695867205E+00  1.693745088735E+00 -1.001707143029E+00 -8.521249906898E-03 -7.556305232982E-01  6.152474354618E+00  1.009388532926E-01 -3.447973271936E-01  2.438584739017E-01 -3.202645727526E-01 -3.779185044070E-03  2.361200271453E-05 -5.158714831524E-06 -1.861394142164E-06  5.965299593042E-01 -2.361200274859E-05  6.323081458221E-03  1.018609189050E-19 -1.441967443803E-20 -1.854475163844E-19 -1.944148313794E-02
  8.000000000000E+01  8.200000000000E+01  1.915987244917E+01  3.703408266902E-14 -3.936872040013E-02  3.729900426871E+02  1.136880696177E+00  1.678731150700E+00 -9.985170145416E-01 -8.454553883376E-03 -7.294283489780E-01  6.030325053771E+00  9.511223433134E-02 -3.319306679943E-01  2.368184336630E-01 -3.019820144239E-01 -4.067823951883E-03  1.605665979339E-05 -3.998881812292E-06 -1.728602568314E-05  5.692847878649E-01 -1.605665980264E-05  8.009101419243E-03  1.183565446898E-19 -2.298413027434E-20 -1.761252957595E-19 -1.835096665803E-02
  8.400000000000E+01  8.600000000000E+01  1.929903814854E+01  3.906981604921E-14 -3.716052662943E-02  3.783277919495E+02  1.135591099314E+00  1.663420906402E+00 -9.953725690597E-01 -8.376322644745E-03 -6.930214870611E-01  5.909634789471E+00  8.996808773750E-02 -3.196267221270E-01  2.296586343897E-01 -2.854412496347E-01 -4.111114753647E-03  1.741677883636E-05 -5.349959730845E-06 -6.313945005659E-06  5.433628504097E-01 -1.741677880772E-05  9.361838202972E-03  1.118995998224E-19 -1.159212463930E-20 -1.814281732529E-19 -1.734245832042E-02
  8.800000000000E+01  9.000000000000E+01  1.943155056027E+01  4.181701382736E-14 -3.469594322370E-02  3.834432918849E+02  1.133852443320E+00  1.647980914198E+00 -9.920581655525E-01 -8.311499387431E-03 -6.507827012938E-01  5.799623897362E+00  8.538304420186E-02 -3.087750132863E-01  2.233919690828E-01 -2.695763596719E-01 -4.848919021150E-03  2.934164147205E-05 -6.607768571227E-06  2.889685066076E-06  5.192767672331E-01 -2.934164144484E-05  1.026846617149E-02  1.131035573194E-19 -6.284491400510E-21 -1.913596602909E-19 -1.642852558819E-02
  9.200000000000E+01  9.400000000000E+01  1.955862956105E+01  4.423789785012E-14 -3.205285286259E-02  3.883786060755E+02  1.131839792444E+00  1.632667570324E+00 -9.887005238623E-01 -8.282435025516E-03 -6.027857161872E-01  5.694956516771E+00  8.118132344209E-02 -2.983359022598E-01  2.171545788150E-01 -2.560434894240E-01 -5.157580340899E-03 -9.271068059844E-06 -6.963307688614E-06  8.815566550126E-07  4.971228258861E-01  9.271068040124E-06  1.056216108273E-02  6.056501745335E-20 -1.820320997385E-20 -1.692016345100E-19 -1.559426002395E-02
  9.600000000000E+01  9.800000000000E+01  1.968009609928E+01  4.411011833572E-14 -2.941169619246E-02  3.931207802239E+02  1.129705370724E+00  1.617160060679E+00 -9.853266728378E-01 -8.273880082375E-03 -5.536560842715E-01  5.593482811860E+00  7.706499026475E-02 -2.885167623557E-01  2.114517720898E-01 -2.428078800157E-01 -5.149136302127E-03 -1.741189330271E-06 -6.420785955690E-06 -6.745199712219E-06  4.752491521101E-01  1.741189348812E-06  1.032070473888E-02  9.438421740055E-20 -2.323616233723E-20 -1.523085421861E-19 -1.479163263476E-02
  1.000000000000E+02  1.020000000000E+02  1.979626613365E+01  4.287660410456E-14 -2.685277981386E-02  3.976804011987E+02  1.127538345546E+00  1.602532680444E+00 -9.818031028160E-01 -8.265743902409E-03 -5.051265432716E-01  5.499487409075E+00  7.344202447337E-02 -2.796825486265E-01  2.062405241524E-01 -2.304121285130E-01 -5.012882795022E-03  7.737379950842E-06 -5.622881490712E-06  2.216124546718E-06  4.560035981601E-01 -7.737379937262E-06  1.087730312279E-02  7.910635801725E-20 -2.959923870084E-20 -1.638356043022E-19 -1.406378780315E-02
  1.040000000000E+02  1.060000000000E+02  1.990808424201E+01  4.235871527668E-14 -2.396969721223E-02  4.020909514774E+02  1.125358063045E+00  1.589243117765E+00 -9.783193115890E-01 -8.223390838331E-03 -4.487203860971E-01  5.410997770551E+00  6.984681413853E-02 -2.716334399769E-01  2.017866258388E-01 -2.196138857394E-01 -5.184610034507E-03  1.762734395654E-05 -4.024695600979E-06 -1.312452657101E-08  4.378229881528E-01 -1.762734399479E-05  1.143657560161E-02  6.837906380833E-20 -1.050163304131E-20 -1.801119853770E-19 -1.338696203422E-02
  1.080000000000E+02  1.100000000000E+02  2.001521698091E+01  4.254672055932E-14 -2.115784452790E-02  4.063353064269E+02  1.123294656213E+00  1.576188626320E+00 -9.746767765427E-01 -8.234136804882E-03 -3.924068977445E-01  5.326561063070E+00  6.686186273070E-02 -2.640630708611E-01  1.972012081311E-01 -2.088686960783E-01 -4.607393433947E-03  1.406974863009E-05 -3.375579283323E-06 -1.214553688832E-05  4.203658040325E-01 -1.406974862714E-05  1.121815640251E-02  4.197514629917E-20 -5.094725695005E-21 -1.470767552002E-19 -1.276036886541E-02
  1.120000000000E+02  1.140000000000E+02  2.011826899189E+01  4.308476781364E-14 -1.837121115704E-02  4.104371225431E+02  1.121355367398E+00  1.563456206521E+00 -9.710963559808E-01 -8.206537016791E-03 -3.352032472292E-01  5.244231575304E+00  6.363097579391E-02 -2.563636169804E-01  1.927326411861E-01 -1.993675492693E-01 -4.263840440396E-03 -4.276476481801E-06 -2.507815011333E-06 -2.123025286586E-05  4.042417409041E-01  4.276476463055E-06  1.030480158873E-02  8.516583600449E-20 -1.003110890676E-22 -1.685094927990E-19 -1.217998188241E-02
  1.160000000000E+02  1.180000000000E+02  2.021733274841E+01  4.323756579913E-14 -1.599705948533E-02  4.143974255064E+02  1.119509729485E+00  1.550464124883E+00 -9.673644061668E-01 -8.231250940211E-03 -2.848367974899E-01  5.164727972652E+00  6.062728696928E-02 -2.489807348824E-01  1.883534479132E-01 -1.903610639026E-01 -3.555078878185E-03  6.094786284588E-06 -9.519453086541E-07 -1.130890673493E-05  3.888527428144E-01 -6.094786277177E-06  8.481995347003E-03  8.016521926256E-20 -2.905886178006E-20 -1.466207622840E-19 -1.163831330213E-02
  1.200000000000E+02  1.220000000000E+02  2.031271453800E+01  4.241271541148E-14 -1.411102152564E-02  4.182259790357E+02  1.117711350918E+00  1.538320685802E+00 -9.637337881787E-01 -8.218032009293E-03 -2.444677089671E-01  5.088468639905E+00  5.803653910646E-02 -2.422702123987E-01  1.842336732910E-01 -1.820415305376E-01 -3.117518362538E-03  1.038110551751E-05  6.676183556877E-07 -2.383821310491E-06  3.738898824898E-01 -1.038110549385E-05  6.964660738883E-03  8.586119090766E-20  4.921086491983E-21 -1.417691397576E-19 -1.111561621857E-02
  1.240000000000E+02  1.260000000000E+02  2.040427313110E+01  4.247262459268E-14 -1.254612582441E-02  4.219139902388E+02  1.115938206066E+00  1.527079632681E+00 -9.599732424791E-01 -8.226244252096E-03 -2.105240798727E-01  5.017153016621E+00  5.563292418636E-02 -2.361305484928E-01  1.804976243058E-01 -1.736510926266E-01 -2.655990424679E-03  9.237929564375E-06  2.536853843575E-06 -2.597283748747E-06  3.599973351832E-01 -9.237929518298E-06  6.312925687533E-03  8.326433486075E-20 -6.438377174674E-21 -1.284980362626E-19 -1.062824245037E-02
  1.280000000000E+02  1.300000000000E+02  2.049274162357E+01  4.364024838837E-14 -1.101904454667E-02  4.254908201808E+02  1.114249755488E+00  1.516656035870E+00 -9.562041186101E-01 -8.220691714072E-03 -1.777137227175E-01  4.949773595966E+00  5.335880701047E-02 -2.303164338385E-01  1.769576268269E-01 -1.663583781961E-01 -2.484798225136E-03  2.691613743599E-06  3.002638380475E-06 -4.439852405016E-06  3.474410803512E-01 -2.691613674922E-06  5.646362933990E-03  8.163335294797E-20 -2.795681990550E-20 -1.319226428302E-19 -1.018685294358E-02
  1.320000000000E+02  1.340000000000E+02  2.057802104704E+01  4.308883877595E-14 -9.725943972244E-03  4.289514221581E+02  1.112755552094E+00  1.505222466695E+00 -9.524384616671E-01 -8.203202003033E-03 -1.494864140315E-01  4.882299236566E+00  5.123584413765E-02 -2.246477882862E-01  1.734119441475E-01 -1.593793189002E-01 -2.088197898695E-03  8.907839212935E-06  2.151229989000E-06  3.451650412119E-06  3.350618537227E-01 -8.907839272379E-06  4.663543147039E-03  2.840250587164E-20 -1.919053948585E-20 -1.456866677928E-19 -9.749966964977E-03
  1.360000000000E+02  1.380000000000E+02  2.066028436119E+01  4.001572872248E-14 -8.622204146785E-03  4.323015231820E+02  1.111412793655E+00  1.494389578937E+00 -9.486333722430E-01 -8.164127105322E-03 -1.248219356958E-01  4.819125138445E+00  4.930188070988E-02 -2.193235429841E-01  1.700216622745E-01 -1.526568711752E-01 -1.982637932126E-03  4.617916847254E-06  1.335703389734E-06  5.056037068366E-06  3.227301981587E-01 -4.617916810682E-06  4.204719552191E-03  6.189537485593E-20 -1.154910302606E-20 -1.494480566075E-19 -9.347252813889E-03
  1.400000000000E+02  1.420000000000E+02  2.073939688583E+01  3.453051068460E-14 -7.569721143258E-03  4.355331060867E+02  1.110189602293E+00  1.484414399474E+00 -9.447832037560E-01 -8.121826275804E-03 -1.014878832775E-01  4.759329932362E+00  4.704602408488E-02 -2.141152744461E-01  1.670692503624E-01 -1.464501158060E-01 -1.825237743622E-03 -6.193780431717E-06  8.520258401706E-07 -2.604123419622E-06  3.116272962977E-01  6.193780331918E-06  3.727112480925E-03  5.287369789881E-20 -7.883968520768E-21 -1.353045979801E-19 -8.966986653995E-03
  1.440000000000E+02  1.460000000000E+02  2.081606721693E+01  3.028431397438E-14 -6.765991003236E-03  4.386751622078E+02  1.109136478089E+00  1.474963459493E+00 -9.409601501271E-01 -8.109897545395E-03 -8.396162138247E-02  4.701042083319E+00  4.511921150001E-02 -2.090585090586E-01  1.639392975590E-01 -1.407059261409E-01 -1.440518240824E-03 -1.416540206909E-06  1.125678762168E-06 -1.468995900789E-05  3.005823944661E-01  1.416540198151E-06  2.094010730474E-03  4.052922985561E-20 -5.970351086678E-21 -8.567063235100E-20 -8.608698667433E-03
  1.480000000000E+02  1.500000000000E+02  2.088968970369E+01  2.936956479520E-14 -6.558942726018E-03  4.417010332498E+02  1.108256681524E+00  1.465613044824E+00 -9.370534916054E-01 -8.074811530342E-03 -8.011711629264E-02  4.644603668762E+00  4.347346044023E-02 -2.044683775880E-01  1.609949171480E-01 -1.347421358113E-01 -9.397186946980E-04  3.146833424277E-06  1.377235635676E-06 -1.927165055830E-05  2.896010296879E-01 -3.146833457261E-06  5.689085998370E-04  3.873517831969E-20 -1.181886384485E-20 -7.742359629311E-20 -8.251619018068E-03
  1.520000000000E+02  1.540000000000E+02  2.096091668684E+01  2.862738373901E-14 -6.530672434833E-03  4.446369823461E+02  1.107521597753E+00  1.456283343670E+00 -9.332003358824E-01 -8.022045834046E-03 -8.126972445343E-02  4.591143746164E+00  4.186783599834E-02 -2.000089780617E-01  1.581411420626E-01 -1.293544732937E-01 -8.223579457972E-04  2.312459445178E-06  8.423109070951E-07 -1.576495917015E-05  2.795200603159E-01 -2.312459465687E-06 -8.156187825066E-05  9.570586677519E-21 -2.118233233835E-20 -8.769920060432E-20 -7.931352314843E-03
  1.560000000000E+02  1.580000000000E+02  2.102945909324E+01  2.849651880206E-14 -6.644517872166E-03  4.474691345657E+02  1.106883937002E+00  1.448020814518E+00 -9.292240847138E-01 -7.980021313671E-03 -8.566200426418E-02  4.537856582697E+00  4.039223453884E-02 -1.958583906668E-01  1.554661561285E-01 -1.244130209189E-01 -3.363772315322E-04 -1.415900777634E-05  6.311650020028E-07 -4.015710837991E-06  2.692390783119E-01  1.415900781519E-05 -7.451658314636E-04  5.716400379337E-20 -2.444461486554E-20 -8.331286578848E-20 -7.614173194946E-03
  1.600000000000E+02  1.620000000000E+02  2.109552122771E+01  3.058668451618E-14 -6.898536698350E-03  4.502039941916E+02  1.106286203584E+00  1.440245838486E+00 -9.253728238269E-01 -7.891398297614E-03 -9.381113074956E-02  4.488566129758E+00  3.898910256231E-02 -1.918843830585E-01  1.528952804971E-01 -1.193713607352E-01 -3.588577301281E-05  1.285544478222E-06  1.469457520750E-06  4.288490907638E-06  2.600490793936E-01 -1.285544475270E-06 -1.785734846505E-03 -1.660238004868E-20 -1.730032167425E-20 -1.025910376886E-19 -7.322128359623E-03
  1.640000000000E+02  1.660000000000E+02  2.115951196068E+01  3.342024255717E-14 -7.514361773603E-03  4.528588205377E+02  1.105832363510E+00  1.432283800716E+00 -9.214071176298E-01 -7.883467039887E-03 -1.101562967684E-01  4.439283448787E+00  3.739747911173E-02 -1.880011582341E-01  1.506036791221E-01 -1.146956125635E-01  5.496847294815E-04  1.188815988696E-05  2.356702372984E-06  4.992265308630E-06  2.513308501452E-01 -1.188815986909E-05 -2.869664252756E-03  3.018401507449E-21 -2.868040184077E-20 -6.631850063525E-20 -7.024313913796E-03
  1.680000000000E+02  1.700000000000E+02  2.122124526562E+01  3.600541739757E-14 -8.318220449608E-03  4.554255052193E+02  1.105514857781E+00  1.424829025556E+00 -9.175055708097E-01 -7.797690735751E-03 -1.312263854584E-01  4.391982551883E+00  3.610623583671E-02 -1.841567456029E-01  1.480505097658E-01 -1.102236052783E-01  8.817746056428E-04 -4.846619950901E-06  1.628630551495E-06  1.701975561917E-06  2.428404492074E-01  4.846619985661E-06 -3.707149578505E-03 -1.630498885579E-20 -1.879232411126E-20 -9.871466718988E-20 -6.759439796871E-03
  1.720000000000E+02  1.740000000000E+02  2.128095013895E+01  3.921635701361E-14 -9.362710076329E-03  4.579128139124E+02  1.105191170742E+00  1.418366459383E+00 -9.135543170229E-01 -7.775489391107E-03 -1.577802302574E-01  4.348237753921E+00  3.496909332375E-02 -1.805550121841E-01  1.455859188616E-01 -1.062226518022E-01  9.294264693231E-04 -1.791586414956E-05  1.901825565326E-07  6.586252567425E-06  2.355155922734E-01  1.791586420432E-05 -4.702790622901E-03 -5.983411800122E-21 -3.672272210323E-20 -4.917990664841E-20 -6.523776005138E-03
  1.760000000000E+02  1.780000000000E+02  2.133896042937E+01  4.176747778658E-14 -1.067964381403E-02  4.603343149889E+02  1.104750426102E+00  1.412901598810E+00 -9.095518891744E-01 -7.713411282488E-03 -1.898529354252E-01  4.305447208465E+00  3.368995250575E-02 -1.772894497062E-01  1.435994972006E-01 -1.026023850023E-01  1.178912257476E-03 -8.366500232062E-06  4.120096830650E-07  2.004344742467E-05  2.284376419637E-01  8.366500309708E-06 -5.655765230874E-03 -1.803408713968E-22 -1.954106096895E-20 -8.964051415649E-20 -6.283660276541E-03
  1.800000000000E+02  1.820000000000E+02  2.139512788971E+01  4.389530434736E-14 -1.214271791774E-02  4.626842416982E+02  1.104195362783E+00  1.408314159595E+00 -9.056291305092E-01 -7.678779223491E-03 -2.248795715560E-01  4.264085186937E+00  3.242845102414E-02 -1.740534513412E-01  1.416250003188E-01 -9.860190144708E-02  1.480532527261E-03  1.002091635061E-05  2.235970317731E-06  1.558368874375E-05  2.215965986441E-01 -1.002091632738E-05 -6.315005009612E-03 -2.732221487306E-20 -1.054776479321E-20 -7.418727938490E-20 -6.059328047396E-03
  1.840000000000E+02  1.860000000000E+02  2.144976066380E+01  4.815198008841E-14 -1.376492461715E-02  4.649745244933E+02  1.103595926595E+00  1.404356404578E+00 -9.015839265110E-01 -7.611973209898E-03 -2.636420404565E-01  4.223422899532E+00  3.138758582013E-02 -1.710720392964E-01  1.396844534767E-01 -9.537506142715E-02  1.472212548785E-03  1.428061719757E-05  4.003230675199E-06 -2.275835888258E-06  2.139339517617E-01 -1.428061714716E-05 -6.716869219675E-03 -1.667262352534E-20 -1.990057563399E-20 -8.635008248810E-20 -5.840357821698E-03
  1.880000000000E+02  1.900000000000E+02  2.150213517510E+01  5.252558023944E-14 -1.551554858790E-02  4.671747673573E+02  1.103012416667E+00  1.401365148661E+00 -8.976912247899E-01 -7.597732496162E-03 -3.056501732261E-01  4.185868893396E+00  3.058310219438E-02 -1.683819140243E-01  1.377988118291E-01 -9.144571532716E-02  1.531856634128E-03  1.812776580635E-05  4.145739751938E-06  9.366734306885E-07  2.071945789823E-01 -1.812776580146E-05 -6.902370762806E-03 -1.017065506562E-20 -1.421250229404E-20 -6.344593774789E-20 -5.641817757315E-03
  1.920000000000E+02  1.940000000000E+02  2.155341595551E+01  5.473985385344E-14 -1.727040567162E-02  4.693326578720E+02  1.102502058562E+00  1.398111679456E+00 -8.934847914908E-01 -7.512743548561E-03 -3.480750044611E-01  4.146110220661E+00  2.978979088410E-02 -1.655539626396E-01  1.357641717569E-01 -8.894043029386E-02  1.621391553915E-03 -1.209061092805E-06  1.854360407535E-06  1.709663436054E-05  2.009362634834E-01  1.209061089136E-06 -7.054555848875E-03 -4.462759522367E-21 -1.848688564008E-20 -6.420380536563E-20 -5.452631998303E-03
  1.960000000000E+02  1.980000000000E+02  2.160259414998E+01  5.607062528399E-14 -1.903139544312E-02  4.714082159781E+02  1.102213415936E+00  1.396194699093E+00 -8.896660728257E-01 -7.444639790725E-03 -3.902253978953E-01  4.112343501883E+00  2.900191091842E-02 -1.629396096342E-01  1.339376987150E-01 -8.546967360619E-02  1.376049442301E-03 -1.964936208051E-05 -9.180502135614E-07  3.102875661844E-05  1.958246488052E-01  1.964936210068E-05 -7.212510712770E-03 -5.956701552795E-20 -9.303715790327E-21 -9.141884652024E-20 -5.258462390905E-03
  2.000000000000E+02  2.020600000000E+02  2.165124939094E+01  5.756129456182E-14 -2.080635881801E-02  4.734638011090E+02  1.101839906252E+00  1.393236897379E+00 -8.853898186502E-01 -7.350218629072E-03 -4.320085075558E-01  4.076983618258E+00  2.700479575596E-02 -1.575712273943E-01  1.305664316371E-01 -8.332840792185E-02  2.097631091243E-03 -2.710484541736E-06 -1.449992225353E-06  1.889179924863E-05  1.900065610553E-01  2.710484597678E-06 -7.307211961367E-03 -2.342769032021E-21 -2.275060215405E-20 -8.597175638773E-20 -5.163668842388E-03
  2.041200000000E+02  2.062418000000E+02  2.170042020598E+01  5.892602754122E-14 -2.277583363050E-02  4.755465122669E+02  1.101534930704E+00  1.390846892648E+00 -8.811360209244E-01 -7.263619025679E-03 -4.778556803038E-01  4.047902373510E+00  2.493704116963E-02 -1.522053962785E-01  1.272683551085E-01 -8.194611316283E-02  2.014253774316E-03  1.746483721795E-05 -7.472268302132E-07  2.611666161973E-07  1.852850559041E-01 -1.746483717587E-05 -7.445961441438E-03 -2.470673207846E-20 -1.848611882670E-20 -5.168907913799E-20 -5.071375175456E-03
  2.083636000000E+02  2.105490540000E+02  2.174958215970E+01  6.089969905680E-14 -2.481774578173E-02  4.776315442423E+02  1.101132903022E+00  1.387235375441E+00 -8.766529007213E-01 -7.194108226726E-03 -5.250666846683E-01  4.017950419123E+00  2.273178214591E-02 -1.467973860329E-01  1.240656038869E-01 -8.017797577721E-02  2.153384106681E-03  1.085113725600E-05 -1.602960548200E-06 -2.821799568118E-06  1.799637951198E-01 -1.085113718456E-05 -7.838529076005E-03  2.311725718157E-22 -1.412240338096E-20 -6.281352806784E-20 -4.956941487856E-03
  2.127345080000E+02  2.149855256200E+02  2.179876730300E+01  6.486231719551E-14 -2.711207062897E-02  4.797227129833E+02  1.100625038688E+00  1.383733166897E+00 -8.720952545068E-01 -7.053740263001E-03 -5.779697939487E-01  3.989854921187E+00  2.070841983066E-02 -1.415821464061E-01  1.208737265756E-01 -7.842956426911E-02  2.182455740369E-03 -7.199302767432E-06 -4.013920027530E-06  8.373061003872E-06  1.747308116030E-01  7.199302780173E-06 -8.588219285507E-03 -2.296403551627E-20 -3.224254412081E-20 -7.769452882031E-20 -4.848788832739E-03
  2.172365432400E+02  2.195550913886E+02  2.184785742292E+01  6.892559815721E-14 -2.965282748249E-02  4.818144809263E+02  1.099964195139E+00  1.379563697731E+00 -8.673380065817E-01 -7.008649088068E-03 -6.364213420755E-01  3.960593261447E+00  1.852748340455E-02 -1.359665837294E-01  1.174391003240E-01 -7.675652329405E-02  2.583548197326E-03 -3.459323269433E-06 -4.543528078914E-06  1.739090361835E-05  1.693707774846E-01  3.459323284363E-06 -9.107273518191E-03 -1.265145164453E-20 -3.955141108413E-21 -6.381969782423E-20 -4.732169833998E-03
  2.218736395372E+02  2.242617441303E+02  2.189691327640E+01  7.011878375383E-14 -3.237228139005E-02  4.839098335642E+02  1.099176260245E+00  1.375450775694E+00 -8.625378910556E-01 -6.882644111334E-03 -6.990294566231E-01  3.932026546258E+00  1.618772407195E-02 -1.301063757450E-01  1.139186516719E-01 -7.472141196803E-02  2.754543608117E-03 -3.342268902795E-06 -3.600670416642E-06  7.827303452653E-06  1.637454940158E-01  3.342268860698E-06 -9.049667796319E-03 -2.807961627202E-20 -2.621365952670E-20 -5.151175312153E-20 -4.599186909412E-03
  2.266498487233E+02  2.291095964542E+02  2.194562951509E+01  6.986433885118E-14 -3.506111748048E-02  4.859941165792E+02  1.098279444024E+00  1.371411399703E+00 -8.574026940045E-01 -6.812798130177E-03 -7.603532073873E-01  3.906625992646E+00  1.389403862040E-02 -1.242224429965E-01  1.103284043756E-01 -7.271628943027E-02  2.864374907013E-03 -1.390922037872E-05 -3.281894724359E-06  7.571379184098E-07  1.589210664671E-01  1.390922040909E-05 -8.801552108968E-03 -1.854011420989E-20 -1.344620390861E-20 -4.115177250339E-20 -4.494523102518E-03
  2.315693441850E+02  2.341028843478E+02  2.199461162148E+01  6.988526106190E-14 -3.781307560677E-02  4.880928140220E+02  1.097279360905E+00  1.368242173280E+00 -8.522437904197E-01 -6.689542250273E-03 -8.223703011663E-01  3.886446407745E+00  1.169213056750E-02 -1.187828996740E-01  1.070907691072E-01 -7.124878189594E-02  3.013684504255E-03  3.722035606962E-06 -1.963632537719E-06  1.644390763999E-06  1.548659210538E-01 -3.722035632618E-06 -8.746505300290E-03 -2.191009430688E-20 -2.553165553740E-20 -5.295022272494E-20 -4.409638905717E-03
  2.366364245106E+02  2.392459708782E+02  2.204373540608E+01  6.877386478597E-14 -4.062668925621E-02  4.902003110539E+02  1.096262105954E+00  1.365460915497E+00 -8.468194793227E-01 -6.560935331267E-03 -8.858030818372E-01  3.865700240900E+00  9.482917785685E-03 -1.131574700631E-01  1.036745522774E-01 -6.989045414466E-02  3.116591078979E-03  1.137607803470E-05 -1.393961653004E-06 -1.173697141878E-07  1.504957638226E-01 -1.137607801483E-05 -9.379552026205E-03 -2.502532983363E-20 -2.452189034092E-20 -4.254994049617E-20 -4.326918484003E-03
  2.418555172459E+02  2.445433500046E+02  2.209284207101E+01  6.609223498349E-14 -4.395926132484E-02  4.923120949725E+02  1.095231246505E+00  1.362838586930E+00 -8.413029879588E-01 -6.451817993198E-03 -9.620698832739E-01  3.845558217335E+00  7.060154367375E-03 -1.072626393370E-01  1.002024849699E-01 -6.846048622050E-02  3.359057045234E-03 -7.120568335650E-06 -3.221386915837E-06  5.672073057225E-07  1.457700056885E-01  7.120568286474E-06 -9.708199219406E-03 -4.985854566326E-20 -1.688669452375E-20 -5.830864496937E-20 -4.228302930094E-03
  2.472311827633E+02  2.499996505047E+02  2.214166588510E+01  6.287753882376E-14 -4.717320930074E-02  4.944150900935E+02  1.094055671374E+00  1.361651587952E+00 -8.356035133498E-01 -6.309738706875E-03 -1.034608104659E+00  3.830496430788E+00  4.464558802699E-03 -1.011781308173E-01  9.671357201457E-02 -6.700222689732E-02  3.303852885878E-03 -9.662337241480E-06 -4.570747644167E-06  6.989094241369E-06  1.425709866886E-01  9.662337212992E-06 -8.990716214168E-03 -1.778088048105E-20 -1.079656609194E-20 -3.475835759703E-20 -4.166599956372E-03
  2.527681182462E+02  2.556196400198E+02  2.219147713248E+01  6.051237780534E-14 -5.017161401801E-02  4.965638164244E+02  1.092744056742E+00  1.360717616098E+00 -8.296847825889E-01 -6.142116356079E-03 -1.100761170587E+00  3.817509923815E+00  2.057685254744E-03 -9.533871369275E-02  9.328102843782E-02 -6.641517525164E-02  3.409790258190E-03 -2.078460638170E-06 -4.362053914215E-06  8.371764872016E-06  1.398236272248E-01  2.078460606849E-06 -8.243254036780E-03 -4.023999183109E-20 -1.146265863785E-20 -3.415291971459E-20 -4.119792413029E-03
  2.584711617935E+02  2.614082292204E+02  2.224134059061E+01  5.964251980027E-14 -5.302706041940E-02  4.987182761170E+02  1.091336137083E+00  1.359852130220E+00 -8.236273261751E-01 -6.014145591952E-03 -1.163097212239E+00  3.803765227908E+00 -1.751090724402E-04 -8.907371881075E-02  8.924882788362E-02 -6.543177228340E-02  3.433700229237E-03  5.216629081731E-09 -4.146886962950E-06 -5.264035752851E-07  1.366960135673E-01 -5.216635331430E-09 -7.321766363000E-03 -3.950011598165E-21 -1.250985953111E-20 -2.320349318721E-20 -4.070902103787E-03
  2.643452966473E+02  2.673704760971E+02  2.229185835873E+01  5.951892277645E-14 -5.555095962822E-02  5.009056236652E+02  1.089792593698E+00  1.359044542992E+00 -8.174263956524E-01 -5.817631954457E-03 -1.219327142380E+00  3.792390788330E+00 -2.177902449401E-03 -8.298107258470E-02  8.515897503452E-02 -6.482924893424E-02  3.240993954560E-03 -3.863402535848E-06 -4.221265040293E-06 -1.343902359471E-06  1.331293006203E-01  3.863402497712E-06 -7.268621758211E-03 -3.854073624172E-20 -2.659611838355E-20 -2.183810120541E-20 -4.011371789376E-03
  2.703956555468E+02  2.735115903800E+02  2.234201378984E+01  5.919920948126E-14 -5.853022098153E-02  5.030824801215E+02  1.088042815051E+00  1.358580826426E+00 -8.110371760444E-01 -5.653227468093E-03 -1.286446944900E+00  3.785474896152E+00 -4.342862101969E-03 -7.680355613241E-02  8.114641823476E-02 -6.365993296526E-02  3.529211020275E-03 -3.036794156572E-06 -3.502959189887E-06 -1.526367878132E-06  1.299211717559E-01  3.036794129148E-06 -8.781254078839E-03 -6.063453441851E-20 -2.471814078074E-20 -2.451462813636E-20 -3.979629646264E-03
  2.766275252132E+02  2.798369380914E+02  2.239304909182E+01  5.887190127757E-14 -6.238422037183E-02  5.053001689878E+02  1.086201102710E+00  1.358480489337E+00 -8.044090065411E-01 -5.486466146582E-03 -1.374096902124E+00  3.779801453452E+00 -6.453425329685E-03 -7.082475790474E-02  7.727818323387E-02 -6.361435299836E-02  4.003229027636E-03  2.202452980952E-06 -2.479649596927E-06  1.728534200192E-06  1.265809896009E-01 -2.202453018464E-06 -1.093512639550E-02 -3.836733724382E-20 -1.525377177223E-20 -3.223387857413E-22 -3.933437438027E-03
  2.830463509696E+02  2.863520462341E+02  2.244358811445E+01  6.060111931947E-14 -6.730420181768E-02  5.075002877005E+02  1.084419901460E+00  1.360062709383E+00 -7.976504925368E-01 -5.199206903953E-03 -1.485209282026E+00  3.774168852668E+00 -8.723363659898E-03 -6.467606108173E-02  7.339942474133E-02 -6.228498489203E-02  4.595811615788E-03 -2.292263434214E-06 -2.460786992546E-06  3.416350951102E-06  1.226979368254E-01  2.292263459604E-06 -1.120159493632E-02 -2.221214523597E-20 -1.163773735815E-20 -6.263499833355E-21 -3.880486817353E-03
  2.896577414987E+02  2.930626076211E+02  2.249446672904E+01  6.397287416240E-14 -7.164948039507E-02  5.097191629798E+02  1.082762662545E+00  1.362458680411E+00 -7.905410715752E-01 -4.916039183598E-03 -1.582692800030E+00  3.772613820323E+00 -1.092530614464E-02 -5.845633750881E-02  6.938164365335E-02 -6.176376603728E-02  4.062976291086E-03 -5.165184430306E-06 -2.310864849327E-06  1.818300103575E-06  1.191452137655E-01  5.165184459525E-06 -9.541351972524E-03 -2.606621669365E-20 -1.101543476141E-20  4.612350247263E-21 -3.827955379565E-03
  2.964674737436E+02  2.999744858498E+02  2.254502074608E+01  6.527984345213E-14 -7.542810726647E-02  5.119288367702E+02  1.081021345534E+00  1.364609050510E+00 -7.832622067269E-01 -4.633631779930E-03 -1.669552556136E+00  3.772958966584E+00 -1.314636648580E-02 -5.213632629516E-02  6.528269278089E-02 -6.084915010258E-02  3.634754056410E-03 -2.984912401198E-08 -1.678443899986E-06  2.212571360927E-06  1.167330471859E-01  2.984917944040E-08 -6.380590318223E-03 -6.155206254753E-21 -1.372608296148E-20 -2.117040118500E-20 -3.806982856689E-03
  3.034814979559E+02  3.070937204253E+02  2.259682948635E+01  6.381528002789E-14 -7.723077748680E-02  5.141989666066E+02  1.078943566419E+00  1.367047225658E+00 -7.756873809664E-01 -4.359440423953E-03 -1.712793210998E+00  3.778314053238E+00 -1.528028964783E-02 -4.566704776162E-02  6.094733740959E-02 -6.104782646586E-02  2.493550870287E-03 -5.416685303702E-07 -1.362928910018E-06  9.968806085671E-07  1.162699442651E-01  5.416685134462E-07 -3.302305218018E-03 -5.865241472170E-20 -3.279722640510E-20  2.202938570725E-21 -3.820502095590E-03
  3.107059428946E+02  3.144265320380E+02  2.265002958931E+01  5.957722943456E-14 -7.838665804317E-02  5.165366530717E+02  1.076227488839E+00  1.366307488521E+00 -7.678692683912E-01 -4.127018241927E-03 -1.743811838031E+00  3.791734178034E+00 -1.741655377815E-02 -3.930891119926E-02  5.672546497730E-02 -6.131236160434E-02  1.964022887874E-03  2.419492796691E-06 -9.056571490764E-07 -5.024931523469E-06  1.165453412890E-01 -2.419492805874E-06 -1.788572463440E-03 -4.401256935890E-20  1.037725556003E-21 -1.779803106965E-20 -3.860423958608E-03
  3.181471211814E+02  3.219793279992E+02  2.270525918802E+01  5.278112755885E-14 -7.887698376877E-02  5.189725525531E+02  1.072653720098E+00  1.365803771537E+00 -7.596535992096E-01 -3.852397312427E-03 -1.761112025206E+00  3.808844837449E+00 -1.963461057084E-02 -3.294338034086E-02  5.257799091123E-02 -6.229248624835E-02  1.136470944037E-03  5.676507025720E-06 -5.373851590304E-07 -1.783762938421E-06  1.170439139864E-01 -5.676507079838E-06 -9.187402371727E-04 -2.686498739845E-20 -3.487556818164E-20  1.928456270980E-21 -3.913455257196E-03
  3.258115348169E+02  3.297587078391E+02  2.276220558459E+01  4.782956958734E-14 -7.925607304456E-02  5.214929283022E+02  1.068558762740E+00  1.366872678647E+00 -7.513332274280E-01 -3.650462426061E-03 -1.775903305681E+00  3.830188450367E+00 -2.144383231829E-02 -2.672967120200E-02  4.817350351949E-02 -6.293703223979E-02  1.174378002684E-03  3.974809143857E-06 -7.483920019657E-07  1.224786451025E-06  1.169794181995E-01 -3.974809118132E-06 -4.214801265357E-04  4.444958130577E-21 -3.495125991712E-20  1.902810663744E-22 -3.958286335888E-03
  3.337058808614E+02  3.377714690743E+02  2.282070834588E+01  4.331458802742E-14 -7.928021599487E-02  5.240882821416E+02  1.064246839051E+00  1.368093679948E+00 -7.425127058289E-01 -3.624023095551E-03 -1.782681767827E+00  3.849503524331E+00 -2.347086048133E-02 -2.068245281218E-02  4.415331329283E-02 -6.374260907243E-02  1.041575152269E-03  2.102365020552E-06 -1.582338840830E-06  1.929547242262E-06  1.170327077871E-01 -2.102365060859E-06  4.404526387723E-04  2.048920381307E-20 -1.237518908538E-20  1.000374819019E-20 -4.005102082425E-03
  3.418370572872E+02  3.460246131465E+02  2.288115034800E+01  3.700220309553E-14 -7.880504542764E-02  5.267796943280E+02  1.059454919214E+00  1.365571749337E+00 -7.335593305265E-01 -3.390573853736E-03 -1.778351763263E+00  3.872939514210E+00 -2.528086890096E-02 -1.454188651403E-02  3.982275541497E-02 -6.460524535149E-02  6.265831205886E-04  2.097371182065E-06 -2.593358993340E-06  6.709270816879E-07  1.176080961816E-01 -2.097371179321E-06  2.613340398849E-04 -2.170871042317E-20 -2.089236991691E-20  5.014938207816E-21 -4.069045258783E-03
  3.502121690058E+02  3.545253515409E+02  2.294383359565E+01  3.166662707517E-14 -7.901481058036E-02  5.295786998011E+02  1.054211405234E+00  1.360330661765E+00 -7.243226264680E-01 -3.582962329591E-03 -1.788841214428E+00  3.900983691785E+00 -2.707626284672E-02 -8.305996094873E-03  3.538225894195E-02 -6.558948266631E-02  1.119495369450E-03  1.858082796144E-06 -2.470249536891E-06  2.252387845837E-07  1.180397445075E-01 -1.858082834453E-06 -8.389729524050E-04 -3.661006843634E-20 -1.655202306735E-20  2.758690957069E-20 -4.132649078492E-03
  3.588385340760E+02  3.632811120872E+02  2.300842355580E+01  2.816224221417E-14 -7.971102183317E-02  5.324742079413E+02  1.048548038485E+00  1.355947339312E+00 -7.147891465850E-01 -3.372714790770E-03 -1.809892971190E+00  3.927703847302E+00 -2.903991587023E-02 -1.841908176630E-03  3.088182404661E-02 -6.662121213249E-02  1.351681648335E-03  4.468415543662E-06 -1.984625055525E-06 -8.853280595065E-07  1.169788376060E-01 -4.468415517470E-06 -1.394856481904E-03 -4.096541763478E-20 -3.947607519535E-20  8.587125910016E-21 -4.170319174491E-03
  3.677236900983E+02  3.722995454498E+02  2.307373075421E+01  2.643249623809E-14 -8.056023992804E-02  5.354110727951E+02  1.042300907544E+00  1.351991967004E+00 -7.048785357984E-01 -3.549516295570E-03 -1.833038573602E+00  3.959815634752E+00 -3.071182746468E-02  4.656772173664E-03  2.605505529091E-02 -6.696525591093E-02  1.538025273603E-03 -5.117152884145E-07 -1.607843100258E-06 -4.039305660193E-06  1.176555761060E-01  5.117152756587E-07 -1.507507320571E-03  1.378103636946E-20 -2.496011875024E-20  2.698149707442E-20 -4.251480828901E-03
  3.768754008012E+02  3.815885318133E+02  2.314299917224E+01  2.513377179991E-14 -8.143732097343E-02  5.385380318947E+02  1.034849902520E+00  1.345714688227E+00 -6.946311637117E-01 -3.369178694299E-03 -1.856218034119E+00  3.996848432410E+00 -3.230753695708E-02  1.079550625370E-02  2.151203070385E-02 -6.928765047383E-02  1.248695853539E-03 -4.857823431701E-07 -3.110579906232E-07 -4.054211324860E-07  1.192715449715E-01  4.857823657727E-07 -1.324133331588E-03 -2.685278948080E-21 -1.051439310057E-20  2.635090914396E-20 -4.363257204305E-03
  3.863016628253E+02  3.911561877677E+02  2.321425892526E+01  2.382318156404E-14 -8.212038501884E-02  5.417706915500E+02  1.025888723155E+00  1.340413468077E+00 -6.838372478579E-01 -3.392630186179E-03 -1.876146517740E+00  4.034165207377E+00 -3.400514172261E-02  1.657341558186E-02  1.743172614071E-02 -7.027995766146E-02  9.856076157700E-04 -4.826620981566E-07  1.232634931754E-06  1.540156260019E-06  1.198286432463E-01  4.826621029231E-07 -1.417453719041E-03 -3.284322902899E-21 -1.684389288226E-20  4.828702727953E-20 -4.427464243971E-03
  3.960107127100E+02  4.010108734007E+02  2.328842225771E+01  2.273994071748E-14 -8.314845774475E-02  5.451511620553E+02  1.015497975848E+00  1.331190351947E+00 -6.731038751070E-01 -3.160592262866E-03 -1.902785720792E+00  4.082383218526E+00 -3.583643405398E-02  2.287542314510E-02  1.296101090835E-02 -7.147422476399E-02  1.024232529338E-03  2.114699936654E-06  2.244396078573E-06  1.986454896900E-06  1.206525488745E-01 -2.114699911829E-06 -1.025427463736E-03  1.532130655488E-20 -8.843956337996E-21  3.540538716408E-20 -4.520069498672E-03
  4.060110340913E+02  4.111611996027E+02  2.336506572021E+01  2.050403972766E-14 -8.340128648228E-02  5.486555039435E+02  1.003855867584E+00  1.321610165816E+00 -6.616432905420E-01 -3.179758964171E-03 -1.913024052344E+00  4.131712701424E+00 -3.727925957445E-02  2.849170889203E-02  8.787550682507E-03 -7.310484085409E-02  6.157705149777E-04  6.690142783088E-07  3.056242744981E-06  1.474723959620E-07  1.200962690079E-01 -6.690143132654E-07 -8.688627219372E-04 -7.376824587387E-21 -1.860075808765E-20  4.371239735591E-20 -4.589058395157E-03
  4.163113651141E+02  4.216160355908E+02  2.344306933256E+01  1.736921919950E-14 -8.427017943922E-02  5.522365521273E+02  9.910966358677E-01  1.310828759070E+00 -6.500711306372E-01 -3.075126956222E-03 -1.937780330274E+00  4.186459554098E+00 -3.912406808038E-02  3.435251185384E-02  4.771556226229E-03 -7.375076848424E-02  9.494948597787E-04 -1.562577286387E-06  3.033328254390E-06  1.393458804658E-06  1.208096767495E-01  1.562577257762E-06 -1.436063603630E-03 -4.084679440783E-21  2.013959741692E-21  2.909758815517E-20 -4.661670346850E-03
  4.269207060675E+02  4.323845166585E+02  2.352530727225E+01  1.570248849928E-14 -8.528211590904E-02  5.560312364975E+02  9.773728085267E-01  1.297397894591E+00 -6.379100805353E-01 -2.941037835426E-03 -1.967552243764E+00  4.243029590626E+00 -4.093069358803E-02  4.002112759842E-02  9.095659888412E-04 -7.544645404800E-02  1.316981269868E-03 -7.254009069220E-06  1.503791828827E-06  2.223915374605E-06  1.211279547509E-01  7.254009057192E-06 -2.701347211399E-03  6.593849220947E-21 -1.511591706155E-20  3.495524336664E-20 -4.724036563101E-03
  4.378483272495E+02  4.434760521583E+02  2.360851239653E+01  1.497965235649E-14 -8.793664242040E-02  5.598824180939E+02  9.624261875579E-01  1.287985660063E+00 -6.254884646488E-01 -2.894421032271E-03 -2.036325062178E+00  4.307586416090E+00 -4.238574599767E-02  4.560634639901E-02 -3.220600401864E-03 -7.590695642085E-02  2.128886707036E-03 -6.176783748628E-06 -1.494897473133E-07 -1.566929168082E-06  1.208933129661E-01  6.176783761512E-06 -5.051899252064E-03  2.153833377842E-20 -1.402500077456E-20  5.343316720451E-20 -4.780329860661E-03
  4.491037770670E+02  4.549003337230E+02  2.369537392410E+01  1.272343139412E-14 -9.239124555753E-02  5.639240641164E+02  9.456972812618E-01  1.276755835417E+00 -6.125223528298E-01 -2.773871303902E-03 -2.152084335944E+00  4.374036620342E+00 -4.363420612638E-02  5.091026208517E-02 -7.276055958939E-03 -7.730999463852E-02  2.876690898699E-03 -2.927071018964E-06 -1.168513411481E-06 -3.957807465823E-06  1.212303991698E-01  2.927070995028E-06 -6.151293435125E-03  1.584527738306E-20 -9.077232366414E-21  6.450142412778E-20 -4.873552752429E-03
  4.606968903790E+02  4.666673437347E+02  2.378417721398E+01  1.062392043551E-14 -9.686128139625E-02  5.680687372146E+02  9.275043054898E-01  1.265811446371E+00 -5.994520002637E-01 -2.925175751873E-03 -2.271684059486E+00  4.438529306276E+00 -4.494996501832E-02  5.612858284041E-02 -1.117861782124E-02 -7.862938176546E-02  2.545878023185E-03 -4.049879488891E-06 -2.430684244154E-06 -3.227789975510E-06  1.208426025447E-01  4.049879495607E-06 -6.885745624187E-03  2.652888279622E-20 -1.406070214568E-20  5.253806401261E-20 -4.954318733277E-03
  4.726377970904E+02  4.787873640468E+02  2.387572521120E+01  9.025323601900E-15 -1.026739842538E-01  5.723626633977E+02  9.080981462606E-01  1.250316030084E+00 -5.854740725474E-01 -2.824658577510E-03 -2.423372643472E+00  4.496412693818E+00 -4.639203271138E-02  6.094222797399E-02 -1.455019526212E-02 -7.958473783907E-02  3.212950454864E-03 -1.513109264735E-06 -2.595873558585E-06 -2.532394725785E-07  1.200661789955E-01  1.513109239574E-06 -8.614212131698E-03  4.199065157743E-22 -8.320506430179E-21  7.665983753729E-20 -4.968491684230E-03
  4.849369310031E+02  4.912709849682E+02  2.396874826005E+01  8.698054718611E-15 -1.100869428283E-01  5.767410325086E+02  8.876408339088E-01  1.237579875698E+00 -5.714328499062E-01 -2.769138515035E-03 -2.613889081405E+00  4.565747853249E+00 -4.713898358277E-02  6.561467992312E-02 -1.847569634005E-02 -7.984229863277E-02  4.302517923761E-03 -1.846550870532E-06 -2.280755078103E-06  2.673263913239E-06  1.199401219121E-01  1.846550941218E-06 -9.053953733934E-03  2.215179897206E-20  8.315545898049E-22  7.397981537665E-20 -5.039432261623E-03
  4.976050389332E+02  5.041291145172E+02  2.406565643002E+01  1.040917670346E-14 -1.169902755981E-01  5.813299746452E+02  8.663872256685E-01  1.220441278288E+00 -5.565943553161E-01 -2.623399144555E-03 -2.789615404518E+00  4.637951926140E+00 -4.814232550549E-02  6.986104835741E-02 -2.171872285094E-02 -8.102823323291E-02  4.310892191984E-03 -5.483275785065E-06 -3.511180829318E-06  2.438098270514E-06  1.181089728686E-01  5.483275741197E-06 -9.658047447547E-03  4.106214723563E-20 -8.048111936026E-21  9.694882610848E-20 -5.024438286374E-03
  5.106531901012E+02  5.173729879527E+02  2.416138597393E+01  1.112281693254E-14 -1.258595504457E-01  5.858769733912E+02  8.445357141864E-01  1.204749377063E+00 -5.417896077468E-01 -2.936898352632E-03 -3.014453948428E+00  4.720369135593E+00 -4.915119528591E-02  7.409480793017E-02 -2.494361264465E-02 -7.979184881390E-02  5.480771505867E-03 -6.933737054742E-06 -4.290856749041E-06  7.030301991708E-06  1.145729305173E-01  6.933737088209E-06 -1.099776630264E-02  2.756651006124E-20 -1.252873736165E-20  8.458222647576E-20 -4.988322725090E-03
  5.240927858042E+02  5.310141775913E+02  2.425812522491E+01  1.186616025347E-14 -1.355003693931E-01  5.904891814418E+02  8.224121576304E-01  1.186583681105E+00 -5.260713242715E-01 -2.773758620729E-03 -3.257888933348E+00  4.800916945482E+00 -5.030258464364E-02  7.823584720053E-02 -2.793326255627E-02 -8.010998914353E-02  5.926068679077E-03 -3.964095554161E-06 -3.759210356994E-06  5.778705155472E-06  1.126194177851E-01  3.964095580085E-06 -1.042082258392E-02  3.908734661225E-20 -2.895124330093E-21  1.047293806236E-19 -5.010787471910E-03
  5.379355693784E+02  5.450646029190E+02  2.435625766151E+01  1.409419311584E-14 -1.438896406465E-01  5.951854966401E+02  8.006013249303E-01  1.161859580605E+00 -5.100302963840E-01 -2.755197120054E-03 -3.472874631918E+00  4.869806502582E+00 -5.049426119840E-02  8.116250717108E-02 -3.066824597323E-02 -8.034588752028E-02  4.907633346917E-03  1.278694241413E-06 -3.738023986894E-06  2.910981913022E-06  1.123594828109E-01 -1.278694207067E-06 -9.301178437521E-03  4.378953807976E-20  1.136250024766E-20  1.129003182822E-19 -5.034587659478E-03
  5.521936364597E+02  5.595365410066E+02  2.445836553145E+01  1.575860318972E-14 -1.520765891325E-01  6.001001449688E+02  7.791383559328E-01  1.133981489417E+00 -4.934615740698E-01 -2.783626216209E-03 -3.686993042419E+00  4.936758268091E+00 -5.007126943351E-02  8.298018921196E-02 -3.290891977896E-02 -8.058518825124E-02  4.509638258660E-03 -2.182245372243E-08 -4.418016060563E-06  4.730266903786E-06  1.109544812290E-01  2.182244460816E-08 -9.077151026010E-03  4.303090737189E-20 -5.700795055049E-21  1.103795114646E-19 -5.008043003519E-03
  5.668794455535E+02  5.743794455535E+02  2.455993271985E+01  1.621074252843E-14 -1.605573210944E-01  6.050079268565E+02  7.587553181753E-01  1.102987503821E+00 -4.761865858529E-01 -2.758738247675E-03 -3.904801432193E+00  4.969892629115E+00 -4.950576895937E-02  8.396372099256E-02 -3.445795203370E-02 -7.936675074555E-02  4.753339650151E-03  6.836718342692E-07 -4.239960111990E-06  1.973102077164E-06  1.092828544839E-01 -6.836717933389E-07 -9.668005453479E-03  3.303851114538E-20 -1.132997798030E-20  9.584468868239E-20 -4.971218176307E-03
  5.818794455535E+02  5.893794455535E+02  2.466330543702E+01  1.597287160755E-14 -1.701788720985E-01  6.100306559208E+02  7.403450769508E-01  1.071666784080E+00 -4.593118860720E-01 -2.617032753456E-03 -4.154786047043E+00  4.904726553198E+00 -4.875410659106E-02  8.232086075384E-02 -3.356675416191E-02 -7.847784098088E-02  5.317109218619E-03  1.408739335615E-07 -3.474151891825E-06  2.023514699296E-06  1.081368979099E-01 -1.408739359794E-07 -1.038861051481E-02  5.017838025741E-21 -2.404954316114E-21  1.142140878299E-19 -4.808973058273E-03
  5.968794455535E+02  6.043794455535E+02  2.476273993695E+01  1.387552370456E-14 -1.800300520388E-01  6.148823372222E+02  7.232585843048E-01  1.039117250652E+00 -4.418988318237E-01 -2.739808128319E-03 -4.410369361314E+00  4.826274637007E+00 -4.754072712559E-02  7.998669689920E-02 -3.244596977346E-02 -7.514315862575E-02  5.346200630746E-03  1.518223259762E-06 -3.417782779047E-06  3.736614925529E-06  1.050522156639E-01 -1.518223234948E-06 -9.416872316255E-03  4.333046446152E-20  2.344021894777E-21  1.194306120714E-19 -4.632910054654E-03
  6.118794455535E+02  6.193794455535E+02  2.486028726598E+01  1.215822516450E-14 -1.878768532712E-01  6.196606367112E+02  7.059349603635E-01  1.007064783133E+00 -4.250905205842E-01 -2.430612853387E-03 -4.615956234612E+00  4.754467337753E+00 -4.596411816400E-02  7.780469165027E-02 -3.184057348628E-02 -7.315493606864E-02  4.325985993579E-03 -1.959848901489E-06 -3.706464117406E-06  3.033616478714E-06  1.022701221191E-01  1.959848877645E-06 -8.183285182563E-03  3.059133483988E-20 -4.790849671800E-21  1.335665113963E-19 -4.484290683855E-03
  6.268794455535E+02  6.343794455535E+02  2.495447365202E+01  1.161210548290E-14 -1.954072620160E-01  6.242938134230E+02  6.875679748364E-01  9.790380622812E-01 -4.080031501415E-01 -2.708823325329E-03 -4.817396130291E+00  4.663977759658E+00 -4.484842553472E-02  7.559818551741E-02 -3.074975998283E-02 -7.004100729288E-02  4.036874414914E-03  2.158905753435E-06 -3.784101830950E-06  4.641466119735E-06  9.899587081470E-02 -2.158905770978E-06 -7.424595751093E-03  2.093968691815E-20  1.372350319203E-20  1.294773054741E-19 -4.293709419865E-03
  6.418794455535E+02  6.493794455535E+02  2.504589910704E+01  1.110595299897E-14 -2.017999099343E-01  6.288065508326E+02  6.681674001070E-01  9.508838925557E-01 -3.911368505808E-01 -2.332358158789E-03 -4.995942088642E+00  4.590039152460E+00 -4.350442598774E-02  7.376898511669E-02 -3.026455912910E-02 -6.767517111172E-02  3.759354046816E-03  2.910768930324E-06 -3.751088370670E-06  6.734630006127E-06  9.684078550366E-02 -2.910768932215E-06 -6.449023943132E-03  1.210228524870E-20  5.599792152788E-21  1.090830340340E-19 -4.157321198631E-03
  6.568794455535E+02  6.643794455535E+02  2.513604415310E+01  1.145442544345E-14 -2.074971385733E-01  6.332761248047E+02  6.484623387094E-01  9.230533489806E-01 -3.740842144017E-01 -2.479578254265E-03 -5.162514049338E+00  4.492736653766E+00 -4.195876596320E-02  7.102812299835E-02 -2.906935703499E-02 -6.511955599064E-02  3.187187765521E-03  3.244083705811E-06 -4.093930286985E-06  2.818753468523E-06  9.527055509349E-02 -3.244083695164E-06 -5.232209836673E-03  1.505225875000E-20  5.188586346364E-21  1.113880312649E-19 -3.992026507628E-03
  6.718794455535E+02  6.793794455535E+02  2.522451648065E+01  1.211639593317E-14 -2.116078884333E-01  6.376797940034E+02  6.285834149272E-01  8.927596314370E-01 -3.573119641017E-01 -2.125474044426E-03 -5.289886790705E+00  4.397760561965E+00 -4.092798705380E-02  6.891259398357E-02 -2.798460692954E-02 -6.252510866273E-02  2.597636511094E-03  4.431736940638E-06 -4.975749320291E-06  4.283923280942E-06  9.196837694056E-02 -4.431736923232E-06 -4.955255547194E-03  1.754510321712E-20  1.638987738952E-20  1.045262346236E-19 -3.811624324461E-03
  6.868794455535E+02  6.943794455535E+02  2.530848600234E+01  1.181828166869E-14 -2.167722460541E-01  6.418722231890E+02  6.091254834726E-01  8.610862330428E-01 -3.405531171787E-01 -2.049819408055E-03 -5.441447848466E+00  4.309047889390E+00 -3.985307565146E-02  6.671484087684E-02 -2.686176522543E-02 -5.932930492863E-02  2.400479302432E-03  2.191235171573E-06 -5.313460508254E-06  3.365364856791E-06  8.766535264879E-02 -2.191235173307E-06 -3.730736932496E-03  8.278184386531E-21  1.761860179092E-20  1.042371689525E-19 -3.607424156848E-03
  7.018794455535E+02  7.093794455535E+02  2.538889563458E+01  9.362875672975E-15 -2.185656596566E-01  6.458959393398E+02  5.903642562044E-01  8.292981149251E-01 -3.238397122821E-01 -1.991008109196E-03 -5.506675517525E+00  4.226915399564E+00 -3.863457817679E-02  6.479248431525E-02 -2.615790613811E-02 -5.636783168318E-02  1.114091631195E-03 -1.615456041295E-06 -4.684233729744E-06  6.166832168087E-06  8.526699477730E-02  1.615455997489E-06 -1.880639772977E-03  1.158410495615E-20  2.621338032081E-20  1.018447104102E-19 -3.469667909808E-03
  7.168794455535E+02  7.243794455535E+02  2.546834797575E+01  6.083091821062E-15 -2.202492601182E-01  6.498859519408E+02  5.719509588543E-01  7.984601711319E-01 -3.070145424518E-01 -1.795810309301E-03 -5.566613932684E+00  4.152668767427E+00 -3.719999262813E-02  6.265859749504E-02 -2.545860486674E-02 -5.470602728263E-02  8.020331783924E-04 -2.990901704323E-06 -4.040473735331E-06  6.808491345071E-06  8.440426858329E-02  2.990901695882E-06 -2.474575696486E-03  6.834855918422E-21  1.604736824527E-20  1.114103096254E-19 -3.373589475633E-03
  7.318794455535E+02  7.393794455535E+02  2.554713362583E+01  3.434676317231E-15 -2.231916364727E-01  6.538563956318E+02  5.532161746928E-01  7.713580443033E-01 -2.903996617549E-01 -1.909294473096E-03 -5.659998159715E+00  4.073168162330E+00 -3.581026712614E-02  6.053017293855E-02 -2.471990581269E-02 -5.297435336566E-02  1.321283853379E-03 -1.579724542855E-06 -2.964567909863E-06  2.941048593579E-06  8.270729881196E-02  1.579724553698E-06 -2.723743770383E-03 -5.005245421270E-22  2.242518443421E-20  9.820270190709E-20 -3.242762877537E-03
  7.468794455535E+02  7.543794455535E+02  2.562343196157E+01  1.301475854171E-15 -2.253758755900E-01  6.577130068945E+02  5.336544549907E-01  7.455102999759E-01 -2.737320038133E-01 -1.650169291458E-03 -5.735928025590E+00  3.997167212031E+00 -3.474363421640E-02  5.879066224585E-02 -2.404702802998E-02 -5.075225088423E-02  1.184847357843E-03  3.226911467916E-07 -2.400912474459E-06  3.297293100869E-06  8.035759709892E-02 -3.226911493186E-07 -2.605762952625E-03 -2.128492665628E-20  2.202292770846E-20  9.667758494087E-20 -3.104103547705E-03
  7.618794455535E+02  7.693794455535E+02  2.569782918813E+01  9.815926283602E-16 -2.281037082137E-01  6.614873896891E+02  5.135233054371E-01  7.146019228566E-01 -2.572567450387E-01 -1.665144745828E-03 -5.823444283886E+00  3.919616853043E+00 -3.409328763074E-02  5.673656791362E-02 -2.264328028263E-02 -4.842152015230E-02  1.799938748030E-03 -6.205244313948E-07 -2.872183539022E-06  3.968303534017E-06  7.666627441537E-02  6.205244189281E-07 -3.327435359028E-03 -5.570617961099E-21  2.092067742988E-20  9.763586111938E-20 -2.910986462782E-03
  7.768794455535E+02  7.843794455535E+02  2.576718411468E+01  2.626032330680E-15 -2.316399387707E-01  6.650169372609E+02  4.924863883767E-01  6.884956367927E-01 -2.406374838056E-01 -1.531825740284E-03 -5.934072460039E+00  3.832732305298E+00 -3.321306421996E-02  5.479436324184E-02 -2.158129902144E-02 -4.457709117779E-02  1.898383899110E-03 -6.519710438909E-07 -2.885393918003E-06  3.666803047096E-06  7.179737554924E-02  6.519710489992E-07 -2.076266490634E-03 -1.658128663871E-20  1.802495471373E-20  9.171439225489E-20 -2.676020770136E-03
  7.918794455535E+02  7.993794455535E+02  2.583242690807E+01  5.671931181925E-15 -2.319988606886E-01  6.683468693781E+02  4.702952037740E-01  6.633123792608E-01 -2.241552057017E-01 -1.238632426239E-03 -5.961399506856E+00  3.751515688985E+00 -3.234171514051E-02  5.295745837943E-02 -2.061574323928E-02 -4.097284860631E-02  1.230824312815E-03 -1.006505424443E-06 -2.398742106189E-06  3.575945110731E-06  6.792169034159E-02  1.006505470152E-06 -1.533378960976E-03 -2.333748022296E-20  1.860155610636E-20  7.188842151317E-20 -2.469839976549E-03
  8.068794455535E+02  8.143794455535E+02  2.589451642787E+01  8.506079774278E-15 -2.345039574852E-01  6.715212547089E+02  4.466729519901E-01  6.418837277730E-01 -2.074006838608E-01 -1.172984010236E-03 -6.041417999449E+00  3.672852179934E+00 -3.142581824267E-02  5.109433987474E-02 -1.966852163216E-02 -3.814082587727E-02  1.765693972375E-03 -9.242229675188E-07 -1.002707745600E-06  4.380070987550E-06  6.400201884514E-02  9.242229891461E-07 -2.728212327891E-03 -2.683808702479E-21  1.289549524156E-20  1.035861548635E-19 -2.294969016216E-03
  8.218794455535E+02  8.293794455535E+02  2.595243627627E+01  9.352572906306E-15 -2.371104652988E-01  6.744931293484E+02  4.216643121484E-01  6.180409720707E-01 -1.907746226304E-01 -9.901185169176E-04 -6.121774361553E+00  3.592249225943E+00 -3.029167522060E-02  4.951097678861E-02 -1.921930156850E-02 -3.500186885899E-02  1.797330471051E-03 -3.104173649751E-07  4.633432527797E-07  2.949278816986E-07  5.920522728992E-02  3.104173763631E-07 -2.489935559513E-03 -9.859843487802E-21  1.461114284146E-20  9.444180702804E-20 -2.079754290739E-03
  8.368794455535E+02  8.443794455535E+02  2.600554019779E+01  1.045720773609E-14 -2.391850427741E-01  6.772248052487E+02  3.954368852947E-01  5.959539773430E-01 -1.739857822554E-01 -8.407684823092E-04 -6.189152060704E+00  3.518541590472E+00 -2.925182945779E-02  4.797440408382E-02 -1.872257462618E-02 -3.183163873468E-02  1.740330210264E-03 -8.660791915403E-08  8.392003193730E-07 -8.944265210357E-07  5.574975983474E-02  8.660792888512E-08 -3.328862243510E-03  1.167344862745E-20  1.786397757740E-20  9.741482223462E-20 -1.927825639465E-03
  8.518794455535E+02  8.593794455535E+02  2.605694843370E+01  1.267979278070E-14 -2.433591921741E-01  6.798752800010E+02  3.686527835386E-01  5.760160022901E-01 -1.574615385554E-01 -7.973513251118E-04 -6.308377146888E+00  3.448870715229E+00 -2.840472994215E-02  4.649695125119E-02 -1.809222130864E-02 -2.991375559677E-02  1.947104258588E-03  2.626360771385E-07  7.684742030356E-07 -2.229158974703E-07  5.272131078417E-02 -2.626360659390E-07 -3.997209335510E-03  2.168540098930E-21  2.034385599019E-20  1.089768695201E-19 -1.794640974839E-03
  8.668794455535E+02  8.743794455535E+02  2.610436594654E+01  1.331305732611E-14 -2.466694733601E-01  6.823256001148E+02  3.413337701855E-01  5.563315652740E-01 -1.405798917680E-01 -6.720620566605E-04 -6.404688298440E+00  3.372214401408E+00 -2.730878149054E-02  4.445937620847E-02 -1.715059471776E-02 -2.742832532565E-02  1.883238269417E-03  8.509004278269E-07  1.138857230993E-06  1.432709468181E-06  4.974852728030E-02 -8.509004726401E-07 -3.122039428641E-03  1.447535144747E-20  2.131980894884E-20  1.034597326815E-19 -1.663495790904E-03
  8.818794455535E+02  8.893794455535E+02  2.615024336746E+01  1.182411048413E-14 -2.492171156647E-01  6.846979454245E+02  3.129692763432E-01  5.368624209181E-01 -1.239892995990E-01 -4.466852839111E-04 -6.480305965339E+00  3.296892298066E+00 -2.623785345055E-02  4.267290717966E-02 -1.643505372943E-02 -2.579071736245E-02  1.504888172467E-03  1.005096022198E-06  1.523150713837E-06  2.450070901751E-06  4.747992690168E-02 -1.005096015367E-06 -3.849344281283E-03  1.532889810204E-20  1.159408629205E-20  1.084048283191E-19 -1.546637848608E-03
  8.968794455535E+02  9.043794455535E+02  2.619343178376E+01  8.814937278376E-15 -2.538956492605E-01  6.869348320459E+02  2.834605842515E-01  5.242820818849E-01 -1.072990363848E-01 -6.572637193471E-04 -6.611370487210E+00  3.235854135592E+00 -2.524548681233E-02  4.131217883799E-02 -1.606669202588E-02 -2.370462201410E-02  2.187415066312E-03  1.357671479270E-06  1.113991534521E-06  2.649722609765E-06  4.504865717986E-02 -1.357671507077E-06 -6.514315642491E-03  1.892838519617E-20  2.041258540767E-20  9.750821381220E-20 -1.441912468206E-03
  9.118794455535E+02  9.193794455535E+02  2.623472657296E+01  5.608186441283E-15 -2.614228828675E-01  6.890766601899E+02  2.526773657785E-01  5.154553721334E-01 -9.043324036713E-02 -4.758654700906E-04 -6.815210281247E+00  3.173882696608E+00 -2.442149807698E-02  3.975982313888E-02 -1.533832506173E-02 -2.247177022756E-02  2.610074109564E-03  2.042089083278E-06  6.336352862909E-07  1.468421673290E-06  4.443683202981E-02 -2.042089095835E-06 -9.348151961331E-03  5.584349444892E-21  1.390901067916E-20  1.075336645407E-19 -1.380896416501E-03
  9.268794455535E+02  9.343794455535E+02  2.627675552675E+01  4.743903729044E-15 -2.714156358397E-01  6.912664660594E+02  2.194447812608E-01  5.174890885548E-01 -7.375506992292E-02 -5.586106249676E-04 -7.084675491282E+00  3.115307290259E+00 -2.325629121160E-02  3.843000021293E-02 -1.517370900125E-02 -2.166535353471E-02  3.749812348351E-03  5.129715638470E-07  4.185808485181E-07  3.246113616072E-07  4.513944170424E-02 -5.129715380706E-07 -1.284781985392E-02  2.181038125391E-20  9.778825622786E-21  1.038914829263E-19 -1.325481024861E-03
  9.418794455535E+02  9.493794455535E+02  2.631936958836E+01  4.178733531077E-15 -2.855203825625E-01  6.934934085693E+02  1.817272446819E-01  5.230795029318E-01 -5.675147093927E-02 -5.965544457343E-04 -7.463893120134E+00  3.075062880213E+00 -2.294933993375E-02  3.705254649815E-02 -1.410320656473E-02 -2.069909567397E-02  4.462247140183E-03  2.210264559507E-07  6.880427047676E-08 -3.076631588997E-07  4.572646955993E-02 -2.210264478564E-07 -1.466378357941E-02  2.156559626931E-20  1.163272314357E-20  1.203221064927E-19 -1.276000285564E-03
  9.568794455535E+02  9.643794455535E+02  2.636248200395E+01  1.754791913629E-15 -2.989206115687E-01  6.957580811888E+02  1.373347315965E-01  5.408548944746E-01 -3.998488306754E-02 -5.892656722539E-04 -7.826659077835E+00  3.103056219925E+00 -2.245007101955E-02  3.653250535647E-02 -1.408243433702E-02 -2.060810261182E-02  4.653518519797E-03 -6.812688109034E-07 -1.911787465250E-07 -1.198210070456E-06  5.285716948479E-02  6.812688080951E-07 -1.442781563085E-02  3.021064362378E-20  4.028711351025E-21  1.409882382225E-19 -1.406707356510E-03
  9.718794455535E+02  9.793794455535E+02  2.641846390298E+01 -4.725528869396E-16 -3.125733054964E-01  6.987155890018E+02  8.345897873978E-02  5.794930321357E-01 -2.297507562745E-02 -3.343899868721E-04 -8.199696452365E+00  3.325265770525E+00 -2.326194116210E-02  4.052529222229E-02 -1.726335106027E-02 -2.536752107419E-02  5.026846726173E-03 -6.564330765138E-07 -5.749804170108E-07 -2.321595262509E-06  6.853184976192E-02  6.564330771208E-07 -1.515835962544E-02  4.525819189333E-20 -9.873819534481E-21  1.464071846189E-19 -1.899130501481E-03
  9.868794455535E+02  9.943794455535E+02  2.649097619089E+01 -5.561392365869E-16 -3.273421630925E-01  7.025975572905E+02  1.701007934592E-02  6.659649545369E-01 -6.759539690107E-03 -3.434740093239E-04 -8.606952965423E+00  3.315803180080E+00 -2.671979478407E-02  4.334856228703E-02 -1.662876750290E-02 -3.138076005634E-02  5.614985387850E-03 -3.154249951479E-06 -4.226488204962E-07 -1.273062297802E-06  3.867335033935E-02  3.154249960305E-06 -7.876202928295E-03  5.731912060732E-20 -7.120248155975E-21  1.413269135548E-19 -9.086378451585E-04
