                   y                  ym                   U                   V                   W                 U^2                 V^2                 W^2                  UV                  VW                  UW                VISC               SFSxx               SFSyy               SFSzz               SFSxy               SFSyz                dUdX                dVdX                dWdX                dUdY                dVdY                dWdY                dUdZ                dVdZ                dWdZ              SFSxym
 -4.000000000000E+00 -2.000000000000E+00  0.000000000000E+00  0.000000000000E+00  0.000000000000E+00  0.000000000000E+00  0.000000000000E+00  0.000000000000E+00  0.000000000000E+00  0.000000000000E+00  0.000000000000E+00  0.000000000000E+00  0.000000000000E+00  0.000000000000E+00  0.000000000000E+00  0.000000000000E+00  0.000000000000E+00  0.000000000000E+00  0.000000000000E+00  0.000000000000E+00  0.000000000000E+00  0.000000000000E+00  0.000000000000E+00  0.000000000000E+00  0.000000000000E+00  0.000000000000E+00  0.000000000000E+00
  2.220446049250E-16  2.000000000000E+00  1.149467863361E+01 -2.348949449301E-15 -2.617889058838E-01  1.368923483391E+02  1.157989921818E-01  1.658036511453E+00 -3.463975999126E-01 -5.431259514157E-03 -3.024770426938E+00  1.805278255194E+00 -3.788663505119E-03  2.289206161144E-02 -1.910339810535E-02 -1.079218347899E+01  1.511446556534E-01 -1.673623388669E-03 -1.675192039372E-04  6.967395703460E-05  5.130006741654E+01  1.673623388639E-03 -1.123495851237E+00  1.404608399798E-21  7.096620977190E-21  1.280916029872E-19 -3.531256464066E-02
  4.000000000000E+00  6.000000000000E+00  1.415571060893E+01 -6.093344578906E-15 -3.000795508919E-01  2.062837257131E+02  4.648238290486E-01  1.741054149627E+00 -7.438245187618E-01 -2.390585391418E-03 -4.309090071577E+00  8.630316020901E+00  6.551896549460E-01 -5.909516230265E-01 -6.423803192134E-02 -3.254290580571E+00 -1.297009190592E-01  3.612621837144E-04 -2.706176239741E-04  2.618367204502E-05  6.880364139190E+00 -3.612621837878E-04 -7.599423310496E-02 -2.138592550029E-20 -2.732678120637E-21  1.636886874210E-19 -2.183530698711E-01
  8.000000000000E+00  1.000000000000E+01  1.493420132113E+01 -7.412403011988E-15 -2.997973946566E-01  2.279817401834E+02  5.840416298134E-01  1.638737563777E+00 -7.111633747726E-01 -3.538023665686E-03 -4.540105100926E+00  9.061394227397E+00  3.255295311573E-01 -7.756723817744E-01  4.501428506187E-01 -1.587791076969E+00 -4.933479398293E-02  3.120104087485E-04 -1.586720667016E-04  1.048002476039E-05  3.054253253043E+00 -3.120104087747E-04  6.331844618362E-03 -5.968185832813E-20  1.059890668952E-20  6.808387191130E-20 -9.689450889523E-02
  1.200000000000E+01  1.400000000000E+01  1.568285067318E+01 -6.619873052505E-15 -2.968086722482E-01  2.508694225646E+02  6.516003841669E-01  1.607501486020E+00 -7.747748098319E-01 -2.394094305733E-03 -4.717857879965E+00  8.930332252666E+00  3.124471604984E-01 -7.122809418218E-01  3.998337813247E-01 -1.546885686767E+00  6.334981357724E-04  2.238050043042E-04 -8.834435162073E-05 -3.086783444210E-05  2.543076278391E+00 -2.238050044087E-04  1.898136083435E-02 -7.846688568124E-20 -1.495673841061E-20  5.863506086763E-20 -8.340820024901E-02
  1.600000000000E+01  1.800000000000E+01  1.620582832198E+01 -3.954398296082E-15 -2.902580978669E-01  2.673245345741E+02  7.039992395647E-01  1.583392856429E+00 -7.712001642562E-01 -2.645126961609E-03 -4.763834587619E+00  8.408613148888E+00  2.568653437103E-01 -6.377747346457E-01  3.809093909332E-01 -1.094392583588E+00 -4.200597557314E-03  2.167028526110E-04 -5.196291689153E-05 -6.945033270616E-06  1.964152058170E+00 -2.167028525428E-04  2.383257936945E-02 -8.384113268265E-20 -1.071325826237E-20  2.215595947913E-21 -6.329541919337E-02
  2.000000000000E+01  2.200000000000E+01  1.666500943446E+01 -4.058499774677E-16 -2.848587191401E-01  2.823357179322E+02  7.472806194456E-01  1.572134434015E+00 -7.889054684510E-01 -2.455662373854E-03 -4.804228079437E+00  8.074555335962E+00  2.301185403230E-01 -5.833891626599E-01  3.532706223363E-01 -9.467220065909E-01 -6.196021878500E-03  1.099630231008E-04 -3.173957128022E-05 -7.136221579087E-06  1.662450718965E+00 -1.099630232826E-04  2.137972099939E-02 -8.474154850637E-20 -2.577685483387E-20 -2.678847355967E-20 -5.358669915035E-02
  2.400000000000E+01  2.600000000000E+01  1.703716681816E+01  2.528832684344E-15 -2.795488258101E-01  2.947726035386E+02  7.829110719906E-01  1.561187458575E+00 -7.889925552412E-01 -2.610086513670E-03 -4.816892742665E+00  7.708384294321E+00  2.007140298440E-01 -5.340709489787E-01  3.333569191354E-01 -7.679418640665E-01 -6.675304640659E-03  6.382440631541E-05 -2.246990699260E-05  1.179698252479E-05  1.405579641148E+00 -6.382440623518E-05  1.982532587010E-02 -1.129877915623E-19 -1.247620133342E-20 -1.449463925495E-20 -4.489177428733E-02
  2.800000000000E+01  3.000000000000E+01  1.736781933955E+01  6.235124395959E-15 -2.749897402040E-01  3.060874201173E+02  8.116098946338E-01  1.552817623421E+00 -7.945030041219E-01 -2.644435421774E-03 -4.827353728154E+00  7.418719561567E+00  1.798470348195E-01 -4.946133898669E-01  3.147663550489E-01 -6.734177229665E-01 -6.741813399028E-03  6.485485798701E-05 -1.705688997116E-05  1.433634870117E-05  1.235340115276E+00 -6.485485792593E-05  1.672235193184E-02 -1.338840721270E-19 -3.013624946844E-20 -1.514988176214E-20 -3.923371850731E-02
  3.200000000000E+01  3.400000000000E+01  1.765479803302E+01  1.097167896900E-14 -2.711690067279E-01  3.160801608295E+02  8.344137630238E-01  1.543582071596E+00 -7.940902717778E-01 -2.752433606885E-03 -4.835266252935E+00  7.139642093300E+00  1.613128590635E-01 -4.589170232625E-01  2.976041642002E-01 -5.829170758207E-01 -5.910071406094E-03  6.545028098393E-05 -1.133469872845E-05 -3.984838809316E-06  1.095495583716E+00 -6.545028093192E-05  1.420860474899E-02 -6.926080438402E-20 -2.757713978376E-20 -4.952994388071E-20 -3.454299797778E-02
  3.600000000000E+01  3.800000000000E+01  1.791555863781E+01  1.305506299853E-14 -2.678810254681E-01  3.253164203341E+02  8.523872676526E-01  1.535868496169E+00 -7.951872380103E-01 -2.748791796702E-03 -4.843386606597E+00  6.903926053966E+00  1.465635839352E-01 -4.293761653224E-01  2.828125813897E-01 -5.247780086983E-01 -5.770948658449E-03  2.937039673783E-05 -6.724222566771E-06  9.464125081501E-06  9.920582218332E-01 -2.937039681758E-05  1.297145745122E-02 -8.891540614818E-20 -2.100057427308E-20 -4.524502300661E-20 -3.109938326215E-02
  4.000000000000E+01  4.200000000000E+01  1.815085859222E+01  1.347101784866E-14 -2.647031959988E-01  3.337702316326E+02  8.663655224713E-01  1.527989266908E+00 -7.940037872742E-01 -2.758662143604E-03 -4.845979931280E+00  6.683568244944E+00  1.337873525482E-01 -4.034231204376E-01  2.696357678892E-01 -4.713543210978E-01 -5.875004197516E-03  2.613033497577E-05 -4.342916212000E-06  1.496922237055E-05  9.054489919084E-01 -2.613033505011E-05  1.196060359737E-02 -1.115237017047E-19 -2.882230292764E-20 -4.693174526397E-20 -2.818001306315E-02
  4.400000000000E+01  4.600000000000E+01  1.836835537532E+01  1.435550217472E-14 -2.619038839386E-01  3.416867260893E+02  8.770585568619E-01  1.520241886115E+00 -7.932409402260E-01 -2.814803945433E-03 -4.849525938418E+00  6.495243390612E+00  1.235107455028E-01 -3.815565999259E-01  2.580458544246E-01 -4.313146083118E-01 -5.377871167877E-03  3.883255096980E-05 -5.002952179991E-06 -1.273380347440E-05  8.374379037497E-01 -3.883255106044E-05  9.668551550331E-03 -1.120520602086E-19 -3.156760225642E-21 -5.528805694195E-20 -2.587687656664E-02
  4.800000000000E+01  5.000000000000E+01  1.856958632343E+01  1.787742060870E-14 -2.598956482710E-01  3.490963222873E+02  8.851263564463E-01  1.511405761571E+00 -7.913506417320E-01 -2.822932153407E-03 -4.862582765466E+00  6.317663130517E+00  1.144910875106E-01 -3.612152601038E-01  2.467241725920E-01 -3.973433189532E-01 -4.190500471876E-03 -1.404339203395E-06 -5.994616986642E-06 -1.593855326166E-05  7.793104718220E-01  1.404339258399E-06  7.176148113573E-03 -6.945943253795E-20 -3.943436300085E-20 -2.459797459707E-20 -2.391415073723E-02
  5.200000000000E+01  5.400000000000E+01  1.875796510502E+01  2.615409465968E-14 -2.583379740314E-01  3.561100301305E+02  8.911057224598E-01  1.501423484589E+00 -7.896342614298E-01 -2.860591855652E-03 -4.879579172547E+00  6.150740011288E+00  1.061218616006E-01 -3.430306935783E-01  2.369088319778E-01 -3.685503336993E-01 -3.492454236305E-03  6.346857133040E-06 -5.517299374857E-06 -8.881656748280E-06  7.300923522062E-01 -6.346857201490E-06  6.047169850293E-03 -1.171068030285E-19 -2.129809485350E-20  4.748440304203E-21 -2.222510073143E-02
  5.600000000000E+01  5.800000000000E+01  1.893462962752E+01  3.447386206073E-14 -2.568747128182E-01  3.627521864279E+02  8.954323290043E-01  1.491272252835E+00 -7.874612977229E-01 -2.818299158187E-03 -4.896090046577E+00  5.998996371269E+00  9.897157866682E-02 -3.269744412471E-01  2.280028625810E-01 -3.428918343328E-01 -3.179321871043E-03  2.914852311004E-05 -5.669413925879E-06 -1.189753568221E-05  6.874061908454E-01 -2.914852307312E-05  5.888311239656E-03 -1.209397719175E-19 -1.351634532484E-20 -1.606085363048E-20 -2.072825541886E-02
  6.000000000000E+01  6.200000000000E+01  1.910166266654E+01  4.270359021186E-14 -2.553897804212E-01  3.690887037255E+02  8.983689919154E-01  1.479693150560E+00 -7.852390069434E-01 -2.806956052857E-03 -4.909725964351E+00  5.857003930195E+00  9.272761926686E-02 -3.123463834491E-01  2.196187641831E-01 -3.205197521393E-01 -3.224270714084E-03  3.101163444064E-05 -5.538747904506E-06  1.008647369502E-06  6.493099160763E-01 -3.101163420339E-05  5.505202363247E-03 -1.348329528990E-19 -1.777845746285E-20 -1.397838570680E-20 -1.937086400906E-02
  6.400000000000E+01  6.600000000000E+01  1.925927301433E+01  5.203652972567E-14 -2.540916299330E-01  3.751206350868E+02  9.001529962359E-01  1.466939509570E+00 -7.828437937991E-01 -2.791951052012E-03 -4.924109583552E+00  5.723420159622E+00  8.697611439030E-02 -2.990104535524E-01  2.120343391612E-01 -2.996546575268E-01 -3.065020470341E-03 -2.879799189001E-06 -4.799958347050E-06 -6.616073453578E-07  6.128314077884E-01  2.879799011949E-06  5.495005919640E-03 -1.411096274768E-19  3.186677278082E-21 -1.934522403315E-20 -1.813085970652E-02
  6.800000000000E+01  7.000000000000E+01  1.940808575737E+01  6.215082445366E-14 -2.526389467199E-01  3.808624530276E+02  9.009599571038E-01  1.454432334353E+00 -7.803407153518E-01 -2.732343686351E-03 -4.933176802379E+00  5.597042007480E+00  8.179711720672E-02 -2.867816160952E-01  2.049844988913E-01 -2.807132669577E-01 -3.174336962976E-03 -5.300519827168E-06 -4.116975587570E-06 -6.680391210004E-06  5.804811970590E-01  5.300520217960E-06  6.076303913558E-03 -8.206250471590E-20 -1.966339374206E-20 -2.714365165088E-21 -1.701840484436E-02
  7.200000000000E+01  7.400000000000E+01  1.954953054560E+01  6.779816797674E-14 -2.510965802006E-01  3.863622328494E+02  9.008292390221E-01  1.442019338841E+00 -7.776598131513E-01 -2.720499398205E-03 -4.937572682277E+00  5.477554813215E+00  7.717396079202E-02 -2.754762086317E-01  1.983022478387E-01 -2.641397885246E-01 -3.094020066677E-03  1.224052622469E-05 -4.182423864122E-06 -7.134024832420E-06  5.519020546128E-01 -1.224052631809E-05  6.478663090695E-03 -1.095151423268E-19 -1.388563139276E-21 -2.183005930838E-20 -1.603142205661E-02
  7.600000000000E+01  7.800000000000E+01  1.968404305692E+01  6.833036997189E-14 -2.494140786070E-01  3.916301540974E+02  8.998855083289E-01  1.429282899054E+00 -7.749552752457E-01 -2.692839618235E-03 -4.937395013061E+00  5.366462327928E+00  7.288418217725E-02 -2.649642113623E-01  1.920800291845E-01 -2.488799005501E-01 -3.224593118705E-03  1.546838332783E-05 -4.846691837524E-06 -2.971566750221E-06  5.260346056335E-01 -1.546838329996E-05  6.874075502540E-03 -1.323884693081E-19 -2.001107703078E-21 -9.028352812580E-22 -1.514818759820E-02
  8.000000000000E+01  8.200000000000E+01  1.981251803368E+01  6.811130507980E-14 -2.476195511943E-01  3.966952588914E+02  8.982968900843E-01  1.416793820054E+00 -7.721179889460E-01 -2.660541939609E-03 -4.932511085655E+00  5.266393372009E+00  6.886129231988E-02 -2.554710984604E-01  1.866098061405E-01 -2.358451746964E-01 -3.316638416808E-03 -9.320637021054E-06 -4.860070962173E-06  7.154570488658E-06  5.019190188887E-01  9.320637056874E-06  7.010916691007E-03 -1.229074968491E-19  1.289662384995E-20 -6.181421996527E-21 -1.433158659599E-02
  8.400000000000E+01  8.600000000000E+01  1.993496158256E+01  6.838308897727E-14 -2.458873310911E-01  4.015526310752E+02  8.962626997630E-01  1.404037912370E+00 -7.693333949543E-01 -2.643514974830E-03 -4.926842786400E+00  5.168167545396E+00  6.522226060667E-02 -2.466328221587E-01  1.814105615508E-01 -2.227394826241E-01 -3.294345117852E-03  8.472713874510E-06 -4.250230892411E-06 -5.108283554339E-07  4.795723923223E-01 -8.472713916061E-06  6.988324311751E-03 -1.186696412692E-19  1.348012495258E-20  6.211405780969E-21 -1.355756338361E-02
  8.800000000000E+01  9.000000000000E+01  2.005231291456E+01  7.229000557885E-14 -2.441344624378E-01  4.062338601113E+02  8.940121359906E-01  1.391181506292E+00 -7.664370197963E-01 -2.593144501931E-03 -4.918394040841E+00  5.071611517281E+00  6.168953981894E-02 -2.381119936482E-01  1.764224538295E-01 -2.110776400097E-01 -3.212445030614E-03  1.124975445299E-05 -4.021058734880E-06 -7.395634971277E-06  4.586645435918E-01 -1.124975445198E-05  7.786155576508E-03 -1.086060949797E-19  1.534508424902E-20 -9.910608169659E-22 -1.284392356158E-02
  9.200000000000E+01  9.400000000000E+01  2.016432312377E+01  7.536809864357E-14 -2.420009287389E-01  4.107289186071E+02  8.915789049952E-01  1.377807171078E+00 -7.634561593070E-01 -2.581151206447E-03 -4.900112279734E+00  4.978036582303E+00  5.852169282755E-02 -2.303251208573E-01  1.718034280285E-01 -1.998327408629E-01 -3.477423687191E-03 -9.198128718463E-06 -4.220893377752E-06 -1.244110966926E-06  4.386413050476E-01  9.198128752556E-06  8.710263056729E-03 -8.108413434625E-20  9.972132879596E-21  2.396199355888E-20 -1.216812314008E-02
  9.600000000000E+01  9.800000000000E+01  2.027163087909E+01  7.776865183368E-14 -2.397897733218E-01  4.150588126924E+02  8.889162244257E-01  1.363808740622E+00 -7.605202526663E-01 -2.532130984732E-03 -4.879063010117E+00  4.889910665866E+00  5.552909483338E-02 -2.228578510483E-01  1.673287562165E-01 -1.896222663573E-01 -3.532259966232E-03  1.232649544242E-06 -4.088834616658E-06  1.152039867505E-05  4.198782251591E-01 -1.232649482117E-06  8.662221145794E-03 -1.239576912906E-19  3.154260132245E-20 -1.659007229286E-20 -1.154140228921E-02
  1.000000000000E+02  1.020000000000E+02  2.037425292754E+01  8.449197653014E-14 -2.376582593049E-01  4.192193341770E+02  8.861939358527E-01  1.349780569652E+00 -7.575230355044E-01 -2.518606599724E-03 -4.858810224508E+00  4.806171975210E+00  5.300756068853E-02 -2.160153077030E-01  1.630077470152E-01 -1.799063712348E-01 -3.375503008695E-03  1.524666391989E-05 -3.333381850313E-06  6.279555409247E-06  4.020134994386E-01 -1.524666392134E-05  8.143237830506E-03 -1.442801237858E-19  1.981754785975E-20 -5.468616597061E-21 -1.096324578624E-02
  1.040000000000E+02  1.060000000000E+02  2.047266377784E+01  8.877661008665E-14 -2.357032049068E-01  4.232279831544E+02  8.836335203204E-01  1.336740365956E+00 -7.544803367350E-01 -2.488717098164E-03 -4.840804053832E+00  4.725138388115E+00  5.028798259652E-02 -2.089973421669E-01  1.587093595710E-01 -1.710084822503E-01 -3.031914111038E-03  3.663754289777E-06 -2.902510130017E-06  2.675109516370E-06  3.848982728606E-01 -3.663754159716E-06  7.361514464011E-03 -1.397691846387E-19  2.052681216927E-20 -2.214049546080E-21 -1.042694805850E-02
  1.080000000000E+02  1.100000000000E+02  2.056673047860E+01  8.780025614249E-14 -2.339763875899E-01  4.270776472045E+02  8.812068176885E-01  1.324554327787E+00 -7.514406565047E-01 -2.480873814674E-03 -4.826552446990E+00  4.649385154711E+00  4.819415916201E-02 -2.029015442709E-01  1.547073851098E-01 -1.626693704170E-01 -2.918160925738E-03 -1.152899223584E-06 -3.247479362267E-06  4.667606577479E-06  3.688006811484E-01  1.152899242528E-06  6.933333299234E-03 -1.395881593142E-19  3.874323134119E-20 -5.498912086014E-21 -9.920712805487E-03
  1.120000000000E+02  1.140000000000E+02  2.065705940280E+01  8.824641885286E-14 -2.322389492257E-01  4.307907377714E+02  8.789300880700E-01  1.312203879913E+00 -7.483904484665E-01 -2.447927191148E-03 -4.810782280332E+00  4.578080324137E+00  4.612747163779E-02 -1.971792623637E-01  1.510517907261E-01 -1.548292021680E-01 -2.712831765498E-03  3.077750343193E-06 -3.417367308912E-06  3.487817441627E-06  3.549831006881E-01 -3.077750273730E-06  7.091717043561E-03 -1.358304706394E-19  2.344917593782E-20 -1.959353169468E-20 -9.449387962484E-03
  1.160000000000E+02  1.180000000000E+02  2.074419940092E+01  8.764336731764E-14 -2.304503743815E-01  4.343881802041E+02  8.767284097294E-01  1.300037736938E+00 -7.453381384946E-01 -2.428229106927E-03 -4.792391259296E+00  4.507657209285E+00  4.393687851015E-02 -1.913966580857E-01  1.474597795752E-01 -1.475677213043E-01 -2.630795030569E-03  5.233093463352E-06 -2.705503114239E-06 -4.015332962823E-07  3.418851811715E-01 -5.233093468790E-06  7.070789282181E-03 -1.375136740632E-19  3.812918426041E-20 -1.830573586300E-20 -9.003982962095E-03
  1.200000000000E+02  1.220000000000E+02  2.082799699004E+01  8.539282085260E-14 -2.287250517197E-01  4.378604321925E+02  8.744353067080E-01  1.287533633878E+00 -7.422331172400E-01 -2.426610340367E-03 -4.774067156746E+00  4.440359251848E+00  4.209951967644E-02 -1.859633744824E-01  1.438638548060E-01 -1.407135622809E-01 -2.330681838544E-03  4.662851501210E-06 -1.979508965005E-06  7.682397857396E-06  3.287136938191E-01 -4.662851495254E-06  7.022768714435E-03 -1.570844437215E-19  1.878015711481E-20 -6.575432739393E-21 -8.598007998139E-03
  1.240000000000E+02  1.260000000000E+02  2.090857059833E+01  8.532575145569E-14 -2.269123572341E-01  4.412112882212E+02  8.720083722398E-01  1.275164362850E+00 -7.391653414121E-01 -2.379923065660E-03 -4.753084853310E+00  4.373917146163E+00  4.002771373025E-02 -1.806071864400E-01  1.405794727094E-01 -1.344085000724E-01 -2.249723786459E-03  1.066969209850E-05 -1.924320664398E-06  1.478559827049E-05  3.155245610323E-01 -1.066969216288E-05  6.506601338444E-03 -1.469678519950E-19  2.863316875791E-20 -2.217157628709E-20 -8.196872370974E-03
  1.280000000000E+02  1.300000000000E+02  2.098575097987E+01  8.182658775095E-14 -2.254456082435E-01  4.444318111103E+02  8.694469329159E-01  1.262670552222E+00 -7.360571940497E-01 -2.376256243594E-03 -4.738426230277E+00  4.309495531715E+00  3.852631661163E-02 -1.759399469290E-01  1.374136303161E-01 -1.278676738215E-01 -1.977633522087E-03  9.718785282344E-06 -1.622641912250E-06 -1.049576870807E-06  3.020313687060E-01 -9.718785321273E-06  5.094802179061E-03 -1.451305552628E-19  3.183643824249E-20 -1.547723957559E-20 -7.808383860449E-03
  1.320000000000E+02  1.340000000000E+02  2.105956111798E+01  7.642138209867E-14 -2.243972943936E-01  4.475214239273E+02  8.667932637293E-01  1.250701062051E+00 -7.329586906056E-01 -2.327065982295E-03 -4.731658242761E+00  4.249709594178E+00  3.689940868883E-02 -1.714924714354E-01  1.345930627467E-01 -1.221014106842E-01 -1.720277674684E-03 -1.963499999180E-06 -9.352142400803E-07 -1.023809089342E-05  2.905162385163E-01  1.963500010961E-06  4.210161704002E-03 -1.133450217367E-19  5.650598971440E-20 -1.067550185541E-20 -7.467590247850E-03
  1.360000000000E+02  1.380000000000E+02  2.113097828859E+01  8.004361800110E-14 -2.233709801583E-01  4.505198563106E+02  8.641125775637E-01  1.239472998701E+00 -7.298390740781E-01 -2.272548088086E-03 -4.724901424997E+00  4.193145341609E+00  3.527288194431E-02 -1.672779172348E-01  1.320050352901E-01 -1.169765871383E-01 -1.798683812835E-03  9.802028738126E-06  2.352339627818E-07  1.290733523102E-06  2.801322044088E-01 -9.802028731578E-06  4.413731838021E-03 -9.273114741179E-20  3.169557318923E-20 -3.650400320963E-20 -7.154658840385E-03
  1.400000000000E+02  1.420000000000E+02  2.119961759732E+01  8.618746717472E-14 -2.221826758387E-01  4.534119325394E+02  8.614540153562E-01  1.228485985235E+00 -7.267258308623E-01 -2.245649573175E-03 -4.714225944553E+00  4.139536612826E+00  3.366253293465E-02 -1.634035360385E-01  1.297410031036E-01 -1.118333379952E-01 -1.918378240551E-03  8.053449629355E-06  1.130890115146E-06  9.153631599319E-06  2.701657961536E-01 -8.053449565257E-06  4.846802382366E-03 -1.575031179322E-19  3.662719915903E-20 -3.635989371329E-20 -6.850149688225E-03
  1.440000000000E+02  1.460000000000E+02  2.126607415469E+01  8.714688960338E-14 -2.209388200329E-01  4.562201767148E+02  8.588936626818E-01  1.217017569723E+00 -7.235789714824E-01 -2.178903431815E-03 -4.701637863045E+00  4.087555321065E+00  3.235230391151E-02 -1.594946316254E-01  1.271423277140E-01 -1.074075229296E-01 -1.773216655656E-03 -2.023786766458E-06  1.003069386020E-06  2.423242763037E-06  2.613301869628E-01  2.023786767508E-06  5.466779493918E-03 -1.548529269275E-19  3.573135765367E-20 -3.053723644743E-20 -6.572963399240E-03
  1.480000000000E+02  1.500000000000E+02  2.133027813965E+01  8.915998809481E-14 -2.194628579905E-01  4.589405225179E+02  8.564704581022E-01  1.206056880175E+00 -7.204881010039E-01 -2.128005464756E-03 -4.683274412730E+00  4.036141147750E+00  3.101085668552E-02 -1.558953006744E-01  1.248844439890E-01 -1.028934149155E-01 -1.937675174686E-03  4.551034244935E-07  1.048935025626E-06 -2.734666064249E-06  2.524281395639E-01 -4.551034228281E-07  5.624043558385E-03 -1.309578583230E-19  2.913637108297E-20 -3.212508314636E-20 -6.291575594668E-03
  1.520000000000E+02  1.540000000000E+02  2.139226579347E+01  8.944018829235E-14 -2.181260707742E-01  4.615740920818E+02  8.542278385830E-01  1.195244044748E+00 -7.173441585053E-01 -2.030457593212E-03 -4.667193958574E+00  3.986555677722E+00  2.968106054998E-02 -1.523064802610E-01  1.226254197126E-01 -9.852193218170E-02 -1.895480380174E-03  4.947080132402E-06  1.427461817267E-06  2.167777506983E-06  2.433040108229E-01 -4.947080161651E-06  5.094197496297E-03 -1.241919593126E-19  2.379291054672E-20 -3.807343388331E-20 -6.032286906006E-03
  1.560000000000E+02  1.580000000000E+02  2.145188976897E+01  8.642208223647E-14 -2.168899830049E-01  4.641144413844E+02  8.520952693629E-01  1.185317228420E+00 -7.142117212400E-01 -1.992617031930E-03 -4.652685871228E+00  3.940150587952E+00  2.856821605070E-02 -1.490403041190E-01  1.204720880689E-01 -9.457788289026E-02 -1.840819198485E-03  6.653747446496E-06  2.029458802292E-06  7.715947383027E-07  2.347137035601E-01 -6.653747535173E-06  4.572490148527E-03 -1.211901289233E-19  2.848198837438E-20 -3.374065669095E-20 -5.798161566322E-03
  1.600000000000E+02  1.620000000000E+02  2.150961242156E+01  8.606292017296E-14 -2.158482247366E-01  4.665792123548E+02  8.500750341082E-01  1.176287546626E+00 -7.110402015249E-01 -1.915176671738E-03 -4.642672969750E+00  3.895872117923E+00  2.742814661486E-02 -1.459647108216E-01  1.185365642073E-01 -9.104392421008E-02 -1.655305167136E-03  7.151179741424E-06  2.252699910259E-06 -2.954439178125E-06  2.268789762243E-01 -7.151179733366E-06  4.068116997148E-03 -1.241671942114E-19  4.205515695059E-20 -3.256729293204E-20 -5.581292632575E-03
  1.640000000000E+02  1.660000000000E+02  2.156535240227E+01  8.354417882683E-14 -2.148837423685E-01  4.689646572124E+02  8.481503343450E-01  1.167541299037E+00 -7.079309364174E-01 -1.869259312910E-03 -4.634237648934E+00  3.853325972420E+00  2.649401875667E-02 -1.429977865122E-01  1.165037677553E-01 -8.751888841685E-02 -1.717173673208E-03 -3.331738877942E-06  1.315843354179E-06  2.187676139534E-06  2.191583252687E-01  3.331738837867E-06  3.772310437709E-03 -1.347192484538E-19  3.009957427450E-20 -2.262458023224E-20 -5.365237935842E-03
  1.680000000000E+02  1.700000000000E+02  2.161918807681E+01  7.777104885109E-14 -2.139520397913E-01  4.712731603550E+02  8.463651693859E-01  1.158938529481E+00 -7.047689576090E-01 -1.809820409753E-03 -4.625816994050E+00  3.810997142804E+00  2.574435083479E-02 -1.400118905964E-01  1.142675397617E-01 -8.419355731488E-02 -1.620727408448E-03 -2.335000465096E-06  3.546435251947E-07  1.630142221066E-06  2.116633875617E-01  2.335000407338E-06  3.661649963507E-03 -1.272726755736E-19  3.348733201473E-20 -4.080484484392E-20 -5.163989206276E-03
  1.720000000000E+02  1.740000000000E+02  2.167117506633E+01  7.559553613786E-14 -2.130404218346E-01  4.735065357813E+02  8.447919427237E-01  1.150905046753E+00 -7.016409359670E-01 -1.783263638119E-03 -4.617316085740E+00  3.768691278650E+00  2.492390587022E-02 -1.371354381812E-01  1.122115323104E-01 -8.093367661953E-02 -1.518491542862E-03  3.849980268977E-07 -4.549600024145E-07 -1.712744707420E-06  2.050417766546E-01 -3.849981219824E-07  4.011087109061E-03 -1.199726967006E-19  4.436393542906E-20 -5.018632275670E-20 -4.964498590870E-03
  1.760000000000E+02  1.780000000000E+02  2.172169983122E+01  7.274036270150E-14 -2.119524512825E-01  4.756807656120E+02  8.433580018126E-01  1.143631201312E+00 -6.984569886469E-01 -1.686650822023E-03 -4.604774146067E+00  3.727590378628E+00  2.390736925716E-02 -1.341318467404E-01  1.102244774829E-01 -7.801041448592E-02 -1.635092199456E-03 -2.796363619818E-06 -8.987561709280E-07 -2.837842996490E-06  1.989862921629E-01  2.796363514483E-06  4.848879416815E-03 -1.014513496617E-19  2.905408655690E-20 -4.495293722438E-20 -4.783339099274E-03
  1.800000000000E+02  1.820000000000E+02  2.177065651330E+01  6.631086290597E-14 -2.106236805748E-01  4.777921722939E+02  8.419724266340E-01  1.136410171245E+00 -6.953919240980E-01 -1.631582973665E-03 -4.586491129477E+00  3.688352352036E+00  2.307979518776E-02 -1.314895961513E-01  1.084098009629E-01 -7.509802483457E-02 -1.974480693489E-03 -2.216292517917E-06 -3.421519888889E-07  3.275492372403E-06  1.933010304226E-01  2.216292443150E-06  5.762734105935E-03 -9.956865782543E-20  4.452806718882E-20 -2.774734600237E-20 -4.617363604660E-03
  1.840000000000E+02  1.860000000000E+02  2.181836851165E+01  6.138025799073E-14 -2.090586321395E-01  4.798515629866E+02  8.406141371560E-01  1.128712090633E+00 -6.921567925933E-01 -1.542954119158E-03 -4.562431398193E+00  3.651554737621E+00  2.225182974462E-02 -1.289607310438E-01  1.067089012993E-01 -7.256132941164E-02 -2.197745027874E-03  4.254874401386E-06 -1.718006767014E-08  4.555066387249E-06  1.871834867554E-01 -4.254874491097E-06  6.622506709805E-03 -1.111869003998E-19  3.061951378762E-20 -4.242022668083E-20 -4.448546970961E-03
  1.880000000000E+02  1.900000000000E+02  2.186427751433E+01  5.680239937265E-14 -2.072847228740E-01  4.818369190292E+02  8.392442245852E-01  1.121619901968E+00 -6.891283698999E-01 -1.493627372776E-03 -4.533275245746E+00  3.617918891548E+00  2.157519318002E-02 -1.266421224119E-01  1.050669292319E-01 -6.976317883207E-02 -2.391402018208E-03  1.305214727996E-06 -5.060495911283E-07 -3.929355879051E-06  1.809625495569E-01 -1.305214797331E-06  7.387902603721E-03 -1.198204609501E-19  4.387011028789E-20 -3.368246933446E-20 -4.286138021012E-03
  1.920000000000E+02  1.940000000000E+02  2.190886047481E+01  5.098258078727E-14 -2.053738921362E-01  4.837655689268E+02  8.378374964104E-01  1.114016952520E+00 -6.858233368687E-01 -1.422575264942E-03 -4.500224257563E+00  3.580299795751E+00  2.093847230496E-02 -1.241958429134E-01  1.032573706081E-01 -6.738207179729E-02 -2.257203455904E-03  1.123088917583E-06 -9.049417754163E-07 -8.202116323500E-06  1.751060387477E-01 -1.123088893201E-06  7.908048473437E-03 -1.039967359737E-19  3.543171191798E-20 -3.975430084899E-20 -4.132877430810E-03
  1.960000000000E+02  1.980000000000E+02  2.195184211446E+01  4.819022477795E-14 -2.033568282881E-01  4.856285865573E+02  8.364345377684E-01  1.107905949712E+00 -6.828753115351E-01 -1.388449251780E-03 -4.464421357344E+00  3.549632718459E+00  2.040776200010E-02 -1.221668849418E-01  1.017591229414E-01 -6.493416948986E-02 -2.557510011607E-03 -5.322314810097E-06 -1.470656875936E-06  3.710973306048E-07  1.715774069923E-01  5.322314756641E-06  7.990524364971E-03 -9.956115120178E-20  3.331351653277E-20 -2.237360648781E-20 -4.002074613400E-03
  2.000000000000E+02  2.020600000000E+02  2.199465381530E+01  4.598519684253E-14 -2.013619443519E-01  4.874850317623E+02  8.347647928513E-01  1.102164788954E+00 -6.795408633115E-01 -1.344521328552E-03 -4.428906611799E+00  3.520549653155E+00  1.877417756960E-02 -1.182384901573E-01  9.946431258790E-02 -6.337454730394E-02 -1.955461562560E-03 -1.914386727129E-06 -2.103012325854E-06  6.493967037503E-06  1.668539770497E-01  1.914386713766E-06  7.793218975526E-03 -1.271302084356E-19  1.430943056870E-20 -3.526761005755E-20 -3.922658317105E-03
  2.041200000000E+02  2.062418000000E+02  2.203777349192E+01  3.987275968021E-14 -1.993013400019E-01  4.893580023424E+02  8.330851645619E-01  1.097109627059E+00 -6.762817269764E-01 -1.309627028653E-03 -4.391987457759E+00  3.496327846693E+00  1.726960954660E-02 -1.143884190522E-01  9.711880950601E-02 -6.211493371057E-02 -2.069655296292E-03  5.130362904161E-06 -2.311046631126E-06 -1.509934474438E-06  1.620380400016E-01 -5.130363100008E-06  7.672559749614E-03 -1.221591572220E-19  2.070564365730E-20 -2.050441026839E-20 -3.827957109165E-03
  2.083636000000E+02  2.105490540000E+02  2.208060617865E+01  3.254849749821E-14 -1.972894581778E-01  4.912196168406E+02  8.314143531604E-01  1.091657544452E+00 -6.728020834052E-01 -1.287187383780E-03 -4.356176305850E+00  3.469258610093E+00  1.569251033619E-02 -1.103167061062E-01  9.462419577056E-02 -6.041795532559E-02 -1.962421676463E-03 -6.002017975934E-06 -2.064873963285E-06 -6.900244737395E-06  1.567916746398E-01  6.002018012606E-06  7.175675214500E-03 -8.043446824593E-20  2.031157923026E-20 -3.315475903856E-20 -3.720588696632E-03
  2.127345080000E+02  2.149855256200E+02  2.212342875577E+01  2.316271089861E-14 -1.954204910600E-01  4.930828389962E+02  8.297101055343E-01  1.086787161020E+00 -6.692993886548E-01 -1.285731227808E-03 -4.324052195243E+00  3.445685196776E+00  1.400190592020E-02 -1.062305874268E-01  9.222868150636E-02 -5.875222329112E-02 -1.870691820092E-03  2.744482151899E-06 -1.185853090353E-06 -3.964590599644E-06  1.520948110386E-01 -2.744482348485E-06  6.275006144166E-03 -1.137423124253E-19  1.889242190682E-20 -5.935279811235E-20 -3.620764636422E-03
  2.172365432400E+02  2.195550913886E+02  2.216621764610E+01  1.482842205506E-14 -1.937760535352E-01  4.949468362365E+02  8.280401867829E-01  1.081947537675E+00 -6.656695900142E-01 -1.293364124137E-03 -4.296387093376E+00  3.421443163808E+00  1.237302166196E-02 -1.019419983616E-01  8.956897670015E-02 -5.711336508302E-02 -1.618107550947E-03  7.521791146881E-06 -8.603975848614E-07  1.878968493070E-06  1.469523143066E-01 -7.521791162056E-06  5.614864332226E-03 -1.184519223070E-19  2.122386012110E-20 -3.155350289378E-20 -3.519495526135E-03
  2.218736395372E+02  2.242617441303E+02  2.220862772735E+01  1.151346632327E-14 -1.921443402685E-01  4.967961195192E+02  8.264792030313E-01  1.077040374389E+00 -6.619025562682E-01 -1.312181915935E-03 -4.269421061269E+00  3.398944298837E+00  1.084440101261E-02 -9.783866861124E-02  8.699426759874E-02 -5.559782713428E-02 -1.385101398894E-03 -1.367571146343E-06 -1.029806875655E-06  3.299523004374E-07  1.412842228153E-01  1.367571153768E-06  5.197244737906E-03 -1.020202288417E-19  1.017219879079E-20 -1.194365009058E-20 -3.429133075614E-03
  2.266498487233E+02  2.291095964542E+02  2.225056632705E+01  9.117197592954E-15 -1.906685749005E-01  4.986265130772E+02  8.249781944021E-01  1.072282819629E+00 -6.580210574125E-01 -1.333044377239E-03 -4.245751343720E+00  3.377197627669E+00  9.179242798619E-03 -9.356659259445E-02  8.438734979640E-02 -5.414453089052E-02 -1.190286114354E-03  4.664879385947E-06 -2.948710852690E-07 -4.011232885299E-06  1.370405155268E-01 -4.664879400706E-06  4.200015863590E-03 -9.604735131800E-20  2.262310524433E-20 -4.505686078125E-20 -3.353526647969E-03
  2.315693441850E+02  2.341028843478E+02  2.229291751713E+01  6.828869356564E-15 -1.895851596623E-01  5.004767668845E+02  8.235995918168E-01  1.068127461225E+00 -6.540629798091E-01 -1.375750659658E-03 -4.229635265201E+00  3.356900904930E+00  7.518864619482E-03 -8.928768524007E-02  8.176882062061E-02 -5.314017620339E-02 -9.142760137357E-04  7.187203235660E-06  3.953061889831E-07 -1.236494799309E-06  1.326051177452E-01 -7.187203232893E-06  3.133872897137E-03 -9.783021491159E-20  2.344855509422E-20 -3.666395173195E-20 -3.273243960683E-03
  2.366364245106E+02  2.392459708782E+02  2.233459207679E+01  6.775370123164E-15 -1.886967082646E-01  5.022987273272E+02  8.224019438392E-01  1.063419470262E+00 -6.499910940897E-01 -1.396648419502E-03 -4.216543371829E+00  3.336209398830E+00  5.805435077729E-03 -8.473841133131E-02  7.893297625235E-02 -5.164496085148E-02 -6.358686059102E-04  5.882982338664E-06  2.677612068485E-07 -1.028272946499E-06  1.279282592973E-01 -5.882982404061E-06  3.123463609848E-03 -1.025044620012E-19  1.850299440234E-20 -4.516424021062E-20 -3.193420059241E-03
  2.418555172459E+02  2.445433500046E+02  2.237639033940E+01  9.827654749023E-15 -1.875501599901E-01  5.041282757236E+02  8.213221673348E-01  1.058639631445E+00 -6.457973432676E-01 -1.409452669997E-03 -4.198172389699E+00  3.317451250900E+00  4.143248445705E-03 -8.021468917281E-02  7.607144072723E-02 -5.061737513499E-02 -7.267454520874E-04  2.696541564547E-06  1.513885053394E-07 -1.487102500878E-06  1.242594604488E-01 -2.696541508728E-06  2.824821273267E-03 -1.041433411695E-19  2.583662174235E-20 -1.676219289744E-20 -3.130044656662E-03
  2.472311827633E+02  2.499996505047E+02  2.241807272792E+01  1.411267489589E-14 -1.868016889076E-01  5.059544499863E+02  8.203635698186E-01  1.055007461823E+00 -6.414716944349E-01 -1.495945067891E-03 -4.188645487434E+00  3.302705842446E+00  2.413300372682E-03 -7.567070931261E-02  7.325740893994E-02 -4.967331172317E-02 -5.256630611403E-04 -7.956429810545E-09  6.891966129006E-07 -3.943618353150E-06  1.214674298149E-01  7.956474582303E-09  2.065620391788E-03 -9.625731121491E-20  1.647600634628E-20 -3.553341826257E-20 -3.092384002230E-03
  2.527681182462E+02  2.556196400198E+02  2.246044052270E+01  1.638208673172E-14 -1.861295917695E-01  5.078117087832E+02  8.195120247163E-01  1.053101153876E+00 -6.369156795098E-01 -1.468048618469E-03 -4.181101224503E+00  3.290854152978E+00  7.691680096066E-04 -7.124772224328E-02  7.047855423383E-02 -4.927293502260E-02 -4.946280167851E-04  2.806680758029E-06  1.512937053958E-06 -2.709503590104E-06  1.192521590565E-01 -2.806680729632E-06  1.499971388801E-03 -1.064277344645E-19  1.042748465143E-20 -3.542803596906E-20 -3.063250071563E-03
  2.584711617935E+02  2.614082292204E+02  2.250308744041E+01  1.608468196236E-14 -1.857355967153E-01  5.096835158581E+02  8.187809405749E-01  1.051498742745E+00 -6.323609546510E-01 -1.532587246134E-03 -4.178816671562E+00  3.280084430316E+00 -8.640756992026E-04 -6.677002258971E-02  6.763409828887E-02 -4.880713915918E-02 -2.382129348362E-04  2.133114109051E-06  1.537750902763E-06 -2.459778888301E-06  1.169851006146E-01 -2.133114107119E-06  1.507740632634E-03 -8.991432847783E-20  1.435880734176E-20 -1.802510969616E-20 -3.033867954332E-03
  2.643452966473E+02  2.673704760971E+02  2.254635359524E+01  1.532399012540E-14 -1.850143349958E-01  5.115839789680E+02  8.180891392336E-01  1.048630909633E+00 -6.275740876696E-01 -1.474643240791E-03 -4.169723553167E+00  3.272522828960E+00 -2.439155929139E-03 -6.225170461692E-02  6.469086054595E-02 -4.843424718261E-02 -3.425602859398E-04  8.267932291833E-07  6.214019794737E-07 -2.197101370684E-06  1.151411650010E-01 -8.267932045949E-07  2.019286417720E-03 -1.145146462356E-19  7.041023675400E-21 -2.649745594268E-20 -3.016850149154E-03
  2.703956555468E+02  2.735115903800E+02  2.259017830918E+01  1.632225581184E-14 -1.841987300207E-01  5.135147528095E+02  8.173287090681E-01  1.045080292768E+00 -6.227290473061E-01 -1.502994910162E-03 -4.159000769098E+00  3.266765730964E+00 -3.863902265853E-03 -5.767610720404E-02  6.154000946951E-02 -4.810844465291E-02 -4.792876012973E-04 -2.986100081868E-06 -6.776656950951E-07  8.790889656552E-07  1.133639362354E-01  2.986100144191E-06  2.341273247580E-03 -1.007833478150E-19  7.116495837996E-21 -1.847060633857E-20 -3.004324767593E-03
  2.766275252132E+02  2.798369380914E+02  2.263466410324E+01  1.818274352336E-14 -1.831693159968E-01  5.154793716376E+02  8.165395173087E-01  1.040959418606E+00 -6.176018266598E-01 -1.488918003244E-03 -4.144053530431E+00  3.258256153969E+00 -5.438838207308E-03 -5.283109752730E-02  5.826993573463E-02 -4.806928298406E-02 -4.512500093801E-04 -1.903830331116E-06 -1.789745944462E-06  1.878574547077E-06  1.112618144835E-01  1.903830386916E-06  2.677084559486E-03 -9.764005854869E-20  1.824217816633E-20 -2.052349231894E-21 -2.994372018083E-03
  2.830463509696E+02  2.863520462341E+02  2.267945418993E+01  1.659234316782E-14 -1.820274813540E-01  5.174576395841E+02  8.155578708911E-01  1.037402724510E+00 -6.124483416837E-01 -1.459049536842E-03 -4.127208527015E+00  3.255638366394E+00 -6.892359960978E-03 -4.812889531525E-02  5.502125527598E-02 -4.779937728573E-02 -7.181910147100E-04  2.819017442432E-07 -2.542730242408E-06 -1.164804990479E-06  1.088490174554E-01 -2.819017776088E-07  3.005756728907E-03 -7.400024674097E-20  1.619541620900E-20  4.160052201559E-21 -2.973952153359E-03
  2.896577414987E+02  2.930626076211E+02  2.272462190165E+01  1.191930159173E-14 -1.806802965052E-01  5.194557927192E+02  8.143352750772E-01  1.034083726247E+00 -6.071055591271E-01 -1.435993227562E-03 -4.106706804813E+00  3.256433992839E+00 -8.484820400442E-03 -4.338573317423E-02  5.187055357496E-02 -4.737002159961E-02 -8.852244982773E-04 -1.102305212592E-06 -2.851615115933E-06 -7.058327189944E-07  1.066250880705E-01  1.102305169804E-06  3.649364763565E-03 -7.032299137351E-20  5.463079320641E-21 -4.841587051223E-22 -2.950529757754E-03
  2.964674737436E+02  2.999744858498E+02  2.277021116335E+01  9.643362641985E-15 -1.789189643498E-01  5.214755849582E+02  8.129270658224E-01  1.030446172520E+00 -6.017055233973E-01 -1.404417873346E-03 -4.077931909198E+00  3.257975589245E+00 -1.014757562267E-02 -3.866669382300E-02  4.881426944575E-02 -4.709106027512E-02 -1.103205455218E-03  1.607516669767E-06 -2.527591813497E-06  2.872967005342E-06  1.048216275990E-01 -1.607516728635E-06  3.665161212491E-03 -1.062948784123E-19  1.148372087199E-20 -2.974756134179E-21 -2.944041948797E-03
  3.034814979559E+02  3.070937204253E+02  2.281652918756E+01  1.155943215858E-14 -1.774672191516E-01  5.235319598466E+02  8.112359333098E-01  1.026514678953E+00 -5.960265902545E-01 -1.327413044873E-03 -4.056213142750E+00  3.261001100930E+00 -1.171416543105E-02 -3.395076839468E-02  4.566493382587E-02 -4.701571307698E-02 -9.411561663732E-04  2.475556533034E-06 -2.105328332843E-06  3.953394945568E-06  1.037475554305E-01 -2.475556533492E-06  3.945726730719E-03 -9.142621090806E-20  1.428702231177E-20 -4.252211905133E-21 -2.932936361501E-03
  3.107059428946E+02  3.144265320380E+02  2.286389659173E+01  1.594345192616E-14 -1.753692204110E-01  5.256411575133E+02  8.090960911973E-01  1.022608119848E+00 -5.901966836212E-01 -1.184622666254E-03 -4.019468601945E+00  3.271117654985E+00 -1.319975069352E-02 -2.933458595158E-02  4.253433664528E-02 -4.703272983848E-02 -1.425063898964E-03  5.255013015890E-07 -1.784173631545E-06  4.913923864574E-06  1.030385769636E-01 -5.255012706306E-07  5.816299338823E-03 -6.167686398284E-20  1.397261676673E-20  1.153980977330E-21 -2.943524064384E-03
  3.181471211814E+02  3.219793279992E+02  2.291234544194E+01  2.260657156264E-14 -1.720734102333E-01  5.278024183369E+02  8.064474619679E-01  1.018554257985E+00 -5.842819353504E-01 -1.093657774559E-03 -3.954012939527E+00  3.280990998997E+00 -1.467381448755E-02 -2.452405856410E-02  3.919787305164E-02 -4.708150422573E-02 -1.860689139975E-03 -1.240189004820E-06 -1.353234209721E-06  6.566531862989E-06  1.015141889694E-01  1.240189078091E-06  7.871398064298E-03 -8.005576237072E-20  1.434785237512E-20  2.592818440462E-20 -2.935664858316E-03
  3.258115348169E+02  3.297587078391E+02  2.296112201470E+01  2.765703826258E-14 -1.678421332270E-01  5.299826887704E+02  8.033078379487E-01  1.012691236869E+00 -5.780803571613E-01 -9.934751844436E-04 -3.866264824663E+00  3.292644821684E+00 -1.623316258512E-02 -1.967300343794E-02  3.590616602292E-02 -4.694649295661E-02 -2.459315622222E-03 -2.788164190255E-06 -8.839793250057E-07  8.237821894888E-06  1.003581956123E-01  2.788164140258E-06  9.947227258018E-03 -8.164969784717E-20  2.012889884212E-20  2.154757454257E-20 -2.941831129144E-03
  3.337058808614E+02  3.377714690743E+02  2.301135871897E+01  3.130220937777E-14 -1.622681078035E-01  5.322333401726E+02  7.996593362663E-01  1.006162076462E+00 -5.717587630957E-01 -9.052609378843E-04 -3.747809886577E+00  3.309695022092E+00 -1.768834256708E-02 -1.504297562979E-02  3.273131819698E-02 -4.726680263466E-02 -3.322290817065E-03 -2.405902905870E-06 -3.515133987193E-07  7.093673842460E-06  9.984583830408E-02  2.405902946090E-06  1.137941568488E-02 -5.718094631730E-20  1.411469424296E-20 -6.893714745854E-23 -2.969015591889E-03
  3.418370572872E+02  3.460246131465E+02  2.306260152464E+01  3.665383101203E-14 -1.562723537833E-01  5.345358945593E+02  7.955384378022E-01  1.000100621802E+00 -5.652021610490E-01 -8.170100068890E-04 -3.618284605321E+00  3.324477137137E+00 -1.915014746782E-02 -1.036250306614E-02  2.951265053371E-02 -4.759618262899E-02 -3.414946120111E-03 -1.861073820856E-06  1.024679213443E-07  3.761655769915E-06  9.847806041434E-02  1.861073820229E-06  1.200191451829E-02 -4.840467954866E-20  4.452675565686E-21  1.306601208801E-20 -2.972114849779E-03
  3.502121690058E+02  3.545253515409E+02  2.311444637015E+01  4.118677288690E-14 -1.496935574542E-01  5.368712542190E+02  7.908310723650E-01  9.953489511474E-01 -5.585162727245E-01 -6.562159195577E-04 -3.475986517720E+00  3.346718974141E+00 -2.056432502375E-02 -5.678638583595E-03  2.624296360697E-02 -4.759264940180E-02 -3.709724124039E-03 -3.273566817635E-06  5.024053232848E-07  1.130677974991E-06  9.776538784392E-02  3.273566844273E-06  1.242113302602E-02 -6.772917458995E-20  3.437740321492E-21  3.347985492889E-20 -2.988952961631E-03
  3.588385340760E+02  3.632811120872E+02  2.316801199082E+01  4.356089071631E-14 -1.428748466956E-01  5.392932504506E+02  7.854112935339E-01  9.892002584959E-01 -5.514497574970E-01 -4.885014084028E-04 -3.327805166501E+00  3.370402008505E+00 -2.186535862288E-02 -1.126063165441E-03  2.299142178888E-02 -4.806198949971E-02 -3.846782032130E-03 -2.977359479642E-06  7.126100322753E-07  8.210390342105E-07  9.709476558916E-02  2.977359443076E-06  1.247225440231E-02 -6.410520206149E-20  7.476076921458E-21  2.030282414077E-20 -3.002502131551E-03
  3.677236900983E+02  3.722995454498E+02  2.322228413667E+01  4.451738601594E-14 -1.358317042836E-01  5.417585621229E+02  7.794448778143E-01  9.825277221770E-01 -5.444229244370E-01 -3.249302634179E-04 -3.171812958557E+00  3.400586876095E+00 -2.297663247731E-02  3.640291014524E-03  1.933634146305E-02 -4.817654473190E-02 -4.032764867755E-03 -1.608285709979E-06  5.267677001362E-07 -1.405043929551E-06  9.646873621147E-02  1.608285711243E-06  1.279053659887E-02 -5.045051514209E-20  5.908837438767E-21  3.469032044245E-20 -3.038291755378E-03
  3.768754008012E+02  3.815885318133E+02  2.327837581876E+01  4.618399557464E-14 -1.282295960208E-01  5.443113451095E+02  7.729332947186E-01  9.739384635960E-01 -5.368394855152E-01 -2.148619407755E-04 -2.999386818312E+00  3.432409052580E+00 -2.433034172595E-02  8.054069008493E-03  1.627627271734E-02 -4.891383414685E-02 -4.349406027162E-03 -2.151051471370E-07 -9.402119137939E-08 -2.390853659111E-07  9.608503994342E-02  2.151051267951E-07  1.344601431580E-02 -4.288501823349E-20 -2.758435165772E-21  4.220521437061E-20 -3.066330280183E-03
  3.863016628253E+02  3.911561877677E+02  2.333551030429E+01  4.866221011215E-14 -1.199760166585E-01  5.469179105723E+02  7.658787296377E-01  9.627800311915E-01 -5.293140682223E-01  7.006908632130E-05 -2.813159504700E+00  3.464113330222E+00 -2.573790634585E-02  1.284368778815E-02  1.289421855783E-02 -4.926521930609E-02 -4.652020803624E-03 -6.744670192480E-07 -9.240068939208E-07  1.458155167616E-06  9.586423600114E-02  6.744670159168E-07  1.435244778912E-02 -5.241325475091E-20  7.722930927206E-21  2.317101315937E-20 -3.099232271112E-03
  3.960107127100E+02  4.010108734007E+02  2.339472704294E+01  5.039494096910E-14 -1.108071158298E-01  5.496306351030E+02  7.582431674944E-01  9.518600192821E-01 -5.213079442721E-01  1.205853849191E-04 -2.603582602998E+00  3.496695063088E+00 -2.710982800136E-02  1.721863395175E-02  9.891194049869E-03 -4.982127054614E-02 -4.843888846733E-03  4.507350681070E-07 -1.201033165492E-06  1.604102576472E-06  9.505562635469E-02 -4.507350919899E-07  1.472134087739E-02 -1.397811830467E-20 -1.154574698380E-20  4.098503720029E-20 -3.111672134917E-03
  4.060110340913E+02  4.111611996027E+02  2.345434427768E+01  5.226466207158E-14 -1.015877426473E-01  5.523699577854E+02  7.502221263301E-01  9.440469610941E-01 -5.133815659262E-01  2.712227428502E-04 -2.394056215327E+00  3.529177182641E+00 -2.823903087732E-02  2.155073089889E-02  6.688299978335E-03 -4.968539364454E-02 -4.903318060282E-03  3.115964590749E-06 -1.291076486921E-06  2.224344170370E-06  9.352169547803E-02 -3.115964564536E-06  1.502165669683E-02 -4.161886080862E-20 -5.712469546413E-21  6.065914691857E-20 -3.103767022332E-03
  4.163113651141E+02  4.216160355908E+02  2.351514850766E+01  5.446335107443E-14 -9.146595091224E-02  5.551709491628E+02  7.418141722975E-01  9.332249280306E-01 -5.048684759003E-01  3.213141535998E-04 -2.162646499051E+00  3.569740707753E+00 -2.931089923610E-02  2.565460384373E-02  3.656295392441E-03 -4.978398038036E-02 -5.239702355725E-03  5.812776434256E-06 -1.241309556557E-06  2.040082135700E-06  9.241058487150E-02 -5.812776390128E-06  1.522126997133E-02 -3.111054473873E-20 -4.309092295903E-21  5.688290082481E-20 -3.121677846473E-03
  4.269207060675E+02  4.323845166585E+02  2.357691180390E+01  5.439155267677E-14 -8.136815028522E-02  5.580225554823E+02  7.328881971936E-01  9.226219813727E-01 -4.964916355547E-01  5.078524055809E-04 -1.931278191335E+00  3.614044851672E+00 -3.055419120289E-02  2.981539420928E-02  7.387969937111E-04 -5.001749066713E-02 -5.210189615106E-03  2.976722647288E-06 -3.151572954830E-07  3.288948889798E-06  9.106997049790E-02 -2.976722670322E-06  1.381915145128E-02 -2.286504478649E-20 -1.011796529305E-21  6.178710317630E-20 -3.127613235499E-03
  4.378483272495E+02  4.434760521583E+02  2.363956840903E+01  5.249090123787E-14 -7.255521493310E-02  5.609267795556E+02  7.237649288615E-01  9.141324310649E-01 -4.873951796372E-01  3.317389218222E-04 -1.729323239948E+00  3.658050321089E+00 -3.172712532161E-02  3.378791820619E-02 -2.060792884317E-03 -5.014344525261E-02 -4.523253694337E-03 -2.292954426436E-07  1.046939295524E-06 -2.356250122273E-06  8.960197212808E-02  2.292954155956E-07  1.167653164966E-02 -3.000554876261E-20 -3.093178452825E-21  5.870056652566E-20 -3.128240984651E-03
  4.491037770670E+02  4.549003337230E+02  2.370298669866E+01  5.227955727471E-14 -6.492867420549E-02  5.638789032864E+02  7.144040319131E-01  9.015361655923E-01 -4.783213059557E-01  6.348741253713E-04 -1.552778801064E+00  3.701419381700E+00 -3.275360213744E-02  3.749221599613E-02 -4.738613858738E-03 -4.995968058617E-02 -3.980019692159E-03 -1.923256945360E-06  1.937322148275E-06 -4.632370721396E-06  8.869619490233E-02  1.923256934460E-06  1.191608136162E-02 -1.411760619039E-20  6.664230646867E-21  7.715008201488E-20 -3.129754987220E-03
  4.606968903790E+02  4.666673437347E+02  2.376809582766E+01  5.273651090473E-14 -5.529111781107E-02  5.669192994176E+02  7.044467155933E-01  8.845997938931E-01 -4.686658538303E-01  4.147949863058E-04 -1.326334757920E+00  3.758571369620E+00 -3.348356684344E-02  4.097353971136E-02 -7.489972867838E-03 -5.026817063576E-02 -4.740962215783E-03 -3.558453861261E-07  1.528183179811E-06 -6.367004168981E-06  8.788579416922E-02  3.558453682039E-07  1.194109355616E-02 -1.182061519281E-20 -8.960923247115E-21  7.593870991826E-20 -3.143947664459E-03
  4.726377970904E+02  4.787873640468E+02  2.383413874067E+01  5.363457218864E-14 -4.712791320779E-02  5.700114785000E+02  6.934348912476E-01  8.678924419300E-01 -4.588371166112E-01  6.988658002576E-04 -1.132606316655E+00  3.819029957772E+00 -3.422664884964E-02  4.434923995357E-02 -1.012259110357E-02 -5.035593640906E-02 -4.171001363464E-03 -1.468165044603E-07  8.832345190008E-07 -6.092763455116E-06  8.759287568950E-02  1.468165367168E-07  9.508664757117E-03 -3.133640725686E-20  1.341533579617E-21  6.850309524858E-20 -3.169658789843E-03
  4.849369310031E+02  4.912709849682E+02  2.390274201006E+01  5.189676625360E-14 -4.068775268018E-02  5.732339269289E+02  6.814673947207E-01  8.486904010570E-01 -4.485372396706E-01  6.951337173585E-04 -9.797368645067E-01  3.898724082160E+00 -3.498586911440E-02  4.799261699853E-02 -1.300674788325E-02 -5.155814110534E-02 -3.221939030324E-03 -1.214071328579E-07  8.437072321396E-07 -2.588714448982E-06  8.975509467065E-02  1.214070268793E-07  7.687243643061E-03  3.268216210622E-21  8.624159819046E-21  7.546147716604E-20 -3.291138727088E-03
  4.976050389332E+02  5.041291145172E+02  2.397626352012E+01  4.577272277930E-14 -3.494580476268E-02  5.767027781659E+02  6.692333873728E-01  8.274201086597E-01 -4.381181406728E-01  9.528054414573E-04 -8.428297695608E-01  3.974666270488E+00 -3.527114464228E-02  5.106915317653E-02 -1.579800853401E-02 -5.380644312677E-02 -2.883847908113E-03 -3.375274579951E-07  1.467053918625E-06 -1.088331639143E-06  9.178752498753E-02  3.375275157851E-07  5.795837100486E-03  1.135765145261E-20 -1.196337598495E-20  7.417352166102E-20 -3.416062807305E-03
  5.106531901012E+02  5.173729879527E+02  2.405244166760E+01  4.148593440711E-14 -3.123824120606E-02  5.803048159572E+02  6.566804923573E-01  8.071478200000E-01 -4.272327759893E-01  9.802717747824E-04 -7.528950404363E-01  4.048100264967E+00 -3.566800901990E-02  5.401307652250E-02 -1.834506750208E-02 -5.545382147950E-02 -1.976372574208E-03  4.902110100146E-08  1.827679201177E-06 -2.017346428139E-06  9.165881536026E-02 -4.902115304200E-08  4.403812828365E-03  3.379941463916E-21  1.392211403982E-20  7.427288451769E-20 -3.486137262030E-03
  5.240927858042E+02  5.310141775913E+02  2.413025264266E+01  3.743489141358E-14 -2.756486287867E-02  5.839959655983E+02  6.436386133949E-01  7.857833895201E-01 -4.159137898690E-01  1.369585381477E-03 -6.681427439418E-01  4.116027232562E+00 -3.609045055091E-02  5.672451114171E-02 -2.063406059013E-02 -5.586158786641E-02 -2.002915001872E-03  3.935915866320E-07  1.559587524515E-06 -2.213293200891E-06  9.026955704268E-02 -3.935916391966E-07  3.825388785409E-03 -1.158750888360E-20  1.826278348429E-20  7.842498490173E-20 -3.493209325099E-03
  5.379355693784E+02  5.450646029190E+02  2.420864684320E+01  3.136545298661E-14 -2.464005081259E-02  5.877274880630E+02  6.306686493988E-01  7.673111712447E-01 -4.042771760044E-01  1.418526972310E-03 -6.010521804278E-01  4.187248417202E+00 -3.667332099525E-02  5.921378161795E-02 -2.254046062290E-02 -5.593574709474E-02 -1.544150956104E-03  1.316545229775E-06  1.346239166562E-06  1.830917607535E-08  8.925869332405E-02 -1.316545284861E-06  3.987718789118E-03 -6.888631263163E-21  1.276048566255E-20  8.661753072645E-20 -3.502221015410E-03
  5.521936364597E+02  5.595365410066E+02  2.428931740873E+01  2.777314059432E-14 -2.047543624365E-02  5.915851361345E+02  6.173858428267E-01  7.471032199759E-01 -3.922254277271E-01  1.774979751233E-03 -5.031588398977E-01  4.249150025955E+00 -3.679866429757E-02  6.097185357776E-02 -2.417318928022E-02 -5.595246116113E-02 -2.401252466647E-03 -1.856480652432E-06  3.186993743054E-07  1.170870335120E-07  8.724839370079E-02  1.856480657373E-06  4.189231158370E-03  1.448408404432E-20  1.421072805382E-20  6.937607802770E-20 -3.468132689735E-03
  5.668794455535E+02  5.743794455535E+02  2.436880468729E+01  2.658175752899E-14 -1.695118798456E-02  5.953967552727E+02  6.038233711880E-01  7.259773118542E-01 -3.800300709575E-01  1.818096950558E-03 -4.175401577187E-01  4.271658974292E+00 -3.661621369800E-02  6.196406690274E-02 -2.534785320464E-02 -5.472116952665E-02 -2.290515929237E-03 -2.551592039636E-06 -8.374907362929E-07  6.256828616303E-08  8.381855933531E-02  2.551591980534E-06  4.089072114151E-03  4.906242759376E-21  8.248815019715E-22  9.471219968981E-20 -3.393808443513E-03
  5.818794455535E+02  5.893794455535E+02  2.444650077570E+01  2.586886906762E-14 -1.279120208909E-02  5.991374141939E+02  5.907549004824E-01  7.095396205748E-01 -3.672995255079E-01  2.232481517487E-03 -3.126074732389E-01  4.212307383545E+00 -3.613151302046E-02  6.062068721201E-02 -2.448917419155E-02 -5.285538153303E-02 -2.517692320469E-03 -7.432602491171E-07 -1.234656350936E-06 -1.479701591002E-06  8.018374630444E-02  7.432602441831E-07  3.717239339452E-03 -2.245579901192E-20  5.490657294252E-21  8.021984929335E-20 -3.181271932395E-03
  5.968794455535E+02  6.043794455535E+02  2.451915950806E+01  2.751432659183E-14 -9.958038731538E-03  6.026413600070E+02  5.774619040091E-01  6.924700356288E-01 -3.549754691408E-01  2.151548375515E-03 -2.425291226476E-01  4.153636094927E+00 -3.527719400570E-02  5.920140473158E-02 -2.392421072577E-02 -4.898664989355E-02 -1.676429260815E-03 -5.148647850175E-07 -9.673891290914E-07  4.851059795616E-07  7.759830658684E-02  5.148647531602E-07  3.345574058624E-03 -3.151955019147E-21  1.443775732888E-20  8.593860811863E-20 -3.014797465616E-03
  6.118794455535E+02  6.193794455535E+02  2.459199211484E+01  2.866901742769E-14 -6.514766742355E-03  6.061653960533E+02  5.635786678802E-01  6.721867685195E-01 -3.422291410219E-01  2.512929989233E-03 -1.589234721010E-01  4.096632190156E+00 -3.444050366115E-02  5.777685264730E-02 -2.333634898602E-02 -4.759461240231E-02 -1.636926090340E-03  5.019610711047E-08 -5.174857572163E-07  2.312472918862E-06  7.607081521516E-02 -5.019609080059E-08  2.508122347085E-03 -3.676117405412E-20  8.560318739203E-21  7.501127616324E-20 -2.905485366467E-03
  6.268794455535E+02  6.343794455535E+02  2.466179688287E+01  2.762888209233E-14 -5.269327385334E-03  6.095496061456E+02  5.493266180992E-01  6.514356435891E-01 -3.296631051823E-01  2.458439489729E-03 -1.308329450253E-01  4.032779547626E+00 -3.374879640739E-02  5.629011172579E-02 -2.254131531806E-02 -4.546385480904E-02 -6.091358759237E-04 -2.457298106483E-07 -4.302487320544E-07  1.317034256564E-06  7.435217382717E-02  2.457298432639E-07  1.288496147229E-03 -7.648768474476E-21  7.633640910499E-21  9.724241438981E-20 -2.799368100688E-03
  6.418794455535E+02  6.493794455535E+02  2.473138761330E+01  2.583074833853E-14 -4.107052167627E-03  6.129330163925E+02  5.345902387384E-01  6.300303741412E-01 -3.167531251288E-01  2.798627568929E-03 -1.028170610433E-01  3.969052233121E+00 -3.277516631081E-02  5.475372744810E-02 -2.197856113734E-02 -4.412753861669E-02 -2.070467541909E-04 -8.793020515398E-08 -1.273782745743E-07  1.827272669522E-06  7.391836483286E-02  8.793018333918E-08 -1.236231371601E-03 -5.257000408574E-21  1.652614272033E-20  9.286264517154E-20 -2.719738767067E-03
  6.568794455535E+02  6.643794455535E+02  2.480035724072E+01  2.370369386071E-14 -7.585526610401E-03  6.162936919713E+02  5.195441171642E-01  6.121252054735E-01 -3.040995969593E-01  2.530724235902E-03 -1.878079526036E-01  3.907821580483E+00 -3.191219596382E-02  5.347144934127E-02 -2.155925337750E-02 -4.321667737528E-02  1.080835347763E-03  5.593599812558E-07  4.571861873816E-07  6.568420885440E-07  7.398167316266E-02 -5.593599901394E-07 -1.377079922543E-03 -1.025279413885E-20  9.608780606156E-21  9.886998812813E-20 -2.694495774480E-03
  6.718794455535E+02  6.793794455535E+02  2.487009882486E+01  2.232566361600E-14 -6.686397104745E-03  6.197024828128E+02  5.045223013325E-01  5.927799065767E-01 -2.910098934942E-01  2.923332890170E-03 -1.634855299347E-01  3.850307065238E+00 -3.113633624413E-02  5.197418157995E-02 -2.083784533608E-02 -4.271728132674E-02 -4.683889839107E-04 -4.819454886355E-07  5.661297410862E-07 -1.144321488188E-06  7.328802530071E-02  4.819454452224E-07  7.637237670982E-04 -3.528590727505E-20  2.961560912858E-20  8.490587174867E-20 -2.626663772837E-03
  6.868794455535E+02  6.943794455535E+02  2.493780747982E+01  2.217528616606E-14 -6.165125883061E-03  6.230166594540E+02  4.891397041959E-01  5.731152426414E-01 -2.781031642881E-01  2.542459629430E-03 -1.448643259890E-01  3.799495733787E+00 -3.038898566398E-02  5.082879366072E-02 -2.043980799711E-02 -4.142703489391E-02 -4.906578836507E-04 -7.137073459573E-07  2.526131433868E-07 -2.792087320629E-06  7.229868736115E-02  7.137073472468E-07 -7.059940017844E-04 -2.056170903343E-20  2.371381083392E-20  8.059117063034E-20 -2.570817810845E-03
  7.018794455535E+02  7.093794455535E+02  2.500567521261E+01  2.474887876378E-14 -8.017075381268E-03  6.263509452190E+02  4.731719071087E-01  5.542998128035E-01 -2.651618824652E-01  3.060638124191E-03 -1.862757175599E-01  3.751736912008E+00 -2.998299489379E-02  5.009915948661E-02 -2.011616459259E-02 -4.096728139395E-02  2.692261243354E-04 -1.578788891448E-06  1.666198941439E-07 -1.715056967472E-06  7.181621637246E-02  1.578788939794E-06 -2.963409382995E-03 -1.685842751637E-20  2.436484980766E-20  6.661581647966E-20 -2.545949339412E-03
  7.168794455535E+02  7.243794455535E+02  2.507244612832E+01  2.880005251209E-14 -1.171794838865E-02  6.296397957939E+02  4.573411302441E-01  5.375427440288E-01 -2.519667719599E-01  2.627681358628E-03 -2.742454034029E-01  3.692597775667E+00 -2.883313726371E-02  4.884413246209E-02 -2.001099519856E-02 -4.018305328286E-02  1.313690587514E-03  9.238669139727E-07  3.668465551679E-07 -1.039126219731E-06  6.976901922407E-02 -9.238668971504E-07 -4.323602787941E-03 -2.782898605132E-20  2.724940470487E-20  6.623061684405E-20 -2.457328744112E-03
  7.318794455535E+02  7.393794455535E+02  2.513648953852E+01  3.052820937305E-14 -1.613874651920E-02  6.328047183163E+02  4.414159595069E-01  5.192275445532E-01 -2.389527758321E-01  2.935459391957E-03 -3.825123010634E-01  3.623821776171E+00 -2.787527852959E-02  4.726923812479E-02 -1.939395959519E-02 -3.823907179591E-02  1.282645603003E-03  7.032974670553E-07  7.966065347611E-07  5.263987781063E-08  6.611650293321E-02 -7.032974907690E-07 -4.035892179186E-03 -2.210335663285E-20  2.482417432253E-20  6.167757277340E-20 -2.312850658271E-03
  7.468794455535E+02  7.543794455535E+02  2.519642096735E+01  2.927031638623E-14 -1.929992591345E-02  6.357725989314E+02  4.244965245506E-01  5.026316161236E-01 -2.256035450838E-01  2.439217322641E-03 -4.619508106436E-01  3.548695369524E+00 -2.705206908231E-02  4.561948882564E-02 -1.856741974354E-02 -3.586892747831E-02  8.665954163567E-04 -2.197486196254E-07  1.527019906604E-06  1.357955085397E-06  6.475810523025E-02  2.197486132264E-07 -3.938376161851E-03 -4.018297186251E-20  2.603190235694E-20  6.603759787235E-20 -2.223871426942E-03
  7.618794455535E+02  7.693794455535E+02  2.525790904046E+01  2.564863823354E-14 -2.351976244430E-02  6.388312724107E+02  4.065631708330E-01  4.832946015926E-01 -2.125348076405E-01  2.553850209893E-03 -5.694343152309E-01  3.480006325870E+00 -2.629369491322E-02  4.419972635168E-02 -1.790603143889E-02 -3.529022286295E-02  1.074721797898E-03 -1.614935366012E-06  1.279937490800E-06 -7.040003004054E-07  6.308350984683E-02  1.614935384362E-06 -4.738768126114E-03 -3.917935278301E-20  3.696988872154E-20  5.820735963054E-20 -2.144565130978E-03
  7.768794455535E+02  7.843794455535E+02  2.531470419602E+01  2.000880306348E-14 -2.817703398813E-02  6.416606684818E+02  3.879117101632E-01  4.656339997934E-01 -1.989889069306E-01  2.172532995071E-03 -6.865890340748E-01  3.417243594812E+00 -2.609943235785E-02  4.309579768015E-02 -1.699636532233E-02 -3.308533447042E-02  1.324641194534E-03 -1.075338436145E-06  1.610872824975E-07 -7.829640741561E-07  5.986470098902E-02  1.075338413994E-06 -5.608010291796E-03 -2.937018253551E-20  3.817220400525E-20  6.453023557384E-20 -2.005054183561E-03
  7.918794455535E+02  7.993794455535E+02  2.537015923406E+01  1.299748528116E-14 -3.401968409866E-02  6.444323625000E+02  3.685595629264E-01  4.469548056290E-01 -1.857445462015E-01  2.146415310556E-03 -8.392672419796E-01  3.357289052318E+00 -2.520603533725E-02  4.181600651346E-02 -1.660997117597E-02 -3.129775134782E-02  1.999932289201E-03  7.957441394261E-08 -3.073678584458E-07 -2.473318451487E-06  5.822553444663E-02 -7.957447573041E-08 -6.187384630387E-03 -4.184108089168E-20  3.503451503839E-20  5.465464117874E-20 -1.911898560989E-03
  8.068794455535E+02  8.143794455535E+02  2.542388036002E+01  6.754898707893E-15 -3.977335879165E-02  6.471257987050E+02  3.487282027504E-01  4.314905262170E-01 -1.720428530876E-01  1.919267953338E-03 -9.870397362276E-01  3.289831187964E+00 -2.434659447831E-02  4.062286784573E-02 -1.627627336745E-02 -2.986133520005E-02  1.903549853499E-03  1.270859129187E-06 -2.082392122394E-07 -2.130313238152E-06  5.614406916130E-02 -1.270859181738E-06 -5.683589492072E-03 -3.966010229421E-20  3.768357046963E-20  6.582707417589E-20 -1.812534358476E-03
  8.218794455535E+02  8.293794455535E+02  2.547542702195E+01  2.912694707458E-15 -4.468552988657E-02  6.497168646371E+02  3.288047027671E-01  4.152968390508E-01 -1.587272017174E-01  1.716121857991E-03 -1.117301640269E+00  3.224106413138E+00 -2.387713664474E-02  3.950281723225E-02 -1.562568058741E-02 -2.790782539413E-02  1.688137718234E-03  1.505384861801E-06 -3.800721616897E-07 -3.031257955427E-06  5.304792455175E-02 -1.505384881007E-06 -4.475398909589E-03 -3.781715666124E-20  3.396481476922E-20  6.069026637939E-20 -1.676660284139E-03
  8.368794455535E+02  8.443794455535E+02  2.552334005010E+01 -7.304055906106E-16 -4.815458368145E-02  6.521310798582E+02  3.086433825576E-01  4.003993582144E-01 -1.449510253894E-01  1.425950509827E-03 -1.210980168196E+00  3.152093472977E+00 -2.286452342094E-02  3.812906965521E-02 -1.526454623403E-02 -2.571263697955E-02  1.373642068779E-03 -2.791970014669E-07 -4.085686124963E-07 -1.417391023553E-06  4.889330604922E-02  2.791969701128E-07 -3.335903286697E-03 -3.391005331552E-20  3.637441555598E-20  5.569362665279E-20 -1.530131570143E-03
  8.518794455535E+02  8.593794455535E+02  2.556711086570E+01 -4.983317921364E-15 -5.094033960657E-02  6.543439807423E+02  2.879453655341E-01  3.847207573630E-01 -1.312990184332E-01  1.447918205809E-03 -1.289621264488E+00  3.076316608930E+00 -2.213892624668E-02  3.638214929033E-02 -1.424322304370E-02 -2.323264542192E-02  1.249896608782E-03  6.009716532029E-07 -4.704676347735E-07 -4.112645101932E-06  4.647905228136E-02 -6.009716685317E-07 -4.289039465276E-03 -4.225281535582E-20  3.094638822458E-20  5.043684353341E-20 -1.408231828261E-03
  8.668794455535E+02  8.743794455535E+02  2.561049510654E+01 -6.836970713967E-15 -5.622347902286E-02  6.565420015427E+02  2.664187588264E-01  3.710750634317E-01 -1.175382689065E-01  1.121943296260E-03 -1.431455701124E+00  3.011179753874E+00 -2.136898169321E-02  3.497798974926E-02 -1.360900805585E-02 -2.205513472757E-02  1.905850688629E-03 -2.552883255278E-07 -1.214469247498E-06 -3.228761518678E-06  4.552293431347E-02  2.552883742050E-07 -3.857025408630E-03 -3.844685264457E-20  2.900839027802E-20  5.177060382723E-20 -1.352281453339E-03
  8.818794455535E+02  8.893794455535E+02  2.565245856080E+01 -6.231467996413E-15 -5.818119080758E-02  6.586718432845E+02  2.440178877930E-01  3.599056604193E-01 -1.036607020724E-01  1.011997239517E-03 -1.489062575344E+00  2.939989824979E+00 -2.045470556238E-02  3.357629402112E-02 -1.312158845887E-02 -2.098122200115E-02  1.199445894591E-03 -5.771240417602E-07 -1.979189659829E-06 -2.671007513227E-06  4.325035742290E-02  5.771240329821E-07 -3.219800013488E-03 -4.815739903848E-20  3.520365790557E-20  5.219072921296E-20 -1.251474279134E-03
  8.968794455535E+02  9.043794455535E+02  2.569158791495E+01 -3.496395736593E-15 -6.224757823355E-02  6.606619152753E+02  2.205105814812E-01  3.504355713221E-01 -8.998361346772E-02  9.270498272031E-04 -1.597311931308E+00  2.880264907943E+00 -1.952612675795E-02  3.221860154850E-02 -1.269247479053E-02 -1.914280813345E-02  1.487349085462E-03 -1.085387637712E-06 -2.267487768731E-06 -1.417893282155E-06  4.105172036864E-02  1.085387659819E-06 -3.880184297465E-03 -5.595188746553E-20  3.110165967876E-20  5.765847281956E-20 -1.168070570867E-03
  9.118794455535E+02  9.193794455535E+02  2.572943478795E+01  9.609352520877E-17 -6.545071038601E-02  6.625906716784E+02  1.956814018617E-01  3.434921088040E-01 -7.588992900155E-02  6.609235842555E-04 -1.684016734911E+00  2.828732040983E+00 -1.885653749144E-02  3.115963800369E-02 -1.230310051218E-02 -1.825833320543E-02  1.475149306524E-03 -1.084285875154E-06 -2.167369531766E-06 -3.010200625039E-06  3.999184078649E-02  1.084285897517E-06 -4.691293839478E-03 -4.102868070273E-20  2.609742405559E-20  5.449580996085E-20 -1.116025195146E-03
  9.268794455535E+02  9.343794455535E+02  2.576656946510E+01  5.015766809414E-16 -7.104775706449E-02  6.644846378525E+02  1.690968129062E-01  3.364083328873E-01 -6.202921368125E-02  6.699916385683E-04 -1.831920727675E+00  2.775042568238E+00 -1.802047952112E-02  2.982950850630E-02 -1.180902898539E-02 -1.739780761317E-02  1.503662100337E-03 -6.659488328498E-07 -2.230691136560E-06 -3.679361745212E-06  4.006832520041E-02  6.659487816033E-07 -3.293346658603E-03 -4.276440183828E-20  2.634315640533E-20  6.146355562428E-20 -1.079503353521E-03
  9.418794455535E+02  9.493794455535E+02  2.580455544368E+01  4.434373332939E-17 -7.163117229602E-02  6.664228485169E+02  1.392075974936E-01  3.333181568575E-01 -4.791068192066E-02  2.379705753267E-04 -1.851759087255E+00  2.738390039075E+00 -1.700148586214E-02  2.863160398668E-02 -1.163011812468E-02 -1.720136230406E-02  4.585753997008E-05 -2.866801839053E-07 -1.668020722611E-06 -2.074180876649E-06  4.181092105641E-02  2.866801775964E-07 -1.940977008048E-03 -2.961687649535E-20  2.096819390203E-20  5.822510101812E-20 -1.083121208785E-03
  9.568794455535E+02  9.643794455535E+02  2.584496923857E+01  1.827757518180E-15 -7.469050703841E-02  6.684926559801E+02  1.045534491465E-01  3.399670285216E-01 -3.372797332647E-02  2.749038448721E-04 -1.933726723954E+00  2.749483493613E+00 -1.673074996636E-02  2.826029945477E-02 -1.152954948850E-02 -1.760402582244E-02  4.535574586334E-04  3.895960277189E-07 -8.258977258382E-07  2.230410104176E-07  4.658049317845E-02 -3.895960430545E-07 -3.490065403804E-03 -4.197933947497E-20  8.314342331550E-21  6.057983997483E-20 -1.158660405237E-03
  9.718794455535E+02  9.793794455535E+02  2.589190196384E+01  3.049990975834E-15 -7.817504929096E-02  6.709171153082E+02  6.334946378173E-02  3.605753612553E-01 -1.953054745182E-02 -1.565175139216E-04 -2.029171648284E+00  2.907459840984E+00 -1.704999038012E-02  3.061150047421E-02 -1.356151009411E-02 -1.989160556190E-02  6.989304584480E-04 -6.610527941785E-07 -5.251033902688E-07 -2.118425363828E-07  5.731609365035E-02  6.610527914728E-07 -7.255337405856E-03 -1.969015565487E-20 -2.987813749627E-21  7.243373454863E-20 -1.435887438171E-03
  9.868794455535E+02  9.943794455535E+02  2.595243296733E+01  1.443553237287E-15 -8.829669874242E-02  6.740822544180E+02  1.284839863382E-02  4.161503766366E-01 -5.680370611460E-03  1.314599375149E-04 -2.295614257925E+00  2.907961999050E+00 -1.951454232174E-02  3.293298141303E-02 -1.341843909195E-02 -2.350833031096E-02  2.415030898602E-03  1.069787596850E-06 -1.843999964297E-07  3.051361808090E-06  3.228557130282E-02 -1.069787621205E-06 -5.396663395878E-03 -1.675294440270E-20 -3.528354521061E-21  6.759076174541E-20 -6.820442343533E-04
