                   y                  ym                   U                   V                   W                 U^2                 V^2                 W^2                  UV                  VW                  UW                VISC               SFSxx               SFSyy               SFSzz               SFSxy               SFSyz                dUdX                dVdX                dWdX                dUdY                dVdY                dWdY                dUdZ                dVdZ                dWdZ              SFSxym
 -4.000000000000E+00 -2.000000000000E+00  0.000000000000E+00  0.000000000000E+00  0.000000000000E+00  0.000000000000E+00  0.000000000000E+00  0.000000000000E+00  0.000000000000E+00  0.000000000000E+00  0.000000000000E+00  0.000000000000E+00  0.000000000000E+00  0.000000000000E+00  0.000000000000E+00  0.000000000000E+00  0.000000000000E+00  0.000000000000E+00  0.000000000000E+00  0.000000000000E+00  0.000000000000E+00  0.000000000000E+00  0.000000000000E+00  0.000000000000E+00  0.000000000000E+00  0.000000000000E+00  0.000000000000E+00
  2.220446049250E-16  2.000000000000E+00  1.563536746852E+01  2.931770458637E-15 -5.110188008913E-03  2.481854486607E+02  7.100396737333E-02  9.437939282681E-01 -2.054529430316E-01 -7.822091091012E-04 -8.275737127648E-02  7.899862246638E-01 -8.573607852621E-04  4.246951971616E-03 -3.389591186115E-03 -6.270643821083E+00  6.897677674732E-03 -5.621749289245E-04 -5.085972116658E-05 -6.851826977629E-06  6.529486330449E+01  5.621749290037E-04 -4.165309113479E-03 -3.946013622425E-19  1.537291227106E-21  1.537056882101E-19 -7.854617568151E-03
  4.000000000000E+00  6.000000000000E+00  1.701206664008E+01  7.877888807152E-15  3.005389238983E-03  2.925176759778E+02  2.829499180748E-01  8.355660831377E-01 -3.762170693479E-01 -1.956447389027E-03  5.457963923852E-02  5.882212401640E+00  2.095553508452E-01 -2.874822155601E-01  7.792686471588E-02 -1.037762575326E+00 -1.204525463500E-01  1.526498065631E-04 -7.880380677242E-05 -2.211233180690E-06  3.729443743633E+00 -1.526498064781E-04  2.154136191124E-02 -4.150500547008E-19  3.820701317081E-21  1.819814485210E-19 -7.830890520996E-02
  8.000000000000E+00  1.000000000000E+01  1.749996457433E+01  1.127212559404E-14  5.683671935471E-03  3.088932580703E+02  3.324761442081E-01  7.539852846303E-01 -3.698689080269E-01 -1.744110213414E-03  1.013846400427E-01  6.181312307184E+00  1.393359606293E-01 -3.737923833521E-01  2.344564227205E-01 -6.917843220165E-01 -7.250142744075E-03  1.187014398521E-04 -4.283862865181E-05  4.077293594329E-06  1.874011508906E+00 -1.187014397836E-04  9.492735375175E-03 -4.254217478936E-19  1.481915013292E-20  1.876204609228E-19 -4.182358556348E-02
  1.200000000000E+01  1.400000000000E+01  1.794912145677E+01  1.313146228039E-14  7.754950616000E-03  3.247216340918E+02  3.573013099341E-01  7.318080142013E-01 -3.925091082763E-01 -1.950799400327E-03  1.400649507054E-01  6.084624188780E+00  1.292665487984E-01 -3.455778797391E-01  2.163113309423E-01 -6.412998290275E-01  6.000978248998E-03  7.156143580343E-05 -2.323104470881E-05  5.729041513113E-06  1.557604046523E+00 -7.156143562439E-05  7.022568243536E-03 -4.094410224264E-19  1.417628466522E-21  1.784733452179E-19 -3.541802071648E-02
  1.600000000000E+01  1.800000000000E+01  1.827881331976E+01  1.168216051962E-14  9.196384303035E-03  3.365492797225E+02  3.774739759252E-01  7.141277736285E-01 -3.913043949341E-01 -1.892877203950E-03  1.677005560697E-01  5.739061477205E+00  1.077904703518E-01 -3.059704132748E-01  1.981799429218E-01 -4.807963522052E-01  5.740845497216E-03  5.428828512522E-05 -1.321155570983E-05  2.055372926171E-06  1.241180843897E+00 -5.428828515318E-05  7.164364163849E-03 -4.166116320541E-19  2.130906249992E-20  1.497073695839E-19 -2.798408583446E-02
  2.000000000000E+01  2.200000000000E+01  1.856974424632E+01  7.215315512311E-15  1.132090926218E-02  3.472088853317E+02  3.949233352194E-01  7.063212614750E-01 -3.980512086613E-01 -1.948233742016E-03  2.089566106614E-01  5.497431780719E+00  9.511876890770E-02 -2.773081261448E-01  1.821893572361E-01 -4.192762462734E-01  2.039394231603E-03  3.049349383262E-05 -8.308351140548E-06  4.831675197170E-06  1.063190007404E+00 -3.049349368664E-05  7.640348513477E-03 -4.226410007990E-19  1.128600068031E-20  1.389062636047E-19 -2.397523777228E-02
  2.400000000000E+01  2.600000000000E+01  1.881042980169E+01  2.353835623232E-15  1.302186592574E-02  3.561455724410E+02  4.098923358734E-01  6.999714009269E-01 -3.979847324138E-01 -1.953740638367E-03  2.416563861445E-01  5.253593979279E+00  8.263922932640E-02 -2.528848367013E-01  1.702456073732E-01 -3.478825951816E-01  1.267556469659E-03  1.557530705959E-05 -5.790122976005E-06  1.442977145160E-06  9.134648098223E-01 -1.557530712646E-05  5.475718124092E-03 -4.140014547287E-19  2.050981592764E-20  1.272388664831E-19 -2.047157969500E-02
  2.800000000000E+01  3.000000000000E+01  1.902648785944E+01 -2.964745961752E-15  1.408228401989E-02  3.642817824020E+02  4.223532498065E-01  6.951100903474E-01 -4.001674403754E-01 -1.962025633701E-03  2.632225512111E-01  5.062825717339E+00  7.435998894473E-02 -2.345913111309E-01  1.602313221881E-01 -3.090451808635E-01  6.571787072297E-04  1.289742302147E-05 -4.555733382470E-06 -2.514562742885E-06  8.120184094632E-01 -1.289742299459E-05  3.361655498812E-03 -4.286967877503E-19  1.192671850340E-20  1.370542383935E-19 -1.813831335205E-02
  3.200000000000E+01  3.400000000000E+01  1.921644776358E+01 -9.281784795328E-15  1.470122494101E-02  3.715122815984E+02  4.325840589379E-01  6.908009240380E-01 -3.998917586351E-01 -1.963031017902E-03  2.762995146398E-01  4.880610540354E+00  6.691182043239E-02 -2.184720688027E-01  1.515602483706E-01 -2.716361796994E-01  7.936990341049E-04  4.253501675832E-06 -4.705592319151E-06  2.126946329635E-06  7.269130308964E-01 -4.253501823044E-06  2.414209414838E-03 -3.578397775738E-19  1.891154599497E-20  1.162626886870E-19 -1.615783139351E-02
  3.600000000000E+01  3.800000000000E+01  1.938992425357E+01 -1.490085893939E-14  1.528538053450E-02  3.781850531291E+02  4.408635284264E-01  6.875093284602E-01 -4.003086304310E-01 -1.923319455993E-03  2.890815306683E-01  4.728253289187E+00  6.102456588154E-02 -2.052913504724E-01  1.442667845901E-01 -2.462920872038E-01  2.707226111812E-04  7.326606143671E-06 -4.595684890494E-06  3.128013890681E-06  6.625121369913E-01 -7.326606094059E-06  2.928276207403E-03 -3.713325755249E-19  3.615993047166E-20  9.632816674980E-20 -1.467238492271E-02
  4.000000000000E+01  4.200000000000E+01  1.954770349435E+01 -1.723032079428E-14  1.617224103113E-02  3.843073377573E+02  4.475113330520E-01  6.836114370125E-01 -3.996802494601E-01 -1.924427084603E-03  3.082151559330E-01  4.587968613977E+00  5.589904216531E-02 -1.938177040971E-01  1.379186619309E-01 -2.236232012185E-01 -3.223196310731E-04  1.298464756541E-05 -4.194747802835E-06  7.652352058632E-06  6.080335432837E-01 -1.298464762876E-05  4.504310136011E-03 -3.676379998677E-19  3.464035556315E-20  1.011688372456E-19 -1.341518587451E-02
  4.400000000000E+01  4.600000000000E+01  1.969397398889E+01 -1.581479690043E-14  1.753491719898E-02  3.900302710206E+02  4.528184328912E-01  6.796330735690E-01 -3.993376615401E-01 -1.862307099125E-03  3.365513339240E-01  4.464535508642E+00  5.171514408040E-02 -1.839402874972E-01  1.322251434168E-01 -2.059843694061E-01 -9.279587977195E-04  9.511897510623E-06 -4.323543380887E-06  4.668228318568E-06  5.652176130387E-01 -9.511897488430E-06  5.648060311939E-03 -3.769820295837E-19  3.861386373133E-20  1.014367325916E-19 -1.239039341782E-02
  4.800000000000E+01  5.000000000000E+01  1.983031516884E+01 -1.613666094554E-14  1.898927146697E-02  3.954057054299E+02  4.570579739162E-01  6.756536374526E-01 -3.985411948718E-01 -1.867921867539E-03  3.673568355693E-01  4.352300686414E+00  4.785948957531E-02 -1.750297727542E-01  1.271702831785E-01 -1.906482923589E-01 -1.042741245388E-03  1.062139648993E-05 -4.307060276929E-06  2.616038060907E-06  5.286300255879E-01 -1.062139641861E-05  5.769414973496E-03 -3.440433195607E-19  4.432427929609E-20  9.090432908744E-20 -1.150906700877E-02
  5.200000000000E+01  5.400000000000E+01  1.995828305759E+01 -2.122732821767E-14  2.041519591148E-02  4.004875047073E+02  4.604491552671E-01  6.714266184327E-01 -3.977295752741E-01 -1.795804225534E-03  3.970861279277E-01  4.250571343282E+00  4.457414317209E-02 -1.671132866628E-01  1.225391434916E-01 -1.777752474754E-01 -1.089867112408E-03  8.297476253201E-06 -4.043836985631E-06  5.745079802021E-06  4.962983409015E-01 -8.297476464530E-06  5.795586689472E-03 -3.412968313233E-19  2.943763733580E-20  1.140240649639E-19 -1.074049625389E-02
  5.600000000000E+01  5.800000000000E+01  2.007845974756E+01 -2.538054687569E-14  2.188363142373E-02  4.052916089706E+02  4.631242187696E-01  6.674328213862E-01 -3.967489638430E-01 -1.788636796580E-03  4.279156335586E-01  4.156349058817E+00  4.173054839144E-02 -1.601630864997E-01  1.184325381086E-01 -1.659903238298E-01 -1.163471849921E-03  7.599364000480E-06 -3.666417100424E-06  3.308822865081E-06  4.675821682045E-01 -7.599363859492E-06  6.025289198567E-03 -3.299362119923E-19  2.998343068036E-20  8.676521189183E-20 -1.005140036011E-02
  6.000000000000E+01  6.200000000000E+01  2.019205713220E+01 -2.759563871900E-14  2.342495325413E-02  4.098588209312E+02  4.651687453207E-01  6.639909954925E-01 -3.957688551049E-01 -1.693345049101E-03  4.602806842734E-01  4.068605281429E+00  3.913037246592E-02 -1.536859275459E-01  1.145555550796E-01 -1.558238226850E-01 -1.356493889409E-03  8.113759303187E-06 -3.100861189734E-06 -8.022523250727E-09  4.432303989016E-01 -8.113759216007E-06  7.354750369029E-03 -3.183071978564E-19  3.538182059573E-20  7.764812249862E-20 -9.462222939166E-03
  6.400000000000E+01  6.600000000000E+01  2.030006012924E+01 -2.921160859139E-14  2.555304544825E-02  4.142266933855E+02  4.666554770521E-01  6.606587423394E-01 -3.946353797231E-01 -1.615950695632E-03  5.048746736423E-01  3.988664588082E+00  3.692588245458E-02 -1.479769242104E-01  1.110510417555E-01 -1.469084400658E-01 -1.802275547203E-03  1.327407865859E-06 -2.308213822082E-06  2.739880023898E-06  4.215976504557E-01 -1.327407559098E-06  9.840733122329E-03 -3.166884276465E-19  3.812030830544E-20  8.500228269898E-20 -8.924523967567E-03
  6.800000000000E+01  7.000000000000E+01  2.040284913086E+01 -3.213395865226E-14  2.833608997384E-02  4.184058298965E+02  4.676203115687E-01  6.575381039246E-01 -3.935128285118E-01 -1.521997619812E-03  5.629978243901E-01  3.911512407095E+00  3.461327646821E-02 -1.425010415095E-01  1.078877650409E-01 -1.387959220447E-01 -2.345074754440E-03  4.969189833315E-06 -1.526807963027E-06  4.286855899015E-06  4.016937085285E-01 -4.969190127312E-06  1.243436951712E-02 -2.947234840531E-19  5.701401372388E-20  9.635223102929E-20 -8.449127800626E-03
  7.200000000000E+01  7.400000000000E+01  2.050089663102E+01 -3.716982320892E-14  3.177038330168E-02  4.224133201111E+02  4.681433934536E-01  6.545125131191E-01 -3.923077572051E-01 -1.474529908376E-03  6.346329590827E-01  3.838930145352E+00  3.284273765534E-02 -1.376083618090E-01  1.047656241545E-01 -1.315534114868E-01 -3.021953275054E-03  2.376043755746E-06 -1.058824263567E-06  4.337810356637E-06  3.841931721045E-01 -2.376043695364E-06  1.412897750582E-02 -2.789036847321E-19  4.625818508500E-20  9.081326589071E-20 -8.015734541167E-03
  7.600000000000E+01  7.800000000000E+01  2.059493047253E+01 -4.240515548657E-14  3.541190625008E-02  4.262748327439E+02  4.683556995231E-01  6.513465142298E-01 -3.911122589867E-01 -1.416116780698E-03  7.108331979402E-01  3.770465510701E+00  3.117235392139E-02 -1.329552310837E-01  1.017828771619E-01 -1.249942709312E-01 -3.253244734595E-03 -1.271170969834E-06 -6.171389157119E-07  4.465717054422E-06  3.682539549982E-01  1.271170791609E-06  1.424048706023E-02 -2.733150669661E-19  5.853291429363E-20  9.274131371832E-20 -7.620897790407E-03
  8.000000000000E+01  8.200000000000E+01  2.068502692302E+01 -4.476053911560E-14  3.889831082906E-02  4.299908893490E+02  4.682616753870E-01  6.483313119805E-01 -3.898326522633E-01 -1.406669089743E-03  7.847028273024E-01  3.706176983268E+00  2.962430106978E-02 -1.286381862289E-01  9.901388515929E-02 -1.189505913835E-01 -3.123497199938E-03 -2.955056113725E-06 -3.107478453658E-07  2.161827646186E-06  3.528897818933E-01  2.955056242615E-06  1.323440389261E-02 -2.489419645148E-19  6.674353515547E-20  7.879977055946E-20 -7.261853143280E-03
  8.400000000000E+01  8.600000000000E+01  2.077138819476E+01 -4.885407889502E-14  4.202834463825E-02  4.335691465077E+02  4.679137439735E-01  6.456427956562E-01 -3.885949492621E-01 -1.387647735391E-03  8.517196476756E-01  3.646369147946E+00  2.817448763913E-02 -1.247512334837E-01  9.657674584462E-02 -1.133554066617E-01 -2.798110088334E-03  2.195714792558E-06 -3.819376072185E-07 -1.839726733427E-07  3.391039888607E-01 -2.195714869676E-06  1.121401801610E-02 -2.505503750899E-19  6.327406876854E-20  6.974905327320E-20 -6.925363150896E-03
  8.800000000000E+01  9.000000000000E+01  2.085458099448E+01 -5.976479895827E-14  4.449926236014E-02  4.370292778521E+02  4.674068755267E-01  6.424924111570E-01 -3.872854963267E-01 -1.392883129199E-03  9.052670636392E-01  3.590431380414E+00  2.685960284208E-02 -1.211621125226E-01  9.430250968009E-02 -1.083098634280E-01 -2.329172784947E-03  2.924626991255E-06 -5.479818540656E-07 -3.054055022374E-08  3.268239424734E-01 -2.924626981778E-06  9.191182357728E-03 -2.505792319012E-19  6.596862638888E-20  8.255184041905E-20 -6.621956827200E-03
  9.200000000000E+01  9.400000000000E+01  2.093479596167E+01 -6.594020071905E-14  4.661972887996E-02  4.403785527141E+02  4.667463290863E-01  6.390206175002E-01 -3.859809972164E-01 -1.356280532553E-03  9.521293887585E-01  3.536748590493E+00  2.553363535398E-02 -1.175813553080E-01  9.204771995435E-02 -1.037216303258E-01 -1.926376279631E-03  2.313486024490E-06 -7.442731974802E-07  8.541160229346E-07  3.161161463168E-01 -2.313486120156E-06  8.304689258424E-03 -2.515255798797E-19  6.446776590315E-20  8.196255733617E-20 -6.350961833817E-03
  9.600000000000E+01  9.800000000000E+01  2.101264060549E+01 -6.957093411925E-14  4.864715075897E-02  4.436417984404E+02  4.658952146801E-01  6.350684139898E-01 -3.846383784703E-01 -1.365945097960E-03  9.976949263289E-01  3.485060736823E+00  2.441528325991E-02 -1.142869316933E-01  8.987164843260E-02 -9.952552962885E-02 -1.807963282202E-03  4.357229544984E-06 -1.295708939433E-06  1.078596988363E-06  3.055089287739E-01 -4.357229538024E-06  7.498579935505E-03 -2.347108434622E-19  6.697518814092E-20  8.319761992113E-20 -6.083885772727E-03
  1.000000000000E+02  1.020000000000E+02  2.108754296900E+01 -8.013936949666E-14  5.036607800863E-02  4.467917175607E+02  4.648743801070E-01  6.309658775141E-01 -3.833091579086E-01 -1.328985234145E-03  1.036891797912E+00  3.432455313463E+00  2.330462260829E-02 -1.111306456758E-01  8.782602306770E-02 -9.507210222853E-02 -1.551267761224E-03  3.778439472546E-06 -1.922168875989E-06  2.776795667780E-06  2.948276416710E-01 -3.778439539123E-06  6.058565278851E-03 -2.206674395864E-19  6.121238705122E-20  6.483111377744E-20 -5.826659507182E-03
  1.040000000000E+02  1.060000000000E+02  2.116003877801E+01 -8.492283863160E-14  5.167939578564E-02  4.498503762365E+02  4.637331873856E-01  6.268648959824E-01 -3.818878562794E-01 -1.349272292837E-03  1.067871632703E+00  3.382055814197E+00  2.217076326086E-02 -1.079689041110E-01  8.579814084954E-02 -9.141258649805E-02 -1.238802143181E-03  6.243278435914E-06 -1.965765365313E-06  2.120237231742E-06  2.853632970931E-01 -6.243278411387E-06  4.829780356936E-03 -2.016763463924E-19  6.695989727197E-20  6.844273457605E-20 -5.595633408524E-03
  1.080000000000E+02  1.100000000000E+02  2.123021950927E+01 -8.199212820533E-14  5.278010454684E-02  4.528205910954E+02  4.624610418600E-01  6.229670048469E-01 -3.805278156748E-01 -1.366191719909E-03  1.094373390003E+00  3.337211845494E+00  2.119260750738E-02 -1.052613629820E-01  8.406875547513E-02 -8.773233066708E-02 -1.122035566975E-03  6.026024076869E-06 -1.690920581410E-06  1.570346189515E-06  2.764855829243E-01 -6.026024163193E-06  4.331050999729E-03 -2.013914428172E-19  6.406161824291E-20  5.889475797943E-20 -5.377450938675E-03
  1.120000000000E+02  1.140000000000E+02  2.129828527622E+01 -8.353829328954E-14  5.383888167563E-02  4.557101940566E+02  4.610637970669E-01  6.185487654215E-01 -3.790924905176E-01 -1.366855861481E-03  1.120070728090E+00  3.293010407638E+00  2.038680569382E-02 -1.026805564030E-01  8.229375070930E-02 -8.442257214073E-02 -1.030056514946E-03  3.805636987680E-06 -1.591770136268E-06  3.497996309530E-06  2.677980446086E-01 -3.805636913679E-06  4.233247813800E-03 -2.099709900263E-19  6.788998561022E-20  6.585694231493E-20 -5.176781457407E-03
  1.160000000000E+02  1.180000000000E+02  2.136412563568E+01 -8.424811154334E-14  5.488859788669E-02  4.585138133619E+02  4.595928499224E-01  6.137930622597E-01 -3.776838109673E-01 -1.340100996664E-03  1.145654984228E+00  3.247613935180E+00  1.957309146908E-02 -1.000601566413E-01  8.048706517214E-02 -8.113887522222E-02 -9.828653868258E-04  2.174365417184E-06 -1.718238911476E-06  1.355042680545E-06  2.579745454209E-01 -2.174365549719E-06  4.429130562858E-03 -2.013275719734E-19  6.824513035871E-20  6.273831081872E-20 -4.955207167965E-03
  1.200000000000E+02  1.220000000000E+02  2.142727965422E+01 -8.224060782424E-14  5.604692694891E-02  4.612111964487E+02  4.580107696846E-01  6.089728303661E-01 -3.762531791718E-01 -1.344649751188E-03  1.173400908006E+00  3.204367235534E+00  1.893832114429E-02 -9.758506550103E-02  7.864674435733E-02 -7.747006533077E-02 -1.043780745172E-03  1.126529248999E-06 -1.828299464623E-06 -2.378454022254E-06  2.485026805348E-01 -1.126529221371E-06  4.537237168613E-03 -1.950462547036E-19  7.409422896505E-20  5.749293779514E-20 -4.751005254467E-03
  1.240000000000E+02  1.260000000000E+02  2.148837997556E+01 -8.372711316941E-14  5.715115554407E-02  4.638275789505E+02  4.562910932729E-01  6.039226522702E-01 -3.747942342792E-01 -1.339947326049E-03  1.199930800723E+00  3.164718795363E+00  1.825397388049E-02 -9.539018172127E-02  7.713620784089E-02 -7.454896539452E-02 -1.152243358716E-03  9.838911870433E-07 -1.555624874267E-06 -1.112772659965E-06  2.411016158096E-01 -9.838913060448E-07  4.161577446041E-03 -1.620473259484E-19  6.872658213286E-20  5.811010653033E-20 -4.576945702196E-03
  1.280000000000E+02  1.300000000000E+02  2.154783226365E+01 -8.289504924138E-14  5.812104116222E-02  4.663813350731E+02  4.545056039335E-01  5.987279738405E-01 -3.733262973398E-01 -1.359321225475E-03  1.223316881412E+00  3.125171767072E+00  1.755987346635E-02 -9.320191498579E-02  7.564204151962E-02 -7.189226682862E-02 -1.034380630847E-03  2.802191763289E-06 -1.154896657415E-06  1.136046028047E-06  2.343913505635E-01 -2.802191518588E-06  3.813407844443E-03 -1.715153028604E-19  6.755078569677E-20  5.838547646151E-20 -4.411585439676E-03
  1.320000000000E+02  1.340000000000E+02  2.160558045732E+01 -8.047588401336E-14  5.905425280559E-02  4.688690163781E+02  4.527631424543E-01  5.936299210221E-01 -3.718558821549E-01 -1.344538873223E-03  1.245920962126E+00  3.085580185898E+00  1.694275013228E-02 -9.096874828732E-02  7.402599815549E-02 -6.922352210269E-02 -9.917635415220E-04  8.246959539954E-07 -1.243035679171E-06  1.597732189006E-06  2.274930623460E-01 -8.246962186555E-07  4.107012779146E-03 -1.870663123402E-19  7.664317842937E-20  4.846184759220E-20 -4.243118265936E-03
  1.360000000000E+02  1.380000000000E+02  2.166157705963E+01 -9.013464308514E-14  6.017381744156E-02  4.712876917023E+02  4.510826710898E-01  5.884923495613E-01 -3.703612479234E-01 -1.357340480333E-03  1.273255619370E+00  3.044925262624E+00  1.629289234955E-02 -8.868748235022E-02  7.239459000088E-02 -6.652428525654E-02 -9.861647304953E-04 -2.568274146638E-06 -1.595244971634E-06  1.472046865297E-06  2.200883626700E-01  2.568274337276E-06  4.499139291083E-03 -1.850070045898E-19  7.515889633374E-20  5.623345770172E-20 -4.078194984143E-03
  1.400000000000E+02  1.420000000000E+02  2.171562448021E+01 -1.040318565704E-13  6.130803313784E-02  4.736280480786E+02  4.494183893376E-01  5.836046353583E-01 -3.688450669956E-01 -1.372809149575E-03  1.301200289314E+00  3.006738567608E+00  1.572636368615E-02 -8.659883394367E-02  7.087247025712E-02 -6.394593862415E-02 -9.316970774322E-04 -6.751176082978E-07 -1.729206058397E-06  1.654040792768E-06  2.130413825117E-01  6.751171766380E-07  4.199891532723E-03 -1.461091743802E-19  7.970300598572E-20  3.500027484849E-20 -3.927011331368E-03
  1.440000000000E+02  1.460000000000E+02  2.176809710537E+01 -1.084998886706E-13  6.227810020727E-02  4.759050203873E+02  4.477859819479E-01  5.787682916633E-01 -3.673068387143E-01 -1.386642563268E-03  1.325807118455E+00  2.971097816157E+00  1.512680105821E-02 -8.455902048606E-02  6.943221942816E-02 -6.168555946507E-02 -8.064283821797E-04 -8.786855504164E-07 -1.599534509969E-06  1.849458889825E-06  2.067952165702E-01  8.786855366247E-07  3.606618028820E-03 -1.457897578274E-19  7.119046410335E-20  3.354536759175E-20 -3.784577645757E-03
  1.480000000000E+02  1.500000000000E+02  2.181902868920E+01 -1.110101562901E-13  6.310954718056E-02  4.781210875727E+02  4.461669589937E-01  5.739655412614E-01 -3.657904889425E-01 -1.399504627627E-03  1.347545832078E+00  2.935667482960E+00  1.468830757974E-02 -8.276772592552E-02  6.807941834517E-02 -5.943160391469E-02 -7.333738745181E-04 -3.994303342962E-06 -1.673496135192E-06  3.806950463374E-06  2.010654850087E-01  3.994303200762E-06  3.401075540383E-03 -1.515136734061E-19  8.123644394657E-20  3.165836772935E-20 -3.643666638768E-03
  1.520000000000E+02  1.540000000000E+02  2.186864562986E+01 -1.128876085130E-13  6.398092337741E-02  4.802838384345E+02  4.445375021001E-01  5.693505243025E-01 -3.642502619393E-01 -1.414405284166E-03  1.370349656950E+00  2.901659173423E+00  1.424526381336E-02 -8.108520627371E-02  6.683994246062E-02 -5.717354790464E-02 -6.969698909597E-04 -6.150206316396E-06 -1.876182501404E-06  3.399743558934E-06  1.953911940978E-01  6.150206337385E-06  3.356929342844E-03 -1.462447220833E-19  6.931092829701E-20  4.975491997204E-20 -3.511300272002E-03
  1.560000000000E+02  1.580000000000E+02  2.191673393233E+01 -1.108640312799E-13  6.479528873221E-02  4.823848718678E+02  4.428887222122E-01  5.651251388357E-01 -3.626672920514E-01 -1.415819532925E-03  1.391949535780E+00  2.868340740850E+00  1.372785316405E-02 -7.938245858777E-02  6.565460542385E-02 -5.512012066323E-02 -6.234913650276E-04 -4.693678556312E-06 -1.901096398100E-06  2.709096016658E-06  1.898448860099E-01  4.693678514092E-06  3.031168507666E-03 -1.417115609947E-19  7.919410467273E-20  5.189580516094E-20 -3.388866702537E-03
  1.600000000000E+02  1.620000000000E+02  2.196357389228E+01 -1.089668006231E-13  6.550041611922E-02  4.844349479248E+02  4.412496730106E-01  5.610594593030E-01 -3.610896993394E-01 -1.410997149746E-03  1.410989748884E+00  2.835456874676E+00  1.332680267516E-02 -7.781789773311E-02  6.449109505778E-02 -5.329963237257E-02 -6.397795849233E-04 -2.122567816094E-06 -2.191606985179E-06  2.211085384122E-06  1.845668288427E-01  2.122567873887E-06  2.787586844464E-03 -1.356509665130E-19  8.036003812094E-20  4.465749743655E-20 -3.270128940124E-03
  1.640000000000E+02  1.660000000000E+02  2.200901366479E+01 -1.044561395388E-13  6.618579314154E-02  4.864271361010E+02  4.396669703740E-01  5.571124366281E-01 -3.595219480226E-01 -1.426328756977E-03  1.429416314668E+00  2.803690298761E+00  1.274439478455E-02 -7.623479634275E-02  6.349040155777E-02 -5.138355915378E-02 -6.711855464734E-04  3.213549005708E-07 -2.642500425576E-06  9.682219990838E-07  1.790615661671E-01 -3.213548652396E-07  2.298030572768E-03 -1.110653311746E-19  9.101966870635E-20  3.645374932310E-20 -3.152711216383E-03
  1.680000000000E+02  1.700000000000E+02  2.205309593197E+01 -9.735664646241E-14  6.664184626247E-02  4.883624363018E+02  4.381640664911E-01  5.533652135631E-01 -3.579308621135E-01 -1.438162196527E-03  1.442612057636E+00  2.771873644261E+00  1.216884509723E-02 -7.457407970448E-02  6.240523460711E-02 -4.951655370699E-02 -4.681924418949E-04 -1.906934889602E-07 -2.913775942111E-06 -3.063483816727E-07  1.728540708352E-01  1.906935800816E-07  1.069179690056E-03 -1.179979087626E-19  7.784465320961E-20  2.433393346807E-20 -3.035574385984E-03
  1.720000000000E+02  1.740000000000E+02  2.209543688740E+01 -9.430801110747E-14  6.671470486467E-02  4.902245809727E+02  4.366865919471E-01  5.499832697897E-01 -3.563396982943E-01 -1.446031378184E-03  1.447582442723E+00  2.741908200020E+00  1.169340079180E-02 -7.308829731187E-02  6.139489651942E-02 -4.762385409799E-02 -2.304166469379E-04 -1.916261484484E-06 -3.063731466681E-06  1.439837834024E-07  1.670959130084E-01  1.916261527673E-06  3.637777739348E-05 -1.240641076521E-19  8.072220037677E-20  2.342163252074E-20 -2.922869851613E-03
  1.760000000000E+02  1.780000000000E+02  2.213663843956E+01 -9.129288742072E-14  6.665833716175E-02  4.920400129169E+02  4.352155301444E-01  5.468270822837E-01 -3.547205100405E-01 -1.442107588431E-03  1.449663362946E+00  2.712467692822E+00  1.138955177201E-02 -7.170670774832E-02  6.031715597607E-02 -4.586384680670E-02 -8.732038214727E-05 -9.935052813787E-09 -2.962964551918E-06  1.381513150347E-06  1.617321465092E-01  9.935159877060E-09 -8.632736447847E-06 -1.052767373984E-19  8.157258652914E-20  2.354054218920E-20 -2.808273683282E-03
  1.800000000000E+02  1.820000000000E+02  2.217629857492E+01 -8.432582314352E-14  6.671060385182E-02  4.937899634598E+02  4.337939315917E-01  5.438681476839E-01 -3.531413526034E-01 -1.437143740679E-03  1.454266518013E+00  2.682312779564E+00  1.105482257264E-02 -7.021274348776E-02  5.915792091510E-02 -4.408527422329E-02 -4.529557471476E-05 -1.097233294408E-06 -2.591756934003E-06  6.592978282983E-07  1.562505595992E-01  1.097233286287E-06  9.035517936211E-05 -1.241955859488E-19  9.037485845557E-20  1.800430075959E-20 -2.705902227425E-03
  1.840000000000E+02  1.860000000000E+02  2.221476108883E+01 -7.817991197999E-14  6.669902537658E-02  4.954895901347E+02  4.324121205726E-01  5.408417748220E-01 -3.514920485243E-01 -1.432483921207E-03  1.457534780438E+00  2.650336525153E+00  1.062237055737E-02 -6.862204598819E-02  5.799967543115E-02 -4.247281100153E-02 -8.241033998156E-06 -6.508771697441E-09 -2.099772756626E-06  9.067050800691E-07  1.509306217971E-01  6.508840115765E-09 -2.905822260388E-04 -9.463902004929E-20  9.122547917951E-20  1.970409952861E-20 -2.598141502212E-03
  1.880000000000E+02  1.900000000000E+02  2.225176594383E+01 -7.325163717785E-14  6.656147577977E-02  4.971277113604E+02  4.310144242784E-01  5.379537946344E-01 -3.499250939960E-01 -1.428109299555E-03  1.457990673449E+00  2.623051447531E+00  1.024528014009E-02 -6.723766326171E-02  5.699238312155E-02 -4.065692070908E-02  8.006269580152E-05 -6.053959886893E-08 -1.751469212953E-06  2.336175096648E-06  1.463487442585E-01  6.053960660751E-08 -1.084912804486E-03 -1.044338319565E-19  8.717157972958E-20  1.484431269489E-20 -2.497760122187E-03
  1.920000000000E+02  1.940000000000E+02  2.228794074888E+01 -6.727983795085E-14  6.615711310463E-02  4.987308660230E+02  4.295370259481E-01  5.352135841994E-01 -3.482043170295E-01 -1.431094219691E-03  1.452330793454E+00  2.596639528910E+00  9.860210652187E-03 -6.590071413741E-02  5.604050348550E-02 -3.928725140686E-02  1.836778007042E-04 -3.291799045867E-06 -1.722107253696E-06  2.352232019219E-06  1.421761323302E-01  3.291799054702E-06 -1.739441944847E-03 -1.050092828764E-19  8.034035560577E-20  1.636108199707E-20 -2.411372902414E-03
  1.960000000000E+02  1.980000000000E+02  2.232284854743E+01 -6.209447214224E-14  6.569466477078E-02  5.002807279492E+02  4.279899962823E-01  5.332353193196E-01 -3.466664089485E-01 -1.411302805874E-03  1.445056490808E+00  2.574834811594E+00  9.561661721059E-03 -6.486086835322E-02  5.529920663234E-02 -3.784917865341E-02  1.239057984570E-04 -2.628312304130E-06 -1.575789350486E-06  1.762837250060E-06  1.386163327626E-01  2.628312390260E-06 -1.857643737398E-03 -9.668689332815E-20  8.357298083076E-20  1.394005981552E-20 -2.329970994008E-03
  2.000000000000E+02  2.020600000000E+02  2.235725228247E+01 -5.705392256729E-14  6.523889534653E-02  5.018086762184E+02  4.263031677718E-01  5.310470512715E-01 -3.448652898546E-01 -1.407538316801E-03  1.437901265699E+00  2.552438015903E+00  8.831577136768E-03 -6.283409740972E-02  5.400252027328E-02 -3.686677565001E-02  3.717535100151E-04 -7.946959868149E-07 -1.253676166698E-06  1.783332615246E-06  1.341701770703E-01  7.946960560406E-07 -2.045191885712E-03 -1.034005412199E-19  8.939692725044E-20  1.956077018415E-21 -2.282095261599E-03
  2.041200000000E+02  2.062418000000E+02  2.239195830485E+01 -5.076694135966E-14  6.465618821811E-02  5.033514722670E+02  4.246155409447E-01  5.288664323957E-01 -3.431636245625E-01 -1.389740656016E-03  1.427941739045E+00  2.532709998296E+00  8.110611482911E-03 -6.074315448328E-02  5.263254300008E-02 -3.616103710395E-02  3.399704121071E-04 -2.851683838559E-06 -1.063826683900E-06  2.037732948045E-06  1.309823746300E-01  2.851683853545E-06 -2.437995363033E-03 -1.127885468755E-19  8.551659630671E-20  9.257797439607E-21 -2.233216729110E-03
  2.083636000000E+02  2.105490540000E+02  2.242672380977E+01 -4.462949960403E-14  6.395752065256E-02  5.048980761309E+02  4.229185411310E-01  5.262812596014E-01 -3.412686680230E-01 -1.374311966032E-03  1.415044288896E+00  2.510831327026E+00  7.383077981640E-03 -5.851964572958E-02  5.113656774812E-02 -3.533373287149E-02  5.322427861461E-04 -3.279518973449E-06 -6.518150974401E-07  4.968850754869E-07  1.275942896658E-01  3.279519280443E-06 -2.973907170309E-03 -6.908224438161E-20  9.262057853835E-20  6.886574660961E-21 -2.183678174443E-03
  2.127345080000E+02  2.149855256200E+02  2.246165595544E+01 -3.649484295494E-14  6.303637225758E-02  5.064542843103E+02  4.212132389893E-01  5.239177902477E-01 -3.394363890811E-01 -1.335184760421E-03  1.397004693363E+00  2.489562182143E+00  6.580355318739E-03 -5.620840817767E-02  4.962805285856E-02 -3.456524284448E-02  6.704361120208E-04 -2.749965024390E-06  2.158369672684E-08 -2.100584558848E-06  1.238690058494E-01  2.749964975354E-06 -3.682488637837E-03 -7.418250489831E-20  7.960467894574E-20  1.546419955109E-20 -2.132019877291E-03
  2.172365432400E+02  2.195550913886E+02  2.249641991298E+01 -2.783441915901E-14  6.188294109757E-02  5.080039488246E+02  4.195084657705E-01  5.214454853468E-01 -3.374426195181E-01 -1.342689812782E-03  1.374016325154E+00  2.469182889008E+00  5.790451420424E-03 -5.389865929763E-02  4.810820787700E-02 -3.363199199408E-02  8.728329790933E-04 -2.422009269606E-06  6.852933168823E-07 -2.080485580418E-06  1.204481735084E-01  2.422009372148E-06 -4.335340416793E-03 -9.941986414275E-20  8.947784337122E-20  5.500902026749E-21 -2.075981188936E-03
  2.218736395372E+02  2.242617441303E+02  2.253146190337E+01 -2.417770786819E-14  6.052194692403E-02  5.095672121559E+02  4.177900055523E-01  5.192676820665E-01 -3.354685481320E-01 -1.327854032918E-03  1.345987335021E+00  2.450879287306E+00  5.046030455279E-03 -5.168938875667E-02  4.664335830118E-02 -3.287098822272E-02  1.022177955883E-03 -2.639117247511E-06  1.492477225208E-06 -3.292064872968E-06  1.175607533231E-01  2.639117128058E-06 -4.863387246896E-03 -7.931881684817E-20  7.632580616678E-20 -9.257479826620E-21 -2.032407722093E-03
  2.266498487233E+02  2.291095964542E+02  2.256660162111E+01 -2.407804012595E-14  5.897837510780E-02  5.111354068030E+02  4.160787508192E-01  5.170554657509E-01 -3.333196387192E-01 -1.310372123745E-03  1.313528219049E+00  2.435934795904E+00  4.288483570217E-03 -4.950778250867E-02  4.521929893825E-02 -3.223292695940E-02  1.048414142926E-03 -2.940551612671E-06  2.388122509826E-06 -3.902709866729E-06  1.145277215032E-01  2.940551710938E-06 -5.305814693313E-03 -8.360882649228E-20  8.255848196085E-20  1.245189996007E-20 -1.995659240357E-03
  2.315693441850E+02  2.341028843478E+02  2.260189049344E+01 -2.442040442837E-14  5.725775065583E-02  5.127118455192E+02  4.144351364067E-01  5.148526364677E-01 -3.311921418671E-01 -1.289403023260E-03  1.277569101977E+00  2.418558581676E+00  3.474331461111E-03 -4.714915309684E-02  4.367482163616E-02 -3.162333931686E-02  1.236432275829E-03 -2.854858795591E-06  3.091516754642E-06 -3.288280245217E-06  1.107762783263E-01  2.854858748525E-06 -5.428187777974E-03 -8.573642390106E-20  7.408496765606E-20 -2.813782742535E-21 -1.949328729067E-03
  2.366364245106E+02  2.392459708782E+02  2.263676933221E+01 -2.530148696169E-14  5.553991477549E-02  5.142712943619E+02  4.128611854193E-01  5.127843225397E-01 -3.289334766721E-01 -1.248258075746E-03  1.241478287221E+00  2.399116385049E+00  2.581966635437E-03 -4.460545243732E-02  4.202348580190E-02 -3.073606663311E-02  1.234341002082E-03 -2.082537328037E-06  3.537313856006E-06 -3.495568760473E-06  1.069944121019E-01  2.082537306708E-06 -5.024771413462E-03 -9.396102198419E-20  7.068101348831E-20 -7.395855985893E-21 -1.899252760252E-03
  2.418555172459E+02  2.445433500046E+02  2.267168800484E+01 -2.700529296712E-14  5.397424968999E-02  5.158350191167E+02  4.112946852009E-01  5.108209054545E-01 -3.266292867794E-01 -1.233731994413E-03  1.208573014069E+00  2.382889256649E+00  1.779006933955E-03 -4.213568561696E-02  4.035667868282E-02 -3.009018085168E-02  1.198259671750E-03 -5.634959013186E-08  4.053154347182E-06 -2.431778081748E-06  1.043228324745E-01  5.634952566712E-08 -4.449687032965E-03 -7.948002659520E-20  7.769114725548E-20 -3.953422809333E-21 -1.865770840352E-03
  2.472311827633E+02  2.499996505047E+02  2.270686661698E+01 -2.982554640184E-14  5.254304706124E-02  5.174124330540E+02  4.097034061833E-01  5.087047678885E-01 -3.242480065785E-01 -1.177614915017E-03  1.178058063711E+00  2.368518542553E+00  1.062012072569E-03 -3.979618679272E-02  3.873417472064E-02 -2.957288209011E-02  1.059606899763E-03  1.524705874532E-06  4.788687939932E-06 -9.686758708575E-07  1.011389815780E-01 -1.524705872490E-06 -4.119922450563E-03 -7.757314939836E-20  6.734198893228E-20 -1.299123754243E-21 -1.826153527688E-03
  2.527681182462E+02  2.556196400198E+02  2.274169710161E+01 -3.302357345913E-14  5.112111289093E-02  5.189764196925E+02  4.080830798491E-01  5.060053128616E-01 -3.217355682453E-01 -1.203839259876E-03  1.147716654787E+00  2.354710199722E+00  3.110688998197E-04 -3.738719702257E-02  3.707612812266E-02 -2.890622087392E-02  1.177899293041E-03  3.573818000632E-06  5.576023775699E-06 -1.226846313486E-07  9.791055778569E-02 -3.573818098425E-06 -4.106933531405E-03 -8.796947406170E-20  8.010893502230E-20  8.419747759031E-21 -1.791212183717E-03
  2.584711617935E+02  2.614082292204E+02  2.277667957387E+01 -3.456104875667E-14  4.961670137801E-02  5.205492490911E+02  4.064266192422E-01  5.032582952303E-01 -3.192462307902E-01 -1.155953761536E-03  1.115086998384E+00  2.341855739041E+00 -5.949623728254E-04 -3.496814345833E-02  3.556310583119E-02 -2.837894213315E-02  1.145506769955E-03  4.734058919942E-06  6.355729225264E-06  6.022112110559E-07  9.546546912662E-02 -4.734058895741E-06 -3.841656129607E-03 -8.443774419351E-20  7.112697356377E-20 -1.795910118426E-20 -1.753395814648E-03
  2.643452966473E+02  2.673704760971E+02  2.281180737335E+01 -3.371305231509E-14  4.830759231684E-02  5.221311138890E+02  4.046850659314E-01  5.005368219965E-01 -3.165824584958E-01 -1.148204836164E-03  1.086774625124E+00  2.334187428280E+00 -1.420913710734E-03 -3.257934833828E-02  3.400026204910E-02 -2.778032953536E-02  1.080496339333E-03  4.517843238198E-06  7.293304879734E-06  1.378909097195E-06  9.355719562772E-02 -4.517843259703E-06 -3.788299937546E-03 -8.166048018331E-20  6.613414505765E-20 -3.579361366806E-21 -1.727189674468E-03
  2.703956555468E+02  2.735115903800E+02  2.284745759999E+01 -3.104245723320E-14  4.676141240570E-02  5.237391753330E+02  4.028489934659E-01  4.979927596933E-01 -3.138893844435E-01 -1.094631749755E-03  1.053216883307E+00  2.326188312570E+00 -2.172226835779E-03 -3.008339798214E-02  3.225562481775E-02 -2.751247983127E-02  1.220553430580E-03  4.918178240874E-06  7.977582622538E-06  1.524208932983E-07  9.135229934664E-02 -4.918178227771E-06 -4.230158192314E-03 -6.508722705491E-20  6.621624906405E-20 -1.005408153820E-20 -1.709207305490E-03
  2.766275252132E+02  2.798369380914E+02  2.288299197617E+01 -2.805500103065E-14  4.502144082943E-02  5.253447647113E+02  4.009740263831E-01  4.957786594815E-01 -3.110184211897E-01 -1.109570366669E-03  1.015302713751E+00  2.317931633415E+00 -2.847536873372E-03 -2.770997344666E-02  3.055751032016E-02 -2.713657201109E-02  1.274801437615E-03  3.659017241661E-06  7.830878920360E-06 -6.298548851005E-07  8.825862046706E-02 -3.659017216506E-06 -4.884448701937E-03 -8.412346747949E-20  6.718649940868E-20 -1.144016046562E-20 -1.676249497743E-03
  2.830463509696E+02  2.863520462341E+02  2.291828285640E+01 -2.471490243364E-14  4.285413337199E-02  5.269400255952E+02  3.990337010220E-01  4.930132372838E-01 -3.081667081660E-01 -1.045113678549E-03  9.675799736002E-01  2.310275016132E+00 -3.633157459771E-03 -2.520288731109E-02  2.883604477107E-02 -2.649658983381E-02  1.315463765990E-03  3.215749214736E-06  7.218378253467E-06  1.259970322207E-06  8.507155365558E-02 -3.215749213381E-06 -5.767920972548E-03 -5.284142278925E-20  6.105199797646E-20 -9.118993246856E-21 -1.639941203961E-03
  2.896577414987E+02  2.930626076211E+02  2.295329033455E+01 -2.025011307365E-14  4.027021934625E-02  5.285227748824E+02  3.969015268506E-01  4.905058555111E-01 -3.051421184797E-01 -1.058305403625E-03  9.104002104473E-01  2.305656285829E+00 -4.401116838538E-03 -2.268485916010E-02  2.708597599863E-02 -2.594785716161E-02  1.374977892757E-03  1.569269006851E-06  6.743268091861E-06  1.941563271448E-06  8.263892698986E-02 -1.569268925291E-06 -6.623363608700E-03 -8.361748644630E-20  5.760196101955E-20 -1.053152544471E-20 -1.612246268898E-03
  2.964674737436E+02  2.999744858498E+02  2.298861167666E+01 -1.751314588141E-14  3.723081310068E-02  5.301204818043E+02  3.945512591244E-01  4.879949908120E-01 -3.020466297023E-01 -1.005527378546E-03  8.424899617868E-01  2.302162718887E+00 -5.078447257516E-03 -2.021307846020E-02  2.529152571784E-02 -2.573517089555E-02  1.622035522589E-03 -7.731411779850E-07  6.365348767113E-06  1.307353726079E-06  8.073242579429E-02  7.731412384325E-07 -6.320449153532E-03 -6.408765119928E-20  6.626678810543E-20 -1.136716801994E-20 -1.600255297164E-03
  3.034814979559E+02  3.070937204253E+02  2.302405739806E+01 -1.751840744228E-14  3.473490438942E-02  5.317233173697E+02  3.920568602406E-01  4.854161056833E-01 -2.987831486657E-01 -9.602558527949E-04  7.874867603126E-01  2.299107510372E+00 -5.853948827986E-03 -1.770874399238E-02  2.356269282037E-02 -2.545116885333E-02  1.508522036974E-03 -9.840312838595E-07  5.922105571265E-06  8.092923729868E-07  7.825093706791E-02  9.840313183082E-07 -6.412684132668E-03 -7.139678908359E-20  6.373738674170E-20  9.902747127896E-22 -1.572749776640E-03
  3.107059428946E+02  3.144265320380E+02  2.305925389910E+01 -1.880280320910E-14  3.143861731169E-02  5.333153334341E+02  3.894222735540E-01  4.820269124866E-01 -2.955325558408E-01 -9.598425470977E-04  7.136612258780E-01  2.297937406428E+00 -6.581697493198E-03 -1.517662135032E-02  2.175831884381E-02 -2.496494865760E-02  1.743378419867E-03 -4.758903200903E-07  5.393473771487E-06  2.243413137176E-06  7.664074431268E-02  4.758903250852E-07 -6.863428005151E-03 -9.446018013488E-20  5.839742467056E-20 -8.909380549622E-21 -1.564427637251E-03
  3.181471211814E+02  3.219793279992E+02  2.309533036280E+01 -1.988814220371E-14  2.833920868588E-02  5.349488367146E+02  3.866205511213E-01  4.786223733458E-01 -2.919561515891E-01 -9.360707150824E-04  6.437864442361E-01  2.303001782518E+00 -7.162327221543E-03 -1.267864822936E-02  1.984097545086E-02 -2.515900346800E-02  1.727296120268E-03  1.181064761996E-06  4.677976816565E-06  4.341525540589E-06  7.568569949983E-02 -1.181064701575E-06 -6.833058993347E-03 -6.128862301274E-20  5.260087712729E-20 -1.109448167488E-20 -1.572650543248E-03
  3.258115348169E+02  3.297587078391E+02  2.313175628628E+01 -1.826218429951E-14  2.487200616187E-02  5.365999430576E+02  3.835774386229E-01  4.759525170916E-01 -2.885632515531E-01 -9.580165048917E-04  5.657247552222E-01  2.309833903520E+00 -7.834191564543E-03 -1.026840678854E-02  1.810259835323E-02 -2.511170170878E-02  1.880069177563E-03  8.032604832338E-07  3.884767998680E-06  5.423945062371E-06  7.483606031079E-02 -8.032604740903E-07 -8.082678437327E-03 -5.992788185760E-20  6.298048536446E-20 -1.108284258924E-20 -1.577411549628E-03
  3.337058808614E+02  3.377714690743E+02  2.316916104332E+01 -1.658922435185E-14  2.035298791105E-02  5.382956828144E+02  3.802399421682E-01  4.724556563377E-01 -2.847576222400E-01 -9.762566768598E-04  4.634703750472E-01  2.318465426675E+00 -8.464518911366E-03 -7.980803601444E-03  1.644532251269E-02 -2.542052388163E-02  2.215856465132E-03  3.808293335610E-07  3.591202917723E-06  4.191993413562E-06  7.341088106962E-02 -3.808293078821E-07 -8.722255721688E-03 -6.518133322516E-20  5.854725131419E-20  1.425208904503E-20 -1.575243196751E-03
  3.418370572872E+02  3.460246131465E+02  2.320635223310E+01 -1.867725881362E-14  1.602140630306E-02  5.399845607845E+02  3.766926393444E-01  4.692797680727E-01 -2.811502991585E-01 -9.554637631102E-04  3.651342411039E-01  2.329375482005E+00 -9.077760295147E-03 -5.586938313825E-03  1.466469860878E-02 -2.504216856284E-02  2.175142873966E-03 -1.451449379799E-06  4.121183550512E-06  4.743600320524E-06  7.236764412834E-02  1.451449383920E-06 -8.146302812680E-03 -6.948519806666E-20  5.246576951758E-20 -1.266146545011E-20 -1.575124499518E-03
  3.502121690058E+02  3.545253515409E+02  2.324492375409E+01 -2.216511537390E-14  1.185480386185E-02  5.417381752077E+02  3.730994167433E-01  4.665402526293E-01 -2.771579275687E-01 -9.726435753878E-04  2.704612422339E-01  2.342473912536E+00 -9.605175038258E-03 -3.295373253401E-03  1.290054829178E-02 -2.537285049289E-02  2.192215818724E-03 -1.733126743046E-06  5.024985205972E-06  7.309610718479E-06  7.186961938055E-02  1.733126736881E-06 -8.881952338483E-03 -8.371991338788E-20  6.458320132405E-20 -1.068647240886E-21 -1.587469636171E-03
  3.588385340760E+02  3.632811120872E+02  2.328388195098E+01 -2.443538564487E-14  6.461211556725E-03  5.435129979633E+02  3.696732571530E-01  4.641193530030E-01 -2.733914866307E-01 -9.021427568975E-04  1.480169366353E-01  2.356741165563E+00 -1.028760421643E-02 -9.668262791362E-04  1.125443049534E-02 -2.540896412761E-02  2.559853545402E-03 -2.342571176488E-06  5.779935525228E-06  7.511948366895E-06  7.167145847321E-02  2.342571224484E-06 -9.306513847632E-03 -6.454546853999E-20  4.547010263400E-20 -1.075593050928E-21 -1.600980246726E-03
  3.677236900983E+02  3.722995454498E+02  2.332455382046E+01 -2.594851286966E-14  1.512194626504E-03  5.453697018315E+02  3.664583592927E-01  4.613659819158E-01 -2.691657033470E-01 -8.940274620642E-04  3.479826907597E-02  2.378380617285E+00 -1.082370007664E-02  1.386561593646E-03  9.437138482861E-03 -2.580564455287E-02  2.461716694796E-03  4.253473297164E-07  5.952459315770E-06  5.539370796238E-06  7.176385319585E-02 -4.253473435846E-07 -9.579114415613E-03 -7.696271480382E-20  4.499481532286E-20  9.181165135711E-21 -1.616690499094E-03
  3.768754008012E+02  3.815885318133E+02  2.336597685586E+01 -2.708188780292E-14 -4.503414742158E-03  5.472649292910E+02  3.633334994648E-01  4.592874037213E-01 -2.651746095942E-01 -7.804511149528E-04 -1.036601228546E-01  2.403104651115E+00 -1.136629399452E-02  3.756822308944E-03  7.609471685539E-03 -2.602167549879E-02  2.848927493976E-03  2.003810868527E-06  4.904258881408E-06  4.472635291388E-06  7.214343323082E-02 -2.003810861903E-06 -1.070361550700E-02 -8.046764767663E-20  4.230317002463E-20 -2.868073006445E-21 -1.650840391265E-03
  3.863016628253E+02  3.911561877677E+02  2.340955054479E+01 -2.547963605150E-14 -1.109076170983E-02  5.492639557691E+02  3.601430838134E-01  4.560460165941E-01 -2.608313136028E-01 -7.315895627313E-04 -2.556034866242E-01  2.420981765045E+00 -1.203421309362E-02  5.865054446918E-03  6.169158646808E-03 -2.664884459346E-02  3.015045240420E-03  2.359476072881E-06  3.391619065542E-06  2.705036859017E-06  7.042470209673E-02 -2.359476036190E-06 -1.152651709704E-02 -8.493216655006E-20  6.052907528964E-20  1.338826377203E-20 -1.640146104327E-03
  3.960107127100E+02  4.010108734007E+02  2.345144662372E+01 -2.360391302264E-14 -1.848961851112E-02  5.511903034787E+02  3.567167278944E-01  4.532030468854E-01 -2.565756245973E-01 -4.895555549295E-04 -4.277305989206E-01  2.443663960536E+00 -1.264620900927E-02  7.976384086175E-03  4.669824923072E-03 -2.582135906072E-02  3.270372510757E-03  1.997124793395E-06  2.235011330088E-06  2.638804664355E-06  6.767056050440E-02 -1.997124738335E-06 -1.055332142162E-02 -8.145292621723E-20  4.681017200900E-20  8.731597064463E-21 -1.618808021465E-03
  4.060110340913E+02  4.111611996027E+02  2.349413804606E+01 -2.760969975505E-14 -2.429622664009E-02  5.531569396340E+02  3.529566036893E-01  4.508280762969E-01 -2.521152735348E-01 -3.346964722729E-04 -5.639297160824E-01  2.474914561585E+00 -1.328651330917E-02  1.005429870430E-02  3.232214604744E-03 -2.614574049319E-02  2.648950983058E-03  1.289913749858E-06  1.433952026246E-06  2.360845065540E-06  6.742847172322E-02 -1.289913821555E-06 -8.947156573981E-03 -6.851966590389E-20  5.510361759924E-20  3.938570658699E-21 -1.645357990922E-03
  4.163113651141E+02  4.216160355908E+02  2.353825201138E+01 -3.418765148003E-14 -3.002116709140E-02  5.551945454687E+02  3.487628982204E-01  4.485823979516E-01 -2.476318394768E-01 -9.433208553152E-05 -6.988067120296E-01  2.504757249774E+00 -1.377540159985E-02  1.208793103268E-02  1.687470567369E-03 -2.639402076609E-02  2.712293557631E-03  2.794715263504E-06  1.429984024758E-06  1.187971909020E-06  6.695761358134E-02 -2.794715297392E-06 -7.453706061893E-03 -9.220610470426E-20  4.317240272144E-20  1.668052370224E-20 -1.648374212073E-03
  4.269207060675E+02  4.323845166585E+02  2.358293018829E+01 -3.814666695949E-14 -3.418864824644E-02  5.572643668885E+02  3.439636665909E-01  4.443572258563E-01 -2.428957196583E-01  8.719025156733E-05 -7.992738647166E-01  2.535934760737E+00 -1.430033895085E-02  1.435369927661E-02 -5.336032593452E-05 -2.638951390910E-02  2.093635912899E-03  2.658323922167E-06  1.858758389468E-06  2.497828745881E-06  6.635267228790E-02 -2.658323976007E-06 -5.180213171604E-03 -8.817778017363E-20  5.194022127232E-20  2.155690732305E-20 -1.649562943304E-03
  4.378483272495E+02  4.434760521583E+02  2.362888830512E+01 -4.201655538251E-14 -3.709526898585E-02  5.593997392109E+02  3.388400470347E-01  4.398629300499E-01 -2.381792472459E-01  3.130167115805E-04 -8.700117359051E-01  2.567862635994E+00 -1.496465884291E-02  1.639977181989E-02 -1.435112976778E-03 -2.635241175534E-02  1.630768521617E-03 -2.899868877724E-07  2.839962421295E-06  1.741463226676E-06  6.491983750498E-02  2.899869220017E-07 -5.209026650793E-03 -8.295266961770E-20  4.255869769739E-20  1.531415728765E-20 -1.627593671467E-03
  4.491037770670E+02  4.549003337230E+02  2.367427810297E+01 -4.776777132841E-14 -4.149239857684E-02  5.615142918315E+02  3.335205437694E-01  4.348830520828E-01 -2.332617252730E-01  4.014510671821E-04 -9.762391203845E-01  2.597605267134E+00 -1.529711678507E-02  1.820339071855E-02 -2.906273933341E-03 -2.577431938667E-02  1.844670455758E-03 -1.194106212156E-06  3.998247231963E-06  3.042349544471E-06  6.324427575374E-02  1.194106133015E-06 -5.035574685572E-03 -8.241285870852E-20  4.508106950837E-20  2.563035893967E-20 -1.612191275535E-03
  4.606968903790E+02  4.666673437347E+02  2.372055210686E+01 -5.052065309066E-14 -4.437413764082E-02  5.636740310737E+02  3.278296160516E-01  4.270909239254E-01 -2.282678452583E-01  6.416050136945E-04 -1.047824703078E+00  2.628841422350E+00 -1.563444610395E-02  2.004846129989E-02 -4.414015195981E-03 -2.584201352344E-02  1.295400422552E-03 -1.306204808944E-06  3.701267286922E-06  5.046827818192E-06  6.172299269302E-02  1.306204794108E-06 -4.517003960198E-03 -7.250050406687E-20  5.130756874708E-20  1.163754552130E-20 -1.603369523308E-03
  4.726377970904E+02  4.787873640468E+02  2.376640687604E+01 -4.727277217679E-14 -4.825294020983E-02  5.658175075720E+02  3.216765447285E-01  4.195669561703E-01 -2.231636171506E-01  7.405159909403E-04 -1.142704095575E+00  2.660311604257E+00 -1.613512293678E-02  2.168783881121E-02 -5.552715874615E-03 -2.540559680988E-02  1.505794895962E-03 -2.646957459103E-06  2.627306976264E-06  4.781068831054E-06  5.962705786232E-02  2.646957471859E-06 -4.311263417564E-03 -8.980627038967E-20  3.939478596902E-20  2.868059663451E-20 -1.573105109478E-03
  4.849369310031E+02  4.912709849682E+02  2.381221841398E+01 -3.792071250469E-14 -5.102655728240E-02  5.679660657134E+02  3.150480897384E-01  4.118663360833E-01 -2.179477909413E-01  9.198162023073E-04 -1.212624738602E+00  2.702451373099E+00 -1.658047523540E-02  2.329269075567E-02 -6.712215520410E-03 -2.502078572808E-02  1.137076330915E-03 -9.918637086525E-08  2.132992248616E-06  5.115392779168E-06  5.920955022003E-02  9.918645535492E-08 -2.664509659441E-03 -8.139416030566E-20  4.894911370193E-20  2.563012438525E-20 -1.572068647412E-03
  4.976050389332E+02  5.041291145172E+02  2.386016250348E+01 -2.156401525804E-14 -5.247671761036E-02  5.702214272689E+02  3.084958727679E-01  4.032760765889E-01 -2.126215227027E-01  1.057516160744E-03 -1.253131982924E+00  2.747745718390E+00 -1.662470015494E-02  2.479625281296E-02 -8.171552657906E-03 -2.542131132610E-02  7.744109811743E-04 -2.518510001808E-07  2.019066395238E-06  1.737252278181E-06  6.034678370842E-02  2.518510286751E-07 -1.663698632582E-03 -8.346825735815E-20  4.971401585932E-20  4.233911893397E-20 -1.607022587558E-03
  5.106531901012E+02  5.173729879527E+02  2.391063983047E+01 -9.270633667564E-15 -5.374071748734E-02  5.726043563796E+02  3.021010740412E-01  3.957525845570E-01 -2.070905712075E-01  1.150300514186E-03 -1.287902053014E+00  2.789863925135E+00 -1.687794715013E-02  2.619673676488E-02 -9.318789614823E-03 -2.588316164684E-02  6.227844421593E-04 -1.295636086904E-06  1.794726122167E-06 -1.981014732352E-06  6.011874282886E-02  1.295636155326E-06 -2.514163746603E-03 -6.978113447308E-20  4.917312367684E-20  3.679763472642E-20 -1.611376978685E-03
  5.240927858042E+02  5.310141775913E+02  2.396116431491E+01 -5.405124843076E-15 -5.669633548317E-02  5.749942286916E+02  2.956396769137E-01  3.868043713778E-01 -2.014951163411E-01  1.172051141027E-03 -1.363241618755E+00  2.838869852496E+00 -1.690472242424E-02  2.755263366674E-02 -1.064791124244E-02 -2.579923254237E-02  1.218873822315E-03 -3.023212752113E-07  1.030794930093E-06 -2.855931413611E-06  6.035121440083E-02  3.023213088126E-07 -3.850067789205E-03 -8.281806281036E-20  3.924698009002E-20  4.144768558869E-20 -1.636142732034E-03
  5.379355693784E+02  5.450646029190E+02  2.401507173869E+01 -1.669697438760E-15 -6.038200383221E-02  5.775529241464E+02  2.890012694732E-01  3.773019434409E-01 -1.957258843356E-01  1.152145699503E-03 -1.454994215484E+00  2.894142204389E+00 -1.718955470454E-02  2.900591981158E-02 -1.181636510703E-02 -2.661959910630E-02  1.260762286374E-03  2.368433815331E-06  8.237237657758E-07 -4.109563386091E-06  6.011748318579E-02 -2.368433776894E-06 -3.005260570292E-03 -9.227196070441E-20  5.225568758469E-20  3.691732019251E-20 -1.658872705139E-03
  5.521936364597E+02  5.595365410066E+02  2.406829697292E+01  4.729399886762E-15 -6.204131221826E-02  5.800846889258E+02  2.824133314463E-01  3.680318557969E-01 -1.899151569394E-01  1.200666149107E-03 -1.498957876656E+00  2.938823947042E+00 -1.743972662988E-02  3.000086655257E-02 -1.256113992284E-02 -2.627334568207E-02  5.631831213260E-04  3.091920301028E-06  1.668357727796E-06 -3.181132265908E-06  5.812228387497E-02 -3.091920298804E-06 -1.554246967518E-03 -6.369093668606E-20  4.532682219119E-20  4.362055122082E-20 -1.625122410919E-03
  5.668794455535E+02  5.743794455535E+02  2.412176502999E+01  1.100464713568E-14 -6.325332600575E-02  5.826359740743E+02  2.760733152885E-01  3.599769526504E-01 -1.837992017064E-01  1.086093866036E-03 -1.531896198849E+00  2.961089738116E+00 -1.738889908632E-02  3.031900421775E-02 -1.293010513156E-02 -2.552016114886E-02  2.701285030604E-04  2.116739348786E-06  2.606234469446E-06 -2.720844434240E-06  5.595044610601E-02 -2.116739286824E-06 -1.093568715575E-03 -7.470018824689E-20  4.157726767486E-20  4.441669466639E-20 -1.584960309902E-03
  5.818794455535E+02  5.893794455535E+02  2.417321317174E+01  1.422910284969E-14 -6.410822402293E-02  5.850946423796E+02  2.697077189941E-01  3.508535102948E-01 -1.778765155603E-01  9.583973258794E-04 -1.555613973499E+00  2.923037471233E+00 -1.694485787702E-02  2.937178551133E-02 -1.242692763444E-02 -2.491887978464E-02  3.196786556168E-04  1.346735340772E-06  2.804473806508E-06 -1.453548230976E-06  5.500362025219E-02 -1.346735333718E-06 -1.876613096378E-03 -8.389265750818E-20  3.645825545382E-20  3.865724231699E-20 -1.535989374740E-03
  5.968794455535E+02  6.043794455535E+02  2.422488587356E+01  1.434989005516E-14 -6.677427221338E-02  5.875695140162E+02  2.631462692387E-01  3.432935047882E-01 -1.717305184298E-01  9.251749807723E-04 -1.624391263482E+00  2.887962025107E+00 -1.651899281415E-02  2.869057225389E-02 -1.217157943958E-02 -2.435912412577E-02  6.910725605165E-04  8.934899830940E-07  3.404010261946E-06 -1.573384045932E-06  5.623774923979E-02 -8.934899490398E-07 -1.950631175574E-03 -7.550364692171E-20  3.846719554496E-20  4.843990732012E-20 -1.532698267348E-03
  6.118794455535E+02  6.193794455535E+02  2.427864866647E+01  1.611298655989E-14 -6.777148280876E-02  5.901490348215E+02  2.565377220475E-01  3.357138603451E-01 -1.658820278165E-01  5.581316670382E-04 -1.651766198043E+00  2.845639797629E+00 -1.623475148878E-02  2.803090876947E-02 -1.179615728089E-02 -2.445672072733E-02  3.795542888042E-04  1.459956877415E-06  4.201886273495E-06 -4.141032161702E-06  5.577328772535E-02 -1.459956901987E-06 -1.962762362285E-03 -6.903645190633E-20  4.291868563704E-20  3.959280028431E-20 -1.494207327935E-03
  6.268794455535E+02  6.343794455535E+02  2.432947720588E+01  1.787897249955E-14 -7.046386695439E-02  5.925946840260E+02  2.500556395276E-01  3.298796358527E-01 -1.597374768480E-01  6.349822118975E-04 -1.719362872443E+00  2.806590373930E+00 -1.593135427067E-02  2.745827721619E-02 -1.152692294542E-02 -2.345378134188E-02  8.455746189148E-04 -2.540935010525E-07  3.230569412255E-06 -3.421262566656E-06  5.415585396035E-02  2.540934867490E-07 -2.635012913724E-03 -7.747307696597E-20  3.800378817104E-20  3.991195790166E-20 -1.446583171736E-03
  6.418794455535E+02  6.493794455535E+02  2.438020597538E+01  1.640300597896E-14 -7.271799120162E-02  5.950409286594E+02  2.436040119072E-01  3.243075045422E-01 -1.538309996837E-01  4.196437109687E-04 -1.776549773540E+00  2.767409511332E+00 -1.567201978231E-02  2.692279061106E-02 -1.125077082875E-02 -2.284150914608E-02  6.803371998500E-04 -1.701110577562E-06  2.029704853573E-06 -3.372352929529E-06  5.309152144936E-02  1.701110552628E-06 -2.904366020783E-03 -6.740667713756E-20  3.391392548659E-20  5.118467269641E-20 -1.405360325424E-03
  6.568794455535E+02  6.643794455535E+02  2.442902298232E+01  1.628530983388E-14 -7.590685029903E-02  5.973971085426E+02  2.373384544519E-01  3.206977571065E-01 -1.476244451960E-01  5.284375622603E-04 -1.854330226059E+00  2.731908103982E+00 -1.512419815727E-02  2.618570165105E-02 -1.106150349375E-02 -2.212527870913E-02  1.207598407412E-03 -1.688907793322E-06  1.548747624236E-06 -4.160315956111E-06  5.291394274425E-02  1.688907816783E-06 -5.080149634054E-03 -7.686063873087E-20  4.325104560881E-20  4.942618035096E-20 -1.379457366350E-03
  6.718794455535E+02  6.793794455535E+02  2.447941266768E+01  1.898128160725E-14 -8.224011719154E-02  5.998363234551E+02  2.314561939231E-01  3.138595727098E-01 -1.414932535815E-01  4.187608920471E-04 -2.010406392373E+00  2.692536365920E+00 -1.473875070607E-02  2.532552545057E-02 -1.058677474427E-02 -2.202499651961E-02  1.782561991558E-03 -2.257776361714E-06  1.456935387324E-06 -3.821115502395E-06  5.174838598606E-02  2.257776368609E-06 -5.986570434123E-03 -6.215806828875E-20  4.502328520064E-20  3.950997285376E-20 -1.345500713332E-03
  6.868794455535E+02  6.943794455535E+02  2.452604360806E+01  1.948628093375E-14 -8.713260086322E-02  6.020955510414E+02  2.254158770315E-01  3.084238882535E-01 -1.353839520817E-01  5.741359588252E-04 -2.131633403228E+00  2.636348785643E+00 -1.419719097338E-02  2.447142977595E-02 -1.027423880245E-02 -2.085703407979E-02  1.421737260552E-03 -1.283596981881E-06  1.735836945580E-06 -2.069026380319E-06  4.974286275848E-02  1.283596978863E-06 -4.987607228685E-03 -7.202790808357E-20  4.492869565220E-20  4.543887024405E-20 -1.285456642550E-03
  7.018794455535E+02  7.093794455535E+02  2.457267235101E+01  1.501817817965E-14 -9.158342224971E-02  6.043558783646E+02  2.191175924640E-01  3.034563887100E-01 -1.291766095178E-01  5.987059557541E-04 -2.242478265764E+00  2.590807914042E+00 -1.374832738404E-02  2.377155065879E-02 -1.002322327484E-02 -2.036917392056E-02  1.397744201085E-03  8.670205966194E-07  2.160413559807E-06  1.494490311884E-06  4.746601849139E-02 -8.670206667155E-07 -4.971336457819E-03 -6.924021842295E-20  4.129493161705E-20  4.410636394833E-20 -1.234013584323E-03
  7.168794455535E+02  7.243794455535E+02  2.461504340036E+01  1.208254391359E-14 -9.643935946358E-02  6.064139971649E+02  2.129380992024E-01  2.951719299000E-01 -1.229581756597E-01  7.347713428437E-04 -2.364068937495E+00  2.551569407413E+00 -1.342154624071E-02  2.291491122964E-02 -9.493364988733E-03 -1.897337681857E-02  1.717198703140E-03  1.352559808316E-06  2.250203827879E-06  4.007947969742E-06  4.505889198327E-02 -1.352559804333E-06 -5.332268779737E-03 -7.913625798319E-20  3.644449533682E-20  3.916019820488E-20 -1.168010524239E-03
  7.318794455535E+02  7.393794455535E+02  2.465717457669E+01  1.114252931820E-14 -1.015773168308E-01  6.084678288367E+02  2.069650663195E-01  2.868550012592E-01 -1.166634500554E-01  7.774727955023E-04 -2.493257846577E+00  2.517113629739E+00 -1.320718938602E-02  2.204716605873E-02 -8.839976672759E-03 -1.851038966176E-02  1.790250994368E-03 -4.469355852013E-07  1.412561975727E-06  2.603662019969E-06  4.431820626323E-02  4.469355871680E-07 -4.959787511328E-03 -7.762136465331E-20  4.085041448119E-20  3.662821023749E-20 -1.140360540153E-03
  7.468794455535E+02  7.543794455535E+02  2.469815479548E+01  1.033591521110E-14 -1.057487332007E-01  6.104643343959E+02  2.007270627348E-01  2.797899047732E-01 -1.103345994341E-01  8.954838698773E-04 -2.600524363657E+00  2.474656639880E+00 -1.252791847461E-02  2.099321413033E-02 -8.465295655802E-03 -1.786602358070E-02  1.161173642299E-03 -1.324640753742E-06  2.041814628444E-07  1.321006085054E-06  4.178747199887E-02  1.324640766884E-06 -3.980803697316E-03 -7.010750010313E-20  3.477307467648E-20  3.962755079835E-20 -1.081109827051E-03
  7.618794455535E+02  7.693794455535E+02  2.473552238050E+01  1.133885671988E-14 -1.090539277837E-01  6.122890552249E+02  1.938307575556E-01  2.707372955261E-01 -1.039330065124E-01  9.272821755488E-04 -2.686734065082E+00  2.433783106497E+00 -1.196509012151E-02  2.025217318172E-02 -8.287083060458E-03 -1.676447607237E-02  1.040851883502E-03 -8.360816313196E-07 -2.492150405791E-07 -3.844150498487E-07  3.997416120016E-02  8.360816088655E-07 -2.852127015092E-03 -7.701304652419E-20  3.304402349628E-20  3.985214990423E-20 -1.017504785225E-03
  7.768794455535E+02  7.843794455535E+02  2.477309131861E+01  1.238433393741E-14 -1.111033332091E-01  6.141269769030E+02  1.866089264572E-01  2.615348307550E-01 -9.742812796821E-02  1.107705975032E-03 -2.741118027013E+00  2.391197178989E+00 -1.192701304930E-02  1.967180493857E-02 -7.744791889154E-03 -1.578392744899E-02  5.736921552204E-04 -1.753846858634E-06  1.367326570636E-08  6.135302816264E-07  3.851050762783E-02  1.753846853461E-06 -9.055551492541E-04 -7.038198494298E-20  4.295624776094E-20  3.016439726736E-20 -9.461320504073E-04
  7.918794455535E+02  7.993794455535E+02  2.480772399827E+01  1.452101235840E-14 -1.107509811559E-01  6.158221294440E+02  1.790460126387E-01  2.528581986673E-01 -9.102113819279E-02  1.154167966095E-03 -2.737034463947E+00  2.338305510882E+00 -1.125238269152E-02  1.847671994703E-02 -7.224337255709E-03 -1.451048208788E-02 -2.064704703481E-05  2.325572538517E-07 -4.505874655168E-08 -5.722038691197E-08  3.687592388427E-02 -2.325571905262E-07  1.490020935060E-04 -7.561526201787E-20  3.812647649541E-20  4.416673808855E-20 -8.941395539605E-04
  8.068794455535E+02  8.143794455535E+02  2.484223990807E+01  1.695790115680E-14 -1.108191454541E-01  6.175154950738E+02  1.711955280636E-01  2.442376329948E-01 -8.441900158255E-02  1.197282148581E-03 -2.743521895071E+00  2.299641345046E+00 -1.074567601645E-02  1.756465409623E-02 -6.818978079736E-03 -1.400374220047E-02 -2.055094233450E-05  8.186992660828E-07  4.772252675101E-07  7.729772049324E-07  3.529970091091E-02 -8.186992632208E-07  6.259794127514E-04 -6.143802507347E-20  2.875173816506E-20  3.674971267168E-20 -8.403044877280E-04
  8.218794455535E+02  8.293794455535E+02  2.487391610813E+01  1.599932209287E-14 -1.095766250358E-01  6.190708831325E+02  1.629991842260E-01  2.381203083709E-01 -7.789267661661E-02  1.245811263930E-03 -2.715383503707E+00  2.263028783057E+00 -1.006199407223E-02  1.654369708728E-02 -6.481703014815E-03 -1.286287815026E-02 -2.228161198811E-04  3.081127896283E-07  9.043723968065E-07  4.953739526386E-07  3.348832364171E-02 -3.081127838738E-07  1.160225660251E-03 -6.729661935728E-20  3.039972976181E-20  3.116891313201E-20 -7.794951736585E-04
  8.368794455535E+02  8.443794455535E+02  2.490502150457E+01  1.675692859933E-14 -1.086473238406E-01  6.206025929988E+02  1.543932967255E-01  2.336813730576E-01 -7.120813507059E-02  1.192370296776E-03 -2.695824093195E+00  2.220196582281E+00 -9.335392236160E-03  1.563524666767E-02 -6.299854431714E-03 -1.206403340887E-02 -7.028164981819E-05 -5.718209618006E-07  7.642423830242E-07 -8.605166724231E-07  3.147943432786E-02  5.718209580290E-07  1.814786698668E-03 -6.165181127369E-20  2.983800789646E-20  2.722562592993E-20 -7.116456834993E-04
  8.518794455535E+02  8.593794455535E+02  2.493292843435E+01  2.146035533885E-14 -1.061725124629E-01  6.219788030939E+02  1.451987361729E-01  2.304073215200E-01 -6.453236190886E-02  1.305816059960E-03 -2.639389515818E+00  2.174621392851E+00 -8.693955288957E-03  1.482833803650E-02 -6.134382747499E-03 -1.075195689165E-02 -3.894680012878E-04  7.045437135309E-07  1.673025708496E-06 -1.197277152156E-06  3.001551357389E-02 -7.045436980040E-07  2.691811384973E-03 -6.278630632309E-20  2.813921312668E-20  2.695059550055E-20 -6.585726328381E-04
  8.668794455535E+02  8.743794455535E+02  2.496130546607E+01  2.435378045785E-14 -1.035938997031E-01  6.233803368737E+02  1.354683904436E-01  2.273587846843E-01 -5.788943839393E-02  1.189336107334E-03 -2.578836430137E+00  2.130844119285E+00 -8.170048698524E-03  1.395316973660E-02 -5.783121037696E-03 -1.030968431891E-02 -4.855818232375E-04  3.285421634959E-07  2.115992288308E-06 -2.983779134267E-06  2.974779385109E-02 -3.285422324480E-07  2.534586688764E-03 -5.344612308749E-20  1.691209065750E-20  2.912656469957E-20 -6.256754045937E-04
  8.818794455535E+02  8.893794455535E+02  2.498871280276E+01  2.280912423635E-14 -1.014162247890E-01  6.247349872461E+02  1.254101769959E-01  2.240032987196E-01 -5.098416571728E-02  1.242220529032E-03 -2.528548853093E+00  2.101525636789E+00 -7.723763879270E-03  1.311026463808E-02 -5.386500758919E-03 -9.574807730273E-03 -5.022839706052E-04  3.549235237315E-08  1.803138183706E-06 -2.371889440193E-06  2.828595717302E-02 -3.549234587725E-08  2.392326562442E-03 -6.354272976324E-20  2.216030382786E-20  1.801063701274E-20 -5.688109394360E-04
  8.968794455535E+02  9.043794455535E+02  2.501434426446E+01  1.883406816645E-14 -9.910809191792E-02  6.260017327885E+02  1.151785829769E-01  2.211659217751E-01 -4.431724272115E-02  1.137718481720E-03 -2.473214500767E+00  2.064905179764E+00 -6.610666904998E-03  1.172725400368E-02 -5.116587098751E-03 -8.571589813734E-03 -4.912173556087E-04 -2.568652924887E-07  1.969717845141E-06 -9.617873094208E-08  2.577464392234E-02  2.568652359076E-07  2.135993204589E-03 -6.107678670803E-20  2.528915989701E-20  1.639653395090E-20 -5.030117799633E-04
  9.118794455535E+02  9.193794455535E+02  2.503704159296E+01  1.568542449427E-14 -9.741488350991E-02  6.271247498603E+02  1.041043922873E-01  2.193267709158E-01 -3.735689102925E-02  1.004232358022E-03 -2.432978988780E+00  2.043340864850E+00 -5.942905365277E-03  1.074080128935E-02 -4.797895924080E-03 -7.649040471349E-03 -3.482304994520E-04  2.897338024373E-07  2.220239226158E-06  7.856174798284E-07  2.383055171471E-02 -2.897338097755E-07  1.453267948869E-03 -5.003465451164E-20  2.502735129796E-20 -3.022781995239E-21 -4.645842616409E-04
  9.268794455535E+02  9.343794455535E+02  2.505902336134E+01  1.581297780796E-14 -9.638688935132E-02  6.282127546441E+02  9.152474283145E-02  2.184082020054E-01 -3.053839753178E-02  8.559805724334E-04 -2.409616605072E+00  2.026375140004E+00 -4.935278659231E-03  9.827563668190E-03 -4.892285009169E-03 -7.232688067620E-03 -2.500282823398E-04 -6.119650043989E-07  1.736069095035E-06  6.436169707760E-07  2.406077808814E-02  6.119650228797E-07  9.804166383896E-04 -4.164950309739E-20  2.026333617486E-20 -6.316737426874E-21 -4.469496202416E-04
  9.418794455535E+02  9.493794455535E+02  2.508215367673E+01  1.518980996757E-14 -9.557451745532E-02  6.293617397891E+02  7.743960380552E-02  2.206827614727E-01 -2.363584052866E-02  7.910817891112E-04 -2.391007687404E+00  2.013969640660E+00 -4.092854446254E-03  8.958767121220E-03 -4.865912675088E-03 -7.041945343823E-03 -1.401706154722E-04 -1.714452506762E-06  1.285690402253E-06 -1.279996776932E-06  2.408176053274E-02  1.714452527262E-06 -8.271053292823E-05 -4.384311789722E-20  1.072394471116E-20 -1.495761307959E-20 -4.242738473124E-04
  9.568794455535E+02  9.643794455535E+02  2.510417979611E+01  1.048872668587E-14 -9.653625389730E-02  6.304596380352E+02  6.021614661484E-02  2.248132337423E-01 -1.673200729118E-02  4.999766973354E-04 -2.415713593298E+00  2.025487535716E+00 -3.498680103824E-03  8.429482942232E-03 -4.930802838424E-03 -6.700787791785E-03  2.969901971342E-04 -5.430449242441E-07  1.706789617094E-06 -1.707530093088E-06  2.623255568189E-02  5.430448782572E-07 -7.389911654681E-04 -4.511398392344E-20  7.240919890683E-21 -1.018455780926E-20 -4.475487810832E-04
  9.718794455535E+02  9.793794455535E+02  2.513134587335E+01  4.432973693438E-15 -9.696046854209E-02  6.318216147138E+02  4.055770652447E-02  2.350356472437E-01 -9.695859618449E-03  5.689731590266E-04 -2.428940250860E+00  2.212051820751E+00 -8.682379754119E-03  1.311202691483E-02 -4.429647160953E-03 -7.781416601659E-03  6.671289978445E-05  3.678905866600E-07  1.345087871255E-06 -1.316638854806E-06  2.735520131786E-02 -3.678905821280E-07 -1.784882470555E-03 -2.821556368790E-20  1.183037963772E-21 -3.208484847572E-21 -5.240508143432E-04
  9.868794455535E+02  9.943794455535E+02  2.515547413851E+01  7.268988606564E-16 -9.988680936058E-02  6.330686819095E+02  1.039669634610E-02  2.835122743582E-01 -2.896837095910E-03  4.732460334124E-05 -2.501678507832E+00  2.035343170015E+00 -4.145026842261E-03  5.361287745079E-03 -1.216260903263E-03 -7.307209242823E-03  1.093169112946E-03  7.296168202985E-07  3.279123016619E-07 -2.150811622284E-06  1.286906326738E-02 -7.296168396567E-07 -1.560207968259E-03 -3.397635172888E-20 -3.743319791167E-22 -5.254342576698E-20 -1.841802910988E-04
