                   y                  ym                   U                   V                   W                 U^2                 V^2                 W^2                  UV                  VW                  UW                VISC               SFSxx               SFSyy               SFSzz               SFSxy               SFSyz                dUdX                dVdX                dWdX                dUdY                dVdY                dWdY                dUdZ                dVdZ                dWdZ              SFSxym
 -4.000000000000E+00 -2.000000000000E+00  0.000000000000E+00  0.000000000000E+00  0.000000000000E+00  0.000000000000E+00  0.000000000000E+00  0.000000000000E+00  0.000000000000E+00  0.000000000000E+00  0.000000000000E+00  0.000000000000E+00  0.000000000000E+00  0.000000000000E+00  0.000000000000E+00  0.000000000000E+00  0.000000000000E+00  0.000000000000E+00  0.000000000000E+00  0.000000000000E+00  0.000000000000E+00  0.000000000000E+00  0.000000000000E+00  0.000000000000E+00  0.000000000000E+00  0.000000000000E+00  0.000000000000E+00
  2.220446049250E-16  2.000000000000E+00  1.214019543848E+01  1.393092184578E-15 -3.122629090687E-02  1.494441782339E+02  3.722882011000E-02  4.828261644387E-01 -1.080311892707E-01 -2.375499699444E-04 -3.751226360478E-01  5.620864300554E-01 -1.012237295469E-04  1.847867337853E-03 -1.746643608485E-03 -3.457618911785E+00  7.223828689229E-03  5.619440223810E-06 -3.109204997024E-06 -8.756641149864E-06  5.051745814734E+01 -5.619440168204E-06 -1.434196451525E-01  3.926517910500E-20 -6.495279146416E-21 -1.377107173719E-20 -4.009700490231E-03
  4.000000000000E+00  6.000000000000E+00  1.311846099635E+01  3.775475302762E-15 -4.046605123919E-02  1.737745049953E+02  1.483824593682E-01  4.149344774688E-01 -1.952951467785E-01 -2.258447779204E-05 -5.266334660066E-01  4.227057153583E+00  1.073467986757E-01 -1.494369562600E-01  4.209015758375E-02 -5.308614197230E-01 -5.456274007051E-02 -7.447618720670E-06 -6.526998265566E-06 -6.013295485218E-07  2.657934028877E+00  7.447618749456E-06 -2.070095053251E-02  3.361404806401E-20  1.632818219658E-21  9.676392997904E-21 -4.025080505346E-02
  8.000000000000E+00  1.000000000000E+01  1.346917026579E+01  5.834936203551E-15 -4.155985792429E-02  1.828517260177E+02  1.736122171277E-01  3.707332452380E-01 -1.922087891392E-01 -3.417726805546E-05 -5.550423360025E-01  4.448476127260E+00  7.200336541187E-02 -1.934482220352E-01  1.214448566231E-01 -3.600337256152E-01 -7.273858818482E-04 -4.239743946294E-06 -6.132689788337E-06  6.326058736674E-06  1.347257696941E+00  4.239743962775E-06 -1.373982930254E-04  1.991277726076E-20 -3.289163264220E-22  2.178249272017E-21 -2.175958009254E-02
  1.200000000000E+01  1.400000000000E+01  1.379207244981E+01  7.609705590271E-15 -4.054181327029E-02  1.916009659820E+02  1.855395257550E-01  3.579633412389E-01 -2.029625685212E-01  4.918496886885E-05 -5.549439171318E-01  4.386460608176E+00  6.632245586117E-02 -1.792307042609E-01  1.129082484019E-01 -3.329275129620E-01  4.191389162126E-03 -8.392212183677E-07 -3.965219495187E-06  1.126981167222E-05  1.125188459405E+00  8.392212915969E-07  6.221154663114E-03  1.150336126737E-21 -1.223417755132E-20  4.257722906823E-20 -1.848550853024E-02
  1.600000000000E+01  1.800000000000E+01  1.403176133659E+01  8.057840473422E-15 -3.847954923953E-02  1.982087646381E+02  1.948537816427E-01  3.480060674960E-01 -2.016933968120E-01 -3.331289119263E-06 -5.366065041555E-01  4.147055816008E+00  5.519842456688E-02 -1.591168691245E-01  1.039184445581E-01 -2.524296141384E-01  2.907457882591E-03  9.334278659401E-06 -1.224383685425E-06  3.554588841129E-06  9.027504607205E-01 -9.334278658359E-06  9.529867575104E-03  1.181042043956E-20 -4.405433353718E-21  3.323054832829E-20 -1.471627810194E-02
  2.000000000000E+01  2.200000000000E+01  1.424345432647E+01  7.081639239135E-15 -3.579534993781E-02  2.041658444358E+02  2.028834492272E-01  3.436792391198E-01 -2.044269471119E-01 -6.902328033340E-07 -5.067305600330E-01  3.978962145396E+00  4.879707953829E-02 -1.447368865536E-01  9.593980701552E-02 -2.209080276788E-01  6.936523679846E-04 -8.054102296923E-06  5.319631211035E-08  6.331395234832E-06  7.771015044176E-01  8.054102330564E-06  1.155510447923E-02  1.131946195988E-20 -5.207764086349E-21  2.573437809663E-20 -1.268337935267E-02
  2.400000000000E+01  2.600000000000E+01  1.442034354107E+01  5.459451666064E-15 -3.271583684351E-02  2.092073788199E+02  2.098512966570E-01  3.396826202328E-01 -2.036067200176E-01 -2.936943327204E-05 -4.687532687392E-01  3.803874514717E+00  4.256049440505E-02 -1.318696200226E-01  8.930912561926E-02 -1.848293069157E-01 -3.106798762075E-04  9.146655224824E-06 -2.376768936652E-07  8.416614466377E-06  6.735367565839E-01 -9.146655253961E-06  1.257220328635E-02  1.016571215070E-20  1.132510847798E-20  3.908229548990E-20 -1.089589134654E-02
  2.800000000000E+01  3.000000000000E+01  1.458024494401E+01  3.899769215598E-15 -2.949280426399E-02  2.138272981030E+02  2.154263197231E-01  3.364785980643E-01 -2.040529509010E-01 -1.956046959775E-06 -4.269141659963E-01  3.664461693195E+00  3.807102990763E-02 -1.220623885485E-01  8.399135864039E-02 -1.650859986635E-01 -1.227597293456E-03  2.708887135576E-06  2.661050621786E-07  7.867434718435E-06  6.023976282183E-01 -2.708887052579E-06  1.293232439575E-02 -2.505415180834E-21 -1.493848078553E-20  4.320728567658E-20 -9.703890631724E-03
  3.200000000000E+01  3.400000000000E+01  1.472152740529E+01  2.303847434007E-15 -2.620092935608E-02  2.179512434147E+02  2.196368034186E-01  3.334861642765E-01 -2.031459613913E-01 -6.279192545044E-05 -3.824827821949E-01  3.534332508445E+00  3.454429113044E-02 -1.137125088936E-01  7.916821776422E-02 -1.456489969901E-01 -1.567876165379E-03  7.237306505407E-07  2.341032399105E-06  2.522799183268E-06  5.424632483557E-01 -7.237307474773E-07  1.175759149267E-02  2.160049972884E-22 -1.199380412067E-20  3.202229067904E-20 -8.685912623460E-03
  3.600000000000E+01  3.800000000000E+01  1.485145080297E+01 -8.025264480738E-17 -2.358263282383E-02  2.217835585839E+02  2.227205720963E-01  3.304791193355E-01 -2.026942594142E-01 -1.232711506248E-04 -3.465290056073E-01  3.423956950210E+00  3.183020289167E-02 -1.066486500165E-01  7.481844712261E-02 -1.327060597223E-01 -1.360304070708E-03  2.476901352018E-06  4.936558407684E-06  2.670864245966E-06  4.990828337213E-01 -2.476901334476E-06  8.991879671084E-03 -4.131801214830E-21 -5.402330416336E-21  1.146309098273E-20 -7.942592198574E-03
  4.000000000000E+01  4.200000000000E+01  1.497107220613E+01 -1.203635787682E-15 -2.170082301590E-02  2.253431661228E+02  2.249287058362E-01  3.276448003489E-01 -2.016460859695E-01 -1.816452220122E-04 -3.201027506064E-01  3.324614726725E+00  2.924611719627E-02 -1.003709138896E-01  7.112479669494E-02 -1.216226725886E-01 -9.286351968418E-04 -1.516651715342E-06  6.728398661152E-06  4.646422173045E-07  4.633875070320E-01  1.516651609598E-06  5.455314786391E-03 -1.944123427025E-20  1.749452136973E-21  2.738309273165E-20 -7.332249832787E-03
  4.400000000000E+01  4.600000000000E+01  1.508315452172E+01  1.780644497592E-16 -2.086466809571E-02  2.287067639921E+02  2.264936240564E-01  3.250387274782E-01 -2.007135007670E-01 -2.276318739764E-04 -3.089458763608E-01  3.233826818426E+00  2.706434110146E-02 -9.501488495601E-02  6.795054385451E-02 -1.129496206235E-01 -3.694929902698E-04 -8.343442001145E-06  8.131337809538E-06 -1.726279149105E-07  4.322694582298E-01  8.343441992058E-06  3.070671718283E-03  3.270378456394E-21  1.124727970317E-20  4.189654292133E-20 -6.779588017547E-03
  4.800000000000E+01  5.000000000000E+01  1.518719879249E+01  1.931837647027E-15 -2.017530260389E-02  2.318516986415E+02  2.274355478574E-01  3.224449189543E-01 -1.996242099715E-01 -2.098823064940E-04 -3.004264592564E-01  3.148010485300E+00  2.505563670892E-02 -9.029206433660E-02  6.523642762757E-02 -1.040633039306E-01 -2.084453556568E-04 -1.304420445033E-05  9.673764367224E-06  3.226269350001E-06  4.034598623306E-01  1.304420450196E-05  3.057677544474E-03 -1.794440928660E-20 -1.854364409987E-21  5.225681774473E-20 -6.268522721924E-03
  5.200000000000E+01  5.400000000000E+01  1.528488472857E+01  3.260423470560E-15 -1.933789361142E-02  2.348237459046E+02  2.277413487551E-01  3.198751791984E-01 -1.985322564613E-01 -2.172340198464E-04 -2.894957762742E-01  3.072288968650E+00  2.337258918611E-02 -8.616147971400E-02  6.278889052839E-02 -9.662628653058E-02 -4.889321839520E-04 -2.809905034301E-06  9.986186055254E-06 -6.121118078902E-07  3.782696177165E-01  2.809904871578E-06  3.316298278012E-03  4.673121589253E-21  3.015267133568E-21  3.917891677452E-20 -5.837720973857E-03
  5.600000000000E+01  5.800000000000E+01  1.537634513428E+01  5.328277315891E-15 -1.852951929924E-02  2.376243115153E+02  2.275192880351E-01  3.167675185255E-01 -1.972880870018E-01 -2.295022951820E-04 -2.785089483225E-01  2.999055744947E+00  2.189474076943E-02 -8.229414904452E-02  6.039940827500E-02 -9.015552373311E-02 -5.976824341632E-04 -1.455031044498E-06  9.458519001909E-06 -2.657876928368E-06  3.559932852832E-01  1.455031156026E-06  3.165734604920E-03 -7.354699202350E-21  1.285666298398E-21  3.802873798791E-20 -5.455133961448E-03
  6.000000000000E+01  6.200000000000E+01  1.546288232707E+01  8.506636656654E-15 -1.778200881500E-02  2.402895875562E+02  2.269386352518E-01  3.135318438782E-01 -1.960973961872E-01 -2.739606232380E-04 -2.685936003010E-01  2.928730168955E+00  2.073092044848E-02 -7.874097896379E-02  5.801005851618E-02 -8.459923309893E-02 -4.493685959203E-04 -2.856963569419E-06  9.298987968119E-06 -5.120716977101E-06  3.370219850502E-01  2.856963748862E-06  3.878790168069E-03 -2.033240691861E-21 -2.601284598264E-21  4.828480834099E-20 -5.123434652543E-03
  6.400000000000E+01  6.600000000000E+01  1.554485331917E+01  1.265285510914E-14 -1.661598123207E-02  2.428282423036E+02  2.261080279457E-01  3.103782876305E-01 -1.948297321870E-01 -2.660396993277E-04 -2.525762622584E-01  2.863658851700E+00  1.971009327437E-02 -7.549282262253E-02  5.578272934924E-02 -7.938966734869E-02 -6.426081032330E-04  2.012217298664E-06  9.278524066967E-06 -9.613149958927E-06  3.207858992729E-01 -2.012217168658E-06  5.330397498455E-03 -5.162333602785E-21 -3.446723990744E-21  6.151548876654E-20 -4.828103736640E-03
  6.800000000000E+01  7.000000000000E+01  1.562327765451E+01  1.629541748933E-14 -1.513540200642E-02  2.452701207742E+02  2.250878081501E-01  3.069762703760E-01 -1.935173515867E-01 -2.926783751160E-04 -2.313461167584E-01  2.801118962271E+00  1.862054256272E-02 -7.215017986994E-02  5.352963730927E-02 -7.513505342051E-02 -9.356780209887E-04  5.482756202305E-06  9.014996717851E-06 -1.071872615723E-05  3.069707467478E-01 -5.482756180482E-06  5.744260411529E-03 -1.268455395420E-20  9.803910740186E-21  4.132469630452E-20 -4.571751604326E-03
  7.200000000000E+01  7.400000000000E+01  1.569833702406E+01  1.602625179555E-14 -1.374139763437E-02  2.476199641775E+02  2.238269917626E-01  3.034456772050E-01 -1.921860981304E-01 -3.012353427099E-04 -2.115045583020E-01  2.742194499461E+00  1.755226671547E-02 -6.918524221776E-02  5.163297550243E-02 -7.116386680392E-02 -9.280407091117E-04  9.603901492406E-06  8.746858681391E-06 -1.423422937448E-05  2.938782557395E-01 -9.603901496604E-06  5.653033041926E-03 -3.719605054771E-20 -9.065695187407E-22  6.095068275820E-20 -4.323832922353E-03
  7.600000000000E+01  7.800000000000E+01  1.577022790528E+01  1.292068549953E-14 -1.229947408645E-02  2.498806186293E+02  2.222422746573E-01  2.996252245038E-01 -1.908581505728E-01 -3.481904917945E-04 -1.911626942178E-01  2.685878328920E+00  1.647509455637E-02 -6.653036576501E-02  5.005527120938E-02 -6.720159084414E-02 -8.935719182246E-04  9.604918638163E-06  8.255302067488E-06 -1.491064694797E-05  2.812296568440E-01 -9.604918751035E-06  6.216190598014E-03 -2.723960591785E-20 -2.812415151146E-21  3.371457362148E-20 -4.087996557749E-03
  8.000000000000E+01  8.200000000000E+01  1.583897226128E+01  1.129461744039E-14 -1.063166699728E-02  2.520519499078E+02  2.204100103906E-01  2.956459793313E-01 -1.895235243058E-01 -3.446672748518E-04 -1.671614412078E-01  2.633367499179E+00  1.550243648752E-02 -6.407912645278E-02  4.857668996574E-02 -6.361309051418E-02 -1.033828824142E-03  1.212820538285E-05  7.693068784611E-06 -1.142360412426E-05  2.689325322389E-01 -1.212820528081E-05  7.221425597139E-03 -5.338072052442E-20 -3.701250041316E-22  4.862008555999E-20 -3.875002684470E-03
  8.400000000000E+01  8.600000000000E+01  1.590470869868E+01  9.031615733068E-15 -8.683250105218E-03  2.541376460964E+02  2.184734593006E-01  2.916722898192E-01 -1.881171877717E-01 -3.979489247548E-04 -1.382535374301E-01  2.587351919387E+00  1.485783290088E-02 -6.200397046660E-02  4.714613756598E-02 -6.044426240117E-02 -1.315647363139E-03  1.350173810437E-05  7.479880203257E-06 -9.597863306909E-06  2.593607033564E-01 -1.350173817807E-05  8.094708310699E-03 -3.260645607770E-20 -1.153268404761E-20  5.399419354937E-20 -3.696805504350E-03
  8.800000000000E+01  9.000000000000E+01  1.596866621715E+01  4.732123980861E-15 -6.581479186687E-03  2.561750722088E+02  2.165254912562E-01  2.877646860566E-01 -1.867555684337E-01 -4.518502714471E-04 -1.065774862341E-01  2.539436773994E+00  1.420960090863E-02 -6.000135592142E-02  4.579175501252E-02 -5.786887792900E-02 -1.189723990562E-03  6.141523154746E-06  7.271920308992E-06 -7.879259802515E-06  2.503957185942E-01 -6.141523135846E-06  8.159953846734E-03 -2.481254314896E-20 -2.693516754270E-20  4.580352887661E-20 -3.529167504476E-03
  9.200000000000E+01  9.400000000000E+01  1.602991640539E+01  2.882159644048E-15 -4.600491406720E-03  2.581340235370E+02  2.145789880083E-01  2.837411631952E-01 -1.853200923699E-01 -5.282383993437E-04 -7.654899593013E-02  2.492612964684E+00  1.338652077003E-02 -5.792461989006E-02  4.453809911942E-02 -5.504102533840E-02 -1.133804866940E-03  1.919213917589E-06  6.696719400063E-06 -7.402397261504E-06  2.406465423742E-01 -1.919213974340E-06  7.472155577095E-03 -1.904678837459E-20  5.969468226371E-21  3.467414199937E-20 -3.362863810198E-03
  9.600000000000E+01  9.800000000000E+01  1.608900021548E+01  2.029228636976E-15 -2.845357233042E-03  2.600302401362E+02  2.126232063672E-01  2.796873793842E-01 -1.839706771876E-01 -5.957663134009E-04 -4.985336940822E-02  2.447221794558E+00  1.278907302679E-02 -5.604978356633E-02  4.326071053932E-02 -5.254452093340E-02 -1.033789582776E-03  3.334890529057E-06  5.517811109769E-06 -4.716545422629E-06  2.307454797097E-01 -3.334890475244E-06  6.378012584123E-03 -2.742269795017E-20 -8.774050959054E-21  7.290937268963E-20 -3.192658466117E-03
  1.000000000000E+02  1.020000000000E+02  1.614531246675E+01 -8.510713835064E-16 -1.410524320687E-03  2.618441547138E+02  2.106517015223E-01  2.757074303753E-01 -1.825805823982E-01 -6.844966860531E-04 -2.790971632448E-02  2.404077717957E+00  1.223694118952E-02 -5.430549020238E-02  4.206854901269E-02 -4.963723533562E-02 -9.856225321293E-04 -3.504619036300E-06  3.758969942174E-06 -3.639552997149E-06  2.219835532981E-01  3.504618980076E-06  5.365501607971E-03 -8.323318979434E-22 -5.307233161372E-21  5.843292301374E-20 -3.035081404755E-03
  1.040000000000E+02  1.060000000000E+02  1.620001183337E+01 -1.531555987357E-15 -1.523315930017E-04  2.636118886966E+02  2.086618390794E-01  2.717635555189E-01 -1.812307818344E-01 -7.650124264442E-04 -8.189426096468E-03  2.361032819095E+00  1.154363494659E-02 -5.248082042678E-02  4.093718547996E-02 -4.744903131831E-02 -8.189561000358E-04 -1.195189796444E-05  2.029372973749E-06 -3.723560715769E-06  2.139693383010E-01  1.195189805667E-05  4.529985795228E-03 -1.216863779110E-20 -1.273440871628E-20  6.651213205648E-20 -2.890747414588E-03
  1.080000000000E+02  1.100000000000E+02  1.625231283835E+01 -2.961826386002E-16  8.599587295998E-04  2.653079461096E+02  2.066296082839E-01  2.677070147415E-01 -1.798439365132E-01 -8.536121309778E-04  7.985694619893E-03  2.318459569330E+00  1.108070932177E-02 -5.083691619665E-02  3.975620687484E-02 -4.503037056141E-02 -5.588908686362E-04 -9.435442687797E-06  7.133792606103E-07 -7.225182654959E-06  2.060157418845E-01  9.435442654652E-06  3.891995255786E-03 -4.622301120864E-20 -1.403270004161E-20  6.741089231758E-20 -2.754867134180E-03
  1.120000000000E+02  1.140000000000E+02  1.630303754384E+01 -1.081738286908E-15  1.788946537312E-03  2.669583423606E+02  2.045943937268E-01  2.634947551823E-01 -1.784409918423E-01 -9.226404362397E-04  2.298761045085E-02  2.279169173267E+00  1.075109344120E-02 -4.932679128450E-02  3.857569784307E-02 -4.314420581579E-02 -5.369036455620E-04 -8.937076157213E-06 -3.541816097042E-07 -7.483779461484E-06  1.988455410793E-01  8.937076235869E-06  4.064151260946E-03 -2.642340940888E-20 -1.094772049218E-20  6.383457837237E-20 -2.636342249837E-03
  1.160000000000E+02  1.180000000000E+02  1.635174677512E+01 -1.945480524364E-15  2.894338231665E-03  2.685463206977E+02  2.026259511942E-01  2.593374358306E-01 -1.770776330555E-01 -1.014735827702E-03  4.088390560358E-02  2.241039734861E+00  1.030942043129E-02 -4.782842690423E-02  3.751900647263E-02 -4.118087508441E-02 -5.802790362708E-04 -1.007043662254E-05 -1.334439155269E-06 -2.913166952265E-06  1.922660554521E-01  1.007043654724E-05  4.423018899082E-03 -1.393692063117E-20  4.501443209195E-21  5.055112579665E-20 -2.522622747170E-03
  1.200000000000E+02  1.220000000000E+02  1.639918210702E+01 -2.363543244223E-15  4.014990876347E-03  2.700958848994E+02  2.007292935117E-01  2.553413739414E-01 -1.756863403936E-01 -1.091631348694E-03  5.919223093870E-02  2.202971038624E+00  9.817167094967E-03 -4.633616065706E-02  3.651899356208E-02 -3.951152118344E-02 -6.800579781921E-04 -9.169019745580E-06 -2.036894683938E-06  1.992687656490E-07  1.854426467827E-01  9.169019758555E-06  5.193827426059E-03 -6.140115824163E-21 -3.177928428887E-21  6.164810382771E-20 -2.407364492856E-03
  1.240000000000E+02  1.260000000000E+02  1.644446784077E+01 -3.799766780157E-15  5.500374367369E-03  2.715789845080E+02  1.988923028483E-01  2.512465080446E-01 -1.743159929000E-01 -1.168165295785E-03  8.385977352885E-02  2.166178020534E+00  9.319742598184E-03 -4.506403946863E-02  3.574429687037E-02 -3.757443217988E-02 -8.417335307488E-04 -6.310490749402E-06 -2.388342790019E-06  2.206720965819E-06  1.786319822670E-01  6.310490661788E-06  6.008421003634E-03 -8.288935662936E-21 -8.197641896420E-21  5.728059938582E-20 -2.296347032731E-03
  1.280000000000E+02  1.300000000000E+02  1.648847911225E+01 -5.360881588183E-15  7.013376081630E-03  2.730231474500E+02  1.971396998627E-01  2.471058206140E-01 -1.729561178530E-01 -1.260059920783E-03  1.096178248186E-01  2.130047780189E+00  8.864951240520E-03 -4.365015688281E-02  3.478520564238E-02 -3.592033023031E-02 -7.609919273569E-04 -1.114650287259E-07 -2.685903418570E-06  2.964698988168E-06  1.729303963444E-01  1.114651585210E-07  5.952709983171E-03 -1.882052283669E-20 -9.094995295310E-21  5.334823460516E-20 -2.192410893243E-03
  1.320000000000E+02  1.340000000000E+02  1.653091584036E+01 -6.976383302067E-15  8.462351859753E-03  2.744179630898E+02  1.954939317120E-01  2.431225136431E-01 -1.716015990223E-01 -1.359597610431E-03  1.348071720993E-01  2.091082125111E+00  8.394743054807E-03 -4.217458956627E-02  3.377984651182E-02 -3.421630700183E-02 -6.679390049665E-04  4.811994647760E-07 -2.876653139736E-06  3.058348901964E-06  1.655077011226E-01 -4.811996113200E-07  5.506620347622E-03 -6.959655738921E-21 -1.475025519110E-21  3.977598116887E-20 -2.079407947870E-03
  1.360000000000E+02  1.380000000000E+02  1.657121700184E+01 -1.174187309883E-14  9.753484423754E-03  2.757460477011E+02  1.939281908897E-01  2.393887510432E-01 -1.702478595482E-01 -1.463515578089E-03  1.571802762803E-01  2.053190645273E+00  7.896639820192E-03 -4.073414395975E-02  3.283750413995E-02 -3.226599996567E-02 -5.772695130726E-04  2.116314391627E-06 -2.880153468399E-06  2.271770802429E-06  1.574403075318E-01 -2.116314269343E-06  4.593817951253E-03 -6.165453637687E-21  2.020849714889E-20  5.160051028306E-20 -1.963279910075E-03
  1.400000000000E+02  1.420000000000E+02  1.660961625087E+01 -1.815947934559E-14  1.074644670254E-02  2.770133066255E+02  1.923769095822E-01  2.358002998799E-01 -1.688733966935E-01 -1.575512500930E-03  1.745764054418E-01  2.017121721670E+00  7.468005316851E-03 -3.945188673507E-02  3.198388141777E-02 -3.057824751144E-02 -4.388683975239E-04  3.367441799339E-06 -2.783818663402E-06  2.742217873661E-06  1.500957096146E-01 -3.367442028520E-06  3.689260741191E-03  1.600732511739E-20  1.002488594764E-21  5.167340372870E-20 -1.858229846730E-03
  1.440000000000E+02  1.460000000000E+02  1.664623562906E+01 -2.110131904279E-14  1.158356221903E-02  2.782240997124E+02  1.907981457413E-01  2.321940984614E-01 -1.675345555846E-01 -1.663293070165E-03  1.894140431627E-01  1.983161705765E+00  7.137094583301E-03 -3.827278721030E-02  3.113569262682E-02 -2.888765292262E-02 -3.803640126896E-04  3.285321170358E-06 -2.328349400277E-06  5.985014390282E-06  1.435169040576E-01 -3.285321172060E-06  3.165749827593E-03 -3.805183529015E-21  5.394437523385E-21  6.199737702139E-20 -1.761204743417E-03
  1.480000000000E+02  1.500000000000E+02  1.668134846398E+01 -2.196060217355E-14  1.231944120201E-02  2.793873819548E+02  1.892114225361E-01  2.288100773066E-01 -1.661498285969E-01 -1.751854811392E-03  2.023848618805E-01  1.952101038118E+00  6.862912322058E-03 -3.723011161461E-02  3.036719929305E-02 -2.746549408070E-02 -3.817308378325E-04  2.664684976370E-06 -1.665801683233E-06  8.345323908343E-06  1.365803860819E-01 -2.664685068901E-06  3.194526720016E-03  4.873794285827E-21 -9.090076731876E-21  5.193749065759E-20 -1.671349302856E-03
  1.520000000000E+02  1.540000000000E+02  1.671452195294E+01 -2.321159258724E-14  1.318167564939E-02  2.804887142424E+02  1.876363875111E-01  2.254995643828E-01 -1.647843736267E-01 -1.829576738182E-03  2.174876554203E-01  1.923132287401E+00  6.540158376424E-03 -3.621721597895E-02  2.967705760280E-02 -2.595987908051E-02 -4.278473403995E-04  1.233328710700E-06 -1.308551835086E-06  9.771361580356E-06  1.313369872060E-01 -1.233328716946E-06  3.753226022337E-03  2.398663616150E-20  1.174612272957E-21  4.931168268597E-20 -1.587687805339E-03
  1.560000000000E+02  1.580000000000E+02  1.674702340150E+01 -2.355075871009E-14  1.421078051898E-02  2.815692248534E+02  1.860243726464E-01  2.221485851405E-01 -1.634302248834E-01 -1.901677157099E-03  2.351941718576E-01  1.894467187298E+00  6.236220774447E-03 -3.520808902376E-02  2.897186824906E-02 -2.485782564560E-02 -5.532889372221E-04  1.735148935341E-06 -1.417852031647E-06  9.439192803715E-06  1.279033749074E-01 -1.735149002978E-06  4.855113790016E-03  2.302881273629E-20 -2.749638831278E-21  5.614107603496E-20 -1.516289615500E-03
  1.600000000000E+02  1.620000000000E+02  1.677848436294E+01 -2.244469699796E-14  1.562806788641E-02  2.826171674824E+02  1.844337086625E-01  2.191308069138E-01 -1.620752710572E-01 -1.959881373604E-03  2.595078585888E-01  1.865647160139E+00  6.040732380864E-03 -3.435990523804E-02  2.831917285692E-02 -2.367586083614E-02 -6.392753862543E-04  1.233348713134E-06 -2.127220098008E-06  9.389829982796E-06  1.225006712718E-01 -1.233348673309E-06  5.676930835961E-03  2.061928654226E-20 -2.240033728222E-20  5.433736153039E-20 -1.444197243776E-03
  1.640000000000E+02  1.660000000000E+02  1.680828256512E+01 -2.076642886875E-14  1.706005703977E-02  2.836111831632E+02  1.829372423189E-01  2.164710317538E-01 -1.607281252272E-01 -2.027475463607E-03  2.842213819112E-01  1.837073650539E+00  5.748104364281E-03 -3.345058721248E-02  2.770248284800E-02 -2.248061641476E-02 -5.433900859003E-04  2.213468368781E-06 -3.225535541049E-06  9.852836750932E-06  1.162964619218E-01 -2.213468372119E-06  5.141881021720E-03  8.066517525592E-21  1.034362439126E-20  6.222112659128E-20 -1.364236795990E-03
  1.680000000000E+02  1.700000000000E+02  1.683663699523E+01 -1.906769447196E-14  1.820957638724E-02  2.845569877781E+02  1.815214220353E-01  2.138115535325E-01 -1.594101377925E-01 -2.078718482710E-03  3.042654157828E-01  1.808922579439E+00  5.428271200287E-03 -3.255278511538E-02  2.712451391534E-02 -2.123040840551E-02 -3.305069484242E-04  3.723600729277E-06 -3.972352049931E-06  9.715263499809E-06  1.106923929709E-01 -3.723600703219E-06  4.246871733829E-03  2.607433821134E-20 -5.276122147542E-21  5.942973185476E-20 -1.292825099549E-03
  1.720000000000E+02  1.740000000000E+02  1.686363206325E+01 -1.803966770524E-14  1.920037750764E-02  2.854586955834E+02  1.801346728256E-01  2.114297267074E-01 -1.580770867728E-01 -2.118926119378E-03  3.220465419560E-01  1.780113442826E+00  5.168869162298E-03 -3.177191611821E-02  2.660304695558E-02 -2.012468415423E-02 -2.308542094378E-04  7.439535398377E-06 -3.953395363459E-06  1.086528507494E-05  1.056955679183E-01 -7.439535424927E-06  3.944938078359E-03  2.764714745901E-20  7.300837522558E-22  5.814549667760E-20 -1.225097784099E-03
  1.760000000000E+02  1.780000000000E+02  1.688949805123E+01 -1.751512086409E-14  2.019641817413E-02  2.863234127386E+02  1.787791232030E-01  2.090662532717E-01 -1.567358411777E-01 -2.155080582048E-03  3.403245403297E-01  1.753715701424E+00  4.930624975347E-03 -3.098662194660E-02  2.605599697141E-02 -1.910077529366E-02 -2.052574612279E-04  5.885389531237E-06 -3.841903886621E-06  1.447578641527E-05  1.015053958898E-01 -5.885389517069E-06  3.265228777829E-03  2.278783743532E-20  5.611299634039E-21  5.927013667897E-20 -1.165310064693E-03
  1.800000000000E+02  1.820000000000E+02  1.691440213951E+01 -1.643886639949E-14  2.084091696988E-02  2.871568587283E+02  1.774721722312E-01  2.064989708036E-01 -1.554330198094E-01 -2.200155347068E-03  3.526495017737E-01  1.727535054469E+00  4.726981533519E-03 -3.015189931327E-02  2.542491777989E-02 -1.819300349896E-02 -7.653280148010E-05  4.924403978101E-06 -3.916015728232E-06  1.579690483530E-05  9.762933982701E-02 -4.924404024453E-06  1.452998292618E-03  3.823211582876E-21 -4.099968264960E-21  4.562898987787E-20 -1.111716940425E-03
  1.840000000000E+02  1.860000000000E+02  1.693832259234E+01 -1.495700626431E-14  2.092079612643E-02  2.879576761237E+02  1.762106232015E-01  2.038472756023E-01 -1.540518930836E-01 -2.221345564525E-03  3.553067992773E-01  1.703725700925E+00  4.587523651260E-03 -2.944546012556E-02  2.485793647440E-02 -1.737387862519E-02  7.481587305114E-05  8.278946824268E-06 -4.061775363414E-06  1.339787991419E-05  9.314590892166E-02 -8.278946824283E-06 -1.610055748117E-04  3.272342371122E-20  4.405660720114E-21  5.544973002873E-20 -1.058748347602E-03
  1.880000000000E+02  1.900000000000E+02  1.696098221579E+01 -1.395895942238E-14  2.074321431340E-02  2.887175092047E+02  1.750174111665E-01  2.015676817120E-01 -1.527933198655E-01 -2.263433355663E-03  3.535681877284E-01  1.683142523278E+00  4.437891605905E-03 -2.886539327574E-02  2.442750166997E-02 -1.652639270946E-02  1.336317232423E-04  6.325242124176E-06 -4.192463303937E-06  1.003356609350E-05  8.925979017748E-02 -6.325242159240E-06 -1.056746327347E-03  3.459963921383E-20 -1.410862209651E-20  4.466354768619E-20 -1.012077062757E-03
  1.920000000000E+02  1.940000000000E+02  1.698294400561E+01 -1.311261447369E-14  2.037153475099E-02  2.894545054446E+02  1.738964663138E-01  1.993633308658E-01 -1.514144201982E-01 -2.277010797881E-03  3.483373772543E-01  1.660074712711E+00  4.245300512383E-03 -2.815691733921E-02  2.391161682632E-02 -1.582588104547E-02  2.218508111174E-04  5.820497698027E-06 -4.018888065576E-06  7.435204002914E-06  8.582929093335E-02 -5.820497676175E-06 -1.415639711370E-03  1.166505803026E-20  1.089863583245E-20  4.262886807893E-20 -9.640089615732E-04
  1.960000000000E+02  1.980000000000E+02  1.700388192310E+01 -1.140742929082E-14  2.002444280543E-02  2.901583491201E+02  1.728269809676E-01  1.975556585791E-01 -1.501810005508E-01 -2.304355881059E-03  3.434206093166E-01  1.642056966225E+00  4.087253800465E-03 -2.752082996536E-02  2.343357616510E-02 -1.504962400105E-02  1.043400779118E-04  6.017382990283E-06 -3.616542596071E-06  4.710733346111E-06  8.298783157667E-02 -6.017382969532E-06 -1.659445077297E-03  2.011396410535E-20 -2.212714047427E-20  6.207269443862E-20 -9.230676220083E-04
  2.000000000000E+02  2.020600000000E+02  1.702444004561E+01 -9.493833706744E-15  1.953507336846E-02  2.908488888006E+02  1.717305024488E-01  1.958279921914E-01 -1.487813237055E-01 -2.316968097257E-03  3.358916324056E-01  1.626478295894E+00  3.771831764116E-03 -2.659800082895E-02  2.282616906504E-02 -1.456944359454E-02  2.397154711221E-04  2.841254042815E-06 -2.986158583522E-06  2.883654944225E-06  8.048342850024E-02 -2.841253991142E-06 -2.252872115565E-03  2.704703466509E-20  5.416754749440E-21  3.880892904823E-20 -9.032841914312E-04
  2.041200000000E+02  2.062418000000E+02  1.704532879476E+01 -8.835685077109E-15  1.885331992692E-02  2.915511904728E+02  1.706421391430E-01  1.942033709373E-01 -1.474260605696E-01 -2.334210513801E-03  3.253916957072E-01  1.609954297301E+00  3.390456657743E-03 -2.554584895402E-02  2.215539229611E-02 -1.427818335459E-02  3.217303945865E-04  2.366783377101E-06 -1.901917445261E-06  3.079904019111E-06  7.807219534959E-02 -2.366783489027E-06 -3.199586708803E-03  4.223390906177E-20 -7.751339072946E-21  4.245522149280E-20 -8.772303143740E-04
  2.083636000000E+02  2.105490540000E+02  1.706584812227E+01 -9.128254186195E-15  1.783154786070E-02  2.922406119388E+02  1.695479660667E-01  1.924422596314E-01 -1.459638052204E-01 -2.349927136829E-03  3.086878077438E-01  1.593252191066E+00  3.049163410831E-03 -2.445406453404E-02  2.140490112282E-02 -1.379571469686E-02  5.518010792822E-04  2.247732468257E-06 -4.000149658227E-07  4.144303558637E-06  7.556278910235E-02 -2.247732235676E-06 -3.815640256638E-03  1.639392906638E-20 -1.180279340832E-20  4.241145987963E-20 -8.526735194903E-04
  2.127345080000E+02  2.149855256200E+02  1.708662012662E+01 -9.297964261904E-15  1.677243486053E-02  2.929386646939E+02  1.684308700637E-01  1.910496055100E-01 -1.445375693995E-01 -2.360684596207E-03  2.914090365366E-01  1.579772252955E+00  2.698765845277E-03 -2.352649613049E-02  2.082773028552E-02 -1.352900053664E-02  5.333736618767E-04  1.050839363380E-06  1.043209243979E-06  2.710103227910E-06  7.281800020267E-02 -1.050839525227E-06 -3.443419231914E-03  4.015581950717E-20 -9.568022391048E-21  3.277918540189E-20 -8.313444195390E-04
  2.172365432400E+02  2.195550913886E+02  1.710684139852E+01 -8.397088220884E-15  1.590114975993E-02  2.936185621926E+02  1.673383065406E-01  1.895817987857E-01 -1.430075438029E-01 -2.359707936746E-03  2.770900586608E-01  1.566135099668E+00  2.408219746719E-03 -2.260408245772E-02  2.019586271132E-02 -1.303451387632E-02  5.124012259847E-04 -7.850559451870E-08  1.599018085791E-06  1.607549451186E-06  6.945329576985E-02  7.850565561641E-08 -2.956769655549E-03  3.168789068447E-20 -1.235494183432E-20  5.578509308166E-20 -8.038306859713E-04
  2.218736395372E+02  2.242617441303E+02  1.712688464092E+01 -8.090546760103E-15  1.506155309136E-02  2.942934440063E+02  1.662978250819E-01  1.880236461709E-01 -1.414989681602E-01 -2.361815162228E-03  2.630282932001E-01  1.552758098575E+00  1.972792891566E-03 -2.160801116299E-02  1.963521827134E-02 -1.264793421416E-02  4.523293907306E-04 -1.768184138900E-06  1.319912484532E-06  1.089601811835E-06  6.712902361600E-02  1.768184054740E-06 -3.062658616898E-03  5.000814912295E-20 -5.423679360076E-21  4.526630388845E-20 -7.799242256696E-04
  2.266498487233E+02  2.291095964542E+02  1.714691205663E+01 -9.775565791599E-15  1.406740972272E-02  2.949679604459E+02  1.652975880721E-01  1.865812151968E-01 -1.399135367207E-01 -2.352766268873E-03  2.459403246855E-01  1.537940590328E+00  1.603333359338E-03 -2.059510629499E-02  1.899177293615E-02 -1.226618399241E-02  4.980746111552E-04 -4.257308684621E-06  8.739661946110E-07  2.077900314377E-06  6.442187349941E-02  4.257308741949E-06 -3.520502221951E-03  4.146864066032E-20 -1.070325999576E-20  5.353350336845E-20 -7.503389748514E-04
  2.315693441850E+02  2.341028843478E+02  1.716649426242E+01 -1.171246772890E-14  1.289218459641E-02  2.956268566357E+02  1.643642933443E-01  1.852618363750E-01 -1.383383035884E-01 -2.337572315605E-03  2.257985346177E-01  1.523690271404E+00  1.282128450875E-03 -1.954930006775E-02  1.826717161707E-02 -1.176349663811E-02  5.342137704222E-04 -6.076148612133E-06  1.890788002971E-07  2.148565976616E-06  6.176173454371E-02  6.076148573791E-06 -3.970887143988E-03  2.553582831079E-20 -2.008215939490E-21  4.203709887308E-20 -7.196919826703E-04
  2.366364245106E+02  2.392459708782E+02  1.718603645175E+01 -1.276671133538E-14  1.154949392797E-02  2.962842868053E+02  1.634990701171E-01  1.839657034808E-01 -1.366796613585E-01 -2.318041941701E-03  2.033316517731E-01  1.510271350193E+00  9.754536286490E-04 -1.846837158106E-02  1.749291795250E-02 -1.129294287879E-02  6.581742500561E-04 -6.273312948113E-06 -9.616952129574E-07  1.723404796677E-06  5.941266947631E-02  6.273312898813E-06 -4.611643528175E-03  2.595291797033E-20 -3.412913160511E-21  4.232189200921E-20 -6.936555640669E-04
  2.418555172459E+02  2.445433500046E+02  1.720525884239E+01 -1.275006803695E-14  9.880447902610E-03  2.969314955518E+02  1.626090867045E-01  1.830217809088E-01 -1.350002403811E-01 -2.294064930713E-03  1.754341115942E-01  1.497147541275E+00  5.908349050527E-04 -1.737020674693E-02  1.677937184196E-02 -1.092618132228E-02  7.375075446303E-04 -5.713563830683E-06 -1.950210582827E-06  3.841943506891E-07  5.668203712136E-02  5.713563808183E-06 -5.332987520931E-03  2.573218125290E-20 -4.427546294684E-21  3.407150842645E-20 -6.692362699039E-04
  2.472311827633E+02  2.499996505047E+02  1.722411925037E+01 -1.282656525841E-14  7.962499668299E-03  2.975667066769E+02  1.616463672370E-01  1.820441602140E-01 -1.332649154366E-01 -2.238954563863E-03  1.433779730405E-01  1.487361834494E+00  2.560284909001E-04 -1.640811658309E-02  1.615208809227E-02 -1.050207798973E-02  7.800785259855E-04 -1.714379470293E-06 -2.342829263937E-06  3.858065502297E-07  5.423562790887E-02  1.714379495983E-06 -5.239421319144E-03 -1.732608477647E-20 -1.476294403117E-20  1.407191508159E-20 -6.477046018088E-04
  2.527681182462E+02  2.556196400198E+02  1.724278714014E+01 -1.412344669746E-14  6.250469005856E-03  2.981943732822E+02  1.606716211766E-01  1.813846896019E-01 -1.314835670230E-01 -2.197524127134E-03  1.154486035286E-01  1.481241204955E+00 -6.973768674862E-05 -1.538329664561E-02  1.545303433257E-02 -1.029455917032E-02  8.159227679460E-04 -1.699352056685E-06 -2.688988258898E-06  4.854180907247E-07  5.322556261072E-02  1.699352003661E-06 -5.062472291005E-03  3.672167142117E-20 -5.918822991556E-21  1.181897205086E-20 -6.437539467215E-04
  2.584711617935E+02  2.614082292204E+02  1.726205380251E+01 -1.573699229378E-14  4.360665485774E-03  2.988416141693E+02  1.597939464912E-01  1.808164274287E-01 -1.296435111125E-01 -2.187004447185E-03  8.478157522698E-02  1.474479504973E+00 -3.848559478081E-04 -1.439713028438E-02  1.478198623214E-02 -1.029565055845E-02  9.657298404672E-04 -1.637497730012E-06 -3.020491348800E-06 -3.453673025511E-07  5.225259609729E-02  1.637497744810E-06 -4.868492441612E-03  2.616655365450E-20 -4.177479648659E-21  2.735233033189E-20 -6.379775205313E-04
  2.643452966473E+02  2.673704760971E+02  1.728114619063E+01 -1.614265181307E-14  2.687416080437E-03  2.994828901870E+02  1.590794138160E-01  1.805830979801E-01 -1.277878222921E-01 -2.101197021506E-03  5.731878802814E-02  1.466088055064E+00 -7.246959634029E-04 -1.341666135066E-02  1.414135731383E-02 -1.002093907169E-02  8.905020073935E-04 -3.715033177501E-07 -3.366270245062E-06 -4.061984461932E-06  4.959201822318E-02  3.715033081316E-07 -4.809003856563E-03  3.404080724094E-20 -2.683440548132E-21  4.433078525302E-21 -6.121099698484E-04
  2.703956555468E+02  2.735115903800E+02  1.729954650151E+01 -1.441286355310E-14  7.260780636878E-04  3.001003583584E+02  1.584975182926E-01  1.801403832126E-01 -1.259190316301E-01 -2.077183973704E-03  2.458571627432E-02  1.458615451360E+00 -9.833816075647E-04 -1.237730205896E-02  1.336068366682E-02 -9.651899787964E-03  9.852561204591E-04  2.739690675599E-07 -3.300208953905E-06 -6.966848270834E-06  4.688328557901E-02 -2.739690259685E-07 -5.886539800245E-03  3.816339153468E-20  8.304555516292E-22  2.634063950713E-20 -6.006909870502E-04
  2.766275252132E+02  2.798369380914E+02  1.731765655680E+01 -1.184754442989E-14 -1.901962160363E-03  3.007074898877E+02  1.579779039337E-01  1.792277235784E-01 -1.240189802170E-01 -2.001763025203E-03 -1.940091077759E-02  1.454418708165E+00 -1.260943828655E-03 -1.126870972731E-02  1.252965355582E-02 -9.570752413122E-03  1.067452003485E-03  3.039455342811E-06 -2.408688430907E-06 -5.382526591374E-06  4.522919417280E-02 -3.039455301923E-06 -7.353585346698E-03  3.124138393302E-20 -8.280958745552E-21  2.913185392693E-20 -5.927211267262E-04
  2.830463509696E+02  2.863520462341E+02  1.733583177122E+01 -1.065921808284E-14 -5.178975454751E-03  3.013163656265E+02  1.574617998129E-01  1.783776449175E-01 -1.220899954203E-01 -1.979131185999E-03 -7.484527030815E-02  1.450841674403E+00 -1.546603591518E-03 -1.032839527780E-02  1.187499886902E-02 -9.378658128108E-03  1.272242980670E-03  2.438235475194E-06 -1.520240521049E-06 -2.840463432459E-06  4.271497507534E-02 -2.438235486154E-06 -8.092146664981E-03  2.620464831270E-20 -2.265969528081E-20  2.486331017952E-20 -5.730199494592E-04
  2.896577414987E+02  2.930626076211E+02  1.735295602515E+01 -1.032974516109E-14 -8.599971834761E-03  3.018892860322E+02  1.569551487925E-01  1.779317108764E-01 -1.201612779444E-01 -1.882407330135E-03 -1.340036289740E-01  1.450040535050E+00 -1.822414355636E-03 -9.439699138773E-03  1.126211349433E-02 -8.925997889046E-03  1.288947099197E-03  1.631790857736E-06 -4.994383075219E-07  7.490554369048E-07  4.072926748999E-02 -1.631790834022E-06 -7.602660223626E-03  1.124020951559E-20 -1.885026171203E-20  1.700175065953E-20 -5.514480157941E-04
  2.964674737436E+02  2.999744858498E+02  1.737049583255E+01 -9.999042392683E-15 -1.166169185110E-02  3.024774098602E+02  1.565632098710E-01  1.774452807616E-01 -1.181849707866E-01 -1.829663990171E-03 -1.877122461714E-01  1.451123363614E+00 -2.146714075395E-03 -8.410526927551E-03  1.055724100299E-02 -8.828778732626E-03  1.136467681069E-03  1.535360949425E-06  1.327533041979E-06  1.820904218205E-06  3.916067602991E-02 -1.535360934463E-06 -7.217650824340E-03  1.750209343593E-20 -1.849413142690E-20  2.625101427521E-20 -5.441469257298E-04
  3.034814979559E+02  3.070937204253E+02  1.738728213541E+01 -9.478286283731E-15 -1.493390097280E-02  3.030389632391E+02  1.563253260888E-01  1.773488092023E-01 -1.161800385306E-01 -1.744662131558E-03 -2.457637853947E-01  1.453152475679E+00 -2.479203768572E-03 -7.373557009186E-03  9.852760777644E-03 -8.603073639612E-03  1.178313703787E-03  1.718750954141E-06  3.618977726606E-06  8.320522787766E-07  3.789114335981E-02 -1.718750935131E-06 -7.825232739853E-03  1.539420796855E-20 -1.581136490392E-20  6.473364126973E-21 -5.405686566272E-04
  3.107059428946E+02  3.144265320380E+02  1.740471031927E+01 -8.613090348002E-15 -1.872731497721E-02  3.036236611372E+02  1.560422820951E-01  1.768485369419E-01 -1.141746990842E-01 -1.639233563766E-03 -3.131561795959E-01  1.455456129900E+00 -2.809078291879E-03 -6.350832018884E-03  9.159910310742E-03 -8.674156064842E-03  1.258106541977E-03  8.673397787253E-07  5.955068984025E-06  1.410581465402E-06  3.778105432121E-02 -8.673397588998E-07 -8.262793805339E-03  6.002255040233E-21 -3.747636355167E-21  1.327366198390E-20 -5.427652014787E-04
  3.181471211814E+02  3.219793279992E+02  1.742242273390E+01 -6.559183462577E-15 -2.260749342199E-02  3.042185240368E+02  1.555845438808E-01  1.760916229190E-01 -1.120795221513E-01 -1.506857301232E-03 -3.823749238778E-01  1.459632458774E+00 -3.139910456332E-03 -5.351116815568E-03  8.491027271941E-03 -8.719828884635E-03  1.259729296189E-03 -2.867170699759E-06  8.018298224937E-06  3.564717952677E-06  3.736728282634E-02  2.867170770128E-06 -8.157404733397E-03  1.215246731683E-20 -7.179733981865E-21  1.962612911738E-20 -5.451866645319E-04
  3.258115348169E+02  3.297587078391E+02  1.744050392051E+01 -3.386430097567E-15 -2.652783905433E-02  3.048277150821E+02  1.549747495963E-01  1.758756509012E-01 -1.100445394735E-01 -1.395094880616E-03 -4.519333541043E-01  1.466132742598E+00 -3.462963237891E-03 -4.365008191322E-03  7.827971429204E-03 -8.738357429766E-03  1.291263593248E-03 -3.897455269256E-06  9.838943529041E-06  1.611660956457E-06  3.760737076268E-02  3.897455250215E-06 -7.553260412626E-03 -1.432298900028E-20  2.178413651948E-21 -8.125932137529E-21 -5.503405632547E-04
  3.337058808614E+02  3.377714690743E+02  1.745952836261E+01 -5.252218654208E-16 -3.005864702061E-02  3.054701039020E+02  1.543016454688E-01  1.765471671917E-01 -1.078391012238E-01 -1.260412654371E-03 -5.147665274206E-01  1.473728544652E+00 -3.811736691651E-03 -3.263936536759E-03  7.075673228158E-03 -8.896776404432E-03  1.155742390009E-03  4.604639327051E-08  1.171863450389E-05 -2.113122996371E-06  3.816159020714E-02 -4.604636044940E-08 -7.906620803268E-03  8.243301578125E-21 -1.681564323999E-20 -1.560222605807E-20 -5.586231294043E-04
  3.418370572872E+02  3.460246131465E+02  1.747929652403E+01  7.959211993184E-16 -3.456385658591E-02  3.061391213557E+02  1.536865692068E-01  1.779441502011E-01 -1.057391629705E-01 -1.097522264158E-03 -5.943594519720E-01  1.484409908283E+00 -3.986990305935E-03 -2.253739777837E-03  6.240730083888E-03 -9.017616287964E-03  1.296150656913E-03 -7.835289709157E-08  1.327701205839E-05 -3.045349462777E-06  3.877631844402E-02  7.835289927641E-08 -7.898176963528E-03  3.400590614352E-20 -1.373639543718E-20  2.521615868591E-21 -5.712579763921E-04
  3.502121690058E+02  3.545253515409E+02  1.750012360045E+01  7.903842149636E-16 -3.831560154030E-02  3.068463653113E+02  1.530901892475E-01  1.795325261164E-01 -1.035500545869E-01 -9.484798986397E-04 -6.620792343783E-01  1.495375826483E+00 -4.202442740260E-03 -1.385227322269E-03  5.587670062275E-03 -9.244634086252E-03  1.091781906872E-03  2.750139772340E-06  1.308105688250E-05 -1.603463629762E-06  3.933962198082E-02 -2.750139762525E-06 -7.722742682263E-03 -7.906221445738E-21 -1.822163868127E-20 -5.461137833313E-21 -5.829202941134E-04
  3.588385340760E+02  3.632811120872E+02  1.752170250553E+01  5.266283828291E-16 -4.288052031052E-02  3.075810664491E+02  1.523497584133E-01  1.809202518395E-01 -1.014903626302E-01 -7.906957453875E-04 -7.437502022240E-01  1.512885856387E+00 -4.556860411888E-03 -3.129545480852E-04  4.869814959788E-03 -9.510161814176E-03  1.400807736849E-03  2.377581866731E-06  1.123092331774E-05  2.322746799312E-08  3.981481203322E-02 -2.377581852069E-06 -7.554747974171E-03 -1.907314746878E-21 -2.625789372159E-20  4.893328385809E-22 -6.057606937640E-04
  3.677236900983E+02  3.722995454498E+02  1.754433876571E+01 -5.457496072535E-17 -4.669539993477E-02  3.083544921024E+02  1.515820528746E-01  1.820745804130E-01 -9.926334793114E-02 -6.209029039600E-04 -8.121250975697E-01  1.528105432040E+00 -4.890268543582E-03  6.850077199307E-04  4.205260823531E-03 -9.835473653263E-03  1.219785482280E-03  1.814560865052E-06  9.236229913571E-06  1.311747260696E-06  4.062112440278E-02 -1.814560875811E-06 -5.979179591519E-03  1.142941705915E-21 -4.599369252931E-21  1.647251359809E-21 -6.243185799420E-04
  3.768754008012E+02  3.815885318133E+02  1.756819124980E+01 -1.872284156416E-16 -4.971859437689E-02  3.091711224716E+02  1.507744955692E-01  1.821426354303E-01 -9.713813256785E-02 -3.856901844316E-04 -8.668490998800E-01  1.540072472889E+00 -5.128381022812E-03  1.564527102284E-03  3.563853920383E-03 -1.011046867754E-02  1.031015505964E-03  1.619256504450E-06  6.814269733856E-06  1.934409328895E-06  4.150022017383E-02 -1.619256510326E-06 -2.367438551198E-03 -4.075087807491E-21 -8.709694572656E-21  7.095428993151E-21 -6.352254929351E-04
  3.863016628253E+02  3.911561877677E+02  1.759326178479E+01  1.895162593119E-15 -4.951457571169E-02  3.100328793094E+02  1.497692930201E-01  1.821228767027E-01 -9.488120377229E-02 -3.061056094600E-04 -8.657489938100E-01  1.558546339682E+00 -5.321651027723E-03  2.531495066131E-03  2.790155961656E-03 -1.029319678967E-02  2.258189828243E-04  1.165228396279E-07  4.509110490086E-06  1.483585072896E-06  4.228374347668E-02 -1.165228172180E-07  2.755361333217E-04  7.791195635545E-22 -2.243891136059E-20  6.942774696222E-22 -6.587164455720E-04
  3.960107127100E+02  4.010108734007E+02  1.761950033862E+01  3.919104985562E-15 -4.942293387253E-02  3.109351505639E+02  1.485336247679E-01  1.821486712616E-01 -9.271398655927E-02 -1.695091579460E-04 -8.656399580506E-01  1.584384936905E+00 -5.528650928767E-03  3.512249316942E-03  2.016401611946E-03 -1.080188888199E-02  2.390124469920E-04 -2.951725025448E-06  3.569329141160E-06  5.586346388839E-06  4.331815454875E-02  2.951725050320E-06  7.825194398398E-04  6.242782836811E-21 -1.125593484434E-20 -1.596502079253E-20 -6.879596391280E-04
  4.060110340913E+02  4.111611996027E+02  1.764739511547E+01  2.269942046829E-15 -4.854396368173E-02  3.118976581103E+02  1.471174199039E-01  1.815593604106E-01 -9.058880499677E-02  6.296205205539E-06 -8.530512435609E-01  1.607039781922E+00 -5.891885451587E-03  4.535074583085E-03  1.356810868857E-03 -1.122446501753E-02  3.093026096977E-06 -5.790431924961E-06  2.695479593932E-06  1.050318599034E-05  4.491387901093E-02  5.790431892086E-06  4.682313702652E-04  2.624091033081E-22 -1.189044758526E-20 -1.748091832483E-20 -7.164776137449E-04
  4.163113651141E+02  4.216160355908E+02  1.767733896321E+01 -8.775429023491E-16 -4.879100497540E-02  3.129350677852E+02  1.454933488355E-01  1.808481517516E-01 -8.840263356156E-02  9.711319608853E-05 -8.597319281317E-01  1.625541685683E+00 -6.256266342859E-03  5.506015429730E-03  7.502509131531E-04 -1.158901378555E-02  2.657471996452E-04 -4.742514796559E-06  9.704329343331E-07  9.598348355559E-06  4.413057525605E-02  4.742514796152E-06 -1.038895759853E-03  1.347211319232E-20 -1.754916269457E-20 -9.401831374833E-21 -7.085419045381E-04
  4.269207060675E+02  4.323845166585E+02  1.770591475007E+01 -3.498132194792E-15 -4.989764387107E-02  3.139277915253E+02  1.435965332327E-01  1.811081981042E-01 -8.632713260209E-02  3.933381082408E-04 -8.811331219247E-01  1.645890746837E+00 -6.393453454484E-03  6.300961709963E-03  9.249174457892E-05 -1.104590403475E-02  3.226859588888E-04 -1.848147096416E-06 -3.693604757616E-07  9.297812493663E-06  4.209082097192E-02  1.848147052156E-06 -9.317654638399E-04  4.737503229668E-21 -9.564979422532E-21 -3.301038098844E-20 -6.853183536141E-04
  4.378483272495E+02  4.434760521583E+02  1.773480589905E+01 -6.968784056760E-15 -5.006278492320E-02  3.149344320676E+02  1.416513656846E-01  1.808354458929E-01 -8.422240982870E-02  5.480057506398E-04 -8.861973465685E-01  1.670742028880E+00 -6.682749863801E-03  7.330064701144E-03 -6.473148370808E-04 -1.099184564448E-02  1.504924118733E-04 -1.263484814966E-06 -1.522707302492E-06  7.519434213012E-06  4.187578782590E-02  1.263484827674E-06  7.368007131511E-04  5.486126185214E-21 -2.636518286061E-21 -2.257068291435E-20 -6.951735424058E-04
  4.491037770670E+02  4.549003337230E+02  1.776482183549E+01 -1.083862455805E-14 -4.887087354673E-02  3.159829355478E+02  1.398671590832E-01  1.792447386184E-01 -8.221046318788E-02  8.120356129165E-04 -8.680074943651E-01  1.695085339058E+00 -6.777644084504E-03  8.094073272955E-03 -1.316429188379E-03 -1.125309372468E-02 -2.060909641964E-04 -4.374906829670E-07 -2.681814395540E-06  6.851369090813E-06  4.222503170536E-02  4.374906237972E-07  2.007953771481E-03 -2.689594633892E-20 -1.102906455983E-20 -2.860630346740E-20 -7.091141435387E-04
  4.606968903790E+02  4.666673437347E+02  1.779600061778E+01 -1.241900636148E-14 -4.716378905492E-02  3.170733584407E+02  1.379943766726E-01  1.771291400355E-01 -8.010761356224E-02  9.775144263909E-04 -8.398001064112E-01  1.723968635867E+00 -7.113456177737E-03  8.947183822437E-03 -1.833727644750E-03 -1.137135661097E-02 -3.718325491587E-04 -5.206163158967E-07 -2.561031133326E-06  5.414120928155E-06  4.151925415552E-02  5.206162985856E-07  1.837354303907E-03 -1.431731189910E-20  5.665327661013E-21 -3.526988871590E-20 -7.058993940167E-04
  4.726377970904E+02  4.787873640468E+02  1.782677669722E+01 -9.819086660654E-15 -4.612356725995E-02  3.181519962477E+02  1.359998260490E-01  1.768978971204E-01 -7.801872730070E-02  1.113077766753E-03 -8.247470423678E-01  1.748408413536E+00 -7.223831120111E-03  9.591960664655E-03 -2.368129544429E-03 -1.115963716760E-02 -1.976395457516E-04  1.681747761795E-06 -7.103857414589E-07  3.919476112667E-06  4.217828841602E-02 -1.681747740351E-06  3.648772055573E-03 -8.585211927228E-21  6.194931692379E-21 -3.850309596681E-20 -7.032729342445E-04
  4.849369310031E+02  4.912709849682E+02  1.786081672046E+01 -4.359158578086E-15 -4.153939681656E-02  3.193485690220E+02  1.340007953841E-01  1.754738591825E-01 -7.604332488678E-02  1.204177230246E-03 -7.472467834306E-01  1.783386593781E+00 -7.453669641028E-03  1.018438401509E-02 -2.730714374450E-03 -1.144482551923E-02 -1.020829255366E-03  1.405301820209E-06  2.225862858732E-06  8.300735141277E-07  4.169289576321E-02 -1.405301813963E-06  6.262831770405E-03 -1.074832777543E-20 -6.172692712725E-22 -3.214710696566E-20 -7.015248768147E-04
  4.976050389332E+02  5.041291145172E+02  1.789279944164E+01  3.825746721734E-15 -3.620506013246E-02  3.204754219420E+02  1.321680490228E-01  1.758330263774E-01 -7.390833502977E-02  1.341119622063E-03 -6.559956430618E-01  1.809134894608E+00 -7.731462575717E-03  1.088843062012E-02 -3.156968044456E-03 -1.105892482534E-02 -1.195707492385E-03 -1.066358898092E-06  3.965632338628E-06 -2.696591244126E-07  3.938024501815E-02  1.066358942320E-06  8.505747129956E-03 -4.667387592091E-21 -5.953906697457E-21 -3.332780728984E-20 -6.901176736121E-04
  5.106531901012E+02  5.173729879527E+02  1.792505717511E+01  1.025560076677E-14 -2.767790084741E-02  3.216143590216E+02  1.306369600136E-01  1.758262467039E-01 -7.199657090563E-02  1.265790299991E-03 -5.067325948032E-01  1.846188538807E+00 -7.946182663924E-03  1.169239061340E-02 -3.746207949398E-03 -1.097260959723E-02 -1.917835040867E-03  1.833725493860E-06  4.209941158570E-06 -5.450111152453E-07  3.885055273171E-02 -1.833725471245E-06  8.046650121109E-03 -7.533916700649E-21 -9.427888027400E-21 -3.305974912109E-20 -6.845090346749E-04
  5.240927858042E+02  5.310141775913E+02  1.795805264005E+01  1.106631424228E-14 -2.268633141751E-02  3.227830076753E+02  1.294886133479E-01  1.779642092262E-01 -6.985109574526E-02  1.221403027437E-03 -4.204760960867E-01  1.891702668504E+00 -8.124490554575E-03  1.248308049602E-02 -4.358589941656E-03 -1.108064976125E-02 -1.474444650027E-03  3.413830152042E-06  4.526669486413E-06 -2.444821540846E-06  3.799793384331E-02 -3.413830155581E-06  6.341397903619E-03 -1.051835585557E-20 -7.412462276033E-21 -4.606790184406E-20 -6.986412890210E-04
  5.379355693784E+02  5.450646029190E+02  1.799079560450E+01  1.068389821057E-14 -1.668669601221E-02  3.239448133445E+02  1.285321759243E-01  1.809443025176E-01 -6.801125027197E-02  1.011023897806E-03 -3.160082457622E-01  1.933196152387E+00 -8.225987066951E-03  1.299780747670E-02 -4.771820409522E-03 -1.111299630818E-02 -1.650287051225E-03  2.508497683073E-06  4.916452855580E-06 -4.287951673434E-06  3.628944682924E-02 -2.508497683724E-06  6.332719823269E-03 -6.407103305318E-21 -1.160567609039E-20 -3.818576262954E-20 -6.858004887087E-04
  5.521936364597E+02  5.595365410066E+02  1.802274625502E+01  1.325452594902E-14 -1.139726466264E-02  3.250821475833E+02  1.273851649071E-01  1.855945321001E-01 -6.572394189016E-02  7.165177386713E-04 -2.233894960284E-01  1.979302970069E+00 -8.555277729097E-03  1.374870295685E-02 -5.193425227809E-03 -1.092756972678E-02 -1.589885859757E-03  8.385945697196E-07  5.130429631240E-06 -3.280599534700E-06  3.402271580913E-02 -8.385945651305E-07  7.465873908468E-03 -5.198157595990E-22 -2.105865287338E-21 -5.124110800960E-20 -6.732302998619E-04
  5.668794455535E+02  5.743794455535E+02  1.805327488665E+01  1.689687250071E-14 -3.001257841593E-03  3.261711383353E+02  1.256970579281E-01  1.916108291745E-01 -6.380465795463E-02  4.544388445884E-04 -7.165196965683E-02  1.986474786309E+00 -8.597260900934E-03  1.394849688235E-02 -5.351235981474E-03 -1.038879012435E-02 -2.008408722557E-03 -9.678934228508E-07  4.306191427538E-06 -2.982139453192E-07  3.177123601752E-02  9.678934363750E-07  8.849549103539E-03 -9.941243496671E-21 -8.506467364540E-22 -4.097003900800E-20 -6.244579754665E-04
  5.818794455535E+02  5.893794455535E+02  1.808232729573E+01  1.867738718316E-14  5.196339231433E-03  3.272132829645E+02  1.237998935634E-01  1.958959286196E-01 -6.183815169275E-02  8.730620216582E-05  7.776208642914E-02  1.968010272366E+00 -8.537127970748E-03  1.365299662425E-02 -5.115868653590E-03 -9.508492766299E-03 -1.776430212392E-03 -2.977749778430E-07  3.533186994317E-06 -4.436057023536E-07  3.123733442266E-02  2.977749807350E-07  8.416291648328E-03  2.214744625580E-21  6.665795495910E-21 -4.368763574497E-20 -5.912934443597E-04
  5.968794455535E+02  6.043794455535E+02  1.811184202050E+01  1.953895234265E-14  1.279807772063E-02  3.282732412724E+02  1.218090318724E-01  1.983539654090E-01 -5.996672127793E-02 -1.992037481034E-04  2.176424361462E-01  1.935355967984E+00 -8.419126944101E-03  1.331692333088E-02 -4.897796386648E-03 -9.511039249584E-03 -1.574079243323E-03  1.047378516756E-07  2.681062160629E-06 -3.613290517094E-06  3.126187678176E-02 -1.047378442156E-07  7.589998431804E-03 -7.866476984808E-21  5.645118989663E-21 -2.689503046451E-20 -5.851438652059E-04
  6.118794455535E+02  6.193794455535E+02  1.814093964705E+01  2.139341770864E-14  1.944461757617E-02  3.293195991483E+02  1.196971386701E-01  2.005204412717E-01 -5.816506489617E-02 -4.493504440805E-04  3.401344334100E-01  1.918731955867E+00 -8.065253738569E-03  1.311329862183E-02 -5.048044883391E-03 -9.121862313183E-03 -1.312006470406E-03  6.497513711932E-07  1.035656498031E-06 -6.203644026489E-07  3.014596020640E-02 -6.497513786193E-07  6.613886693802E-03  2.096386868422E-21 -2.487233487937E-21 -5.043059705060E-20 -5.509981483639E-04
  6.268794455535E+02  6.343794455535E+02  1.816838450369E+01  2.228087824195E-14  2.521210104512E-02  3.303107580974E+02  1.173188397287E-01  2.008636383995E-01 -5.638334332330E-02 -7.102037642302E-04  4.462778159018E-01  1.887138036877E+00 -8.035660602241E-03  1.295093095518E-02 -4.915270352979E-03 -8.505834385333E-03 -1.381498376503E-03 -2.753179441478E-06  2.112993721327E-08  1.016671340691E-06  2.878632150167E-02  2.753179447128E-06  6.100414263425E-03 -8.463755613696E-21 -7.940326108443E-21 -4.776352624160E-20 -5.206784877757E-04
  6.418794455535E+02  6.493794455535E+02  1.819492972305E+01  2.056113554879E-14  3.087764235542E-02  3.312694808201E+02  1.147093884974E-01  2.011372429038E-01 -5.458300898020E-02 -8.293795138490E-04  5.507273463025E-01  1.844157385169E+00 -7.896274033913E-03  1.253940285570E-02 -4.643128821678E-03 -8.093248093307E-03 -1.334394152841E-03 -2.549432054867E-06  2.554037235837E-07  1.317437649307E-06  2.695894586293E-02  2.549432027996E-06  5.133753216850E-03 -9.264782997517E-21 -4.866615747870E-21 -3.500628003370E-20 -4.841548017010E-04
  6.568794455535E+02  6.643794455535E+02  1.821891675054E+01  1.948127307620E-14  3.482757341741E-02  3.321368913907E+02  1.120372476878E-01  1.986805550088E-01 -5.266513207597E-02 -9.662391400435E-04  6.241852628240E-01  1.814658405284E+00 -7.938523353646E-03  1.236259358902E-02 -4.424070235396E-03 -7.443462843825E-03 -1.064403286635E-03 -2.553986734117E-06  9.630477997896E-07  4.310167198706E-06  2.511856464949E-02  2.553986745378E-06  3.528549558177E-03 -1.140795277541E-21  2.086796522321E-21 -4.074355744723E-20 -4.471721593232E-04
  6.718794455535E+02  6.793794455535E+02  1.824200738678E+01  2.061719892033E-14  3.750021864586E-02  3.329736752073E+02  1.096165826436E-01  1.941308591770E-01 -5.060930933854E-02 -8.917860852385E-04  6.744294851461E-01  1.790608674561E+00 -7.646074802186E-03  1.206203773479E-02 -4.415962932644E-03 -6.886062598689E-03 -8.775070161940E-04 -1.834634157751E-06  1.705782408581E-06  8.013957492432E-06  2.342247137193E-02  1.834634141581E-06  3.075977642670E-03  2.763515837753E-22 -1.090359551006E-20 -4.032667150930E-20 -4.097705667271E-04
  6.868794455535E+02  6.943794455535E+02  1.826284236269E+01  2.083684613741E-14  4.061130618153E-02  3.337313272869E+02  1.073971367116E-01  1.919381099217E-01 -4.858299137020E-02 -8.849119954391E-04  7.320283849822E-01  1.759062363381E+00 -7.550862234127E-03  1.174783975317E-02 -4.196977518956E-03 -6.114771857078E-03 -7.325739714199E-04 -1.547364750489E-06  2.033457264609E-06  5.264882239041E-06  2.087285969708E-02  1.547364749198E-06  7.699241005707E-04 -2.781602649719E-22 -9.372339608458E-21 -5.068514160178E-20 -3.632373095526E-04
  7.018794455535E+02  7.093794455535E+02  1.828116307092E+01  1.898712957693E-14  3.895916170504E-02  3.343968466391E+02  1.055310645363E-01  1.877500698223E-01 -4.645074272627E-02 -8.348849942170E-04  7.039000958699E-01  1.724058754687E+00 -7.483112558025E-03  1.130626534356E-02 -3.823152785561E-03 -5.543121998705E-03 -1.019545537192E-05  2.314564557067E-06  1.828514440677E-06  7.930676653673E-06  1.928339356185E-02 -2.314564580060E-06 -4.703840553334E-04 -2.411382944617E-21 -8.787152013368E-21 -3.152596025477E-20 -3.268844445574E-04
  7.168794455535E+02  7.243794455535E+02  1.829900418454E+01  1.891848946019E-14  3.972771714846E-02  3.350470471879E+02  1.037778954427E-01  1.861385118220E-01 -4.431690384937E-02 -9.219377421617E-04  7.176176900697E-01  1.685424307566E+00 -7.395607905155E-03  1.087729617392E-02 -3.481688268821E-03 -4.953759535198E-03 -2.456333848263E-04  3.690548569720E-06  2.437965342809E-06  8.113397539831E-06  1.730746426674E-02 -3.690548558066E-06 -2.009789298987E-04 -8.556184949153E-21 -9.309511596531E-21 -3.956638668662E-20 -2.947242248611E-04
  7.318794455535E+02  7.393794455535E+02  1.831361434303E+01  1.928253679414E-14  3.857331986814E-02  3.355781298912E+02  1.017299395968E-01  1.861853716488E-01 -4.198920124523E-02 -7.982488853964E-04  6.966126234142E-01  1.659222584188E+00 -7.165877799893E-03  1.056730015252E-02 -3.401422352476E-03 -4.479662205466E-03 -2.067014565402E-06  4.871014648668E-06  3.859297005047E-06  7.368041802437E-06  1.561742467774E-02 -4.871014658525E-06 -3.957992439415E-04 -9.634253191164E-22 -2.590697022059E-21 -5.065131933570E-20 -2.661919538681E-04
  7.468794455535E+02  7.543794455535E+02  1.832829589784E+01  1.853477151851E-14  3.899562710606E-02  3.361150721917E+02  9.924861474417E-02  1.863467538138E-01 -3.977187674364E-02 -8.066552095153E-04  7.040114846935E-01  1.646798365473E+00 -7.146442494646E-03  1.043559070563E-02 -3.289148210990E-03 -4.091093732866E-03 -3.459274331534E-05  1.682990756106E-06  4.849142453508E-06  1.628904386265E-06  1.541925653454E-02 -1.682990748451E-06 -7.115571551563E-05  5.164429526703E-22 -2.654795758429E-21 -5.888777774664E-20 -2.494831431525E-04
  7.618794455535E+02  7.693794455535E+02  1.834253669319E+01  1.788498140097E-14  3.844760397592E-02  3.366348161459E+02  9.654291957199E-02  1.842537647815E-01 -3.753261485774E-02 -6.831041242883E-04  6.939039304258E-01  1.627599054949E+00 -7.077594552848E-03  1.027149792771E-02 -3.193903374826E-03 -3.780998481983E-03  7.103816402378E-05  1.207375233138E-08  5.228002224444E-06 -1.870815366586E-06  1.359052233084E-02 -1.207375938796E-08  9.037499971064E-04  1.070632038926E-20  3.437523148745E-22 -5.373877259542E-20 -2.137003729957E-04
  7.768794455535E+02  7.843794455535E+02  1.835377896416E+01  1.618285916151E-14  4.068151822373E-02  3.370449512244E+02  9.373058505312E-02  1.840028928432E-01 -3.517415671241E-02 -8.061820866796E-04  7.328672003995E-01  1.614456453902E+00 -6.957036747413E-03  1.025052749253E-02 -3.293490745132E-03 -3.130772077513E-03 -3.151136024014E-04 -2.002760607799E-07  5.570276971489E-06 -9.854084962133E-07  1.272663353508E-02  2.002760481040E-07 -1.422955993676E-04 -1.459494890342E-20 -8.597498274020E-22 -4.980754932750E-20 -1.967559777112E-04
  7.918794455535E+02  7.993794455535E+02  1.836639901286E+01  1.450397643423E-14  3.818464487278E-02  3.375067405230E+02  9.081409929980E-02  1.807826195504E-01 -3.282036091504E-02 -6.311561339065E-04  6.857374507128E-01  1.610071594727E+00 -6.802276733372E-03  1.023110685470E-02 -3.428830121272E-03 -3.206018925500E-03  2.310177428062E-04 -1.176082715706E-06  5.514014045884E-06  1.587755439863E-06  1.255274937937E-02  1.176082729708E-06 -2.388439670619E-03  9.194856702904E-21 -7.274366929827E-21 -3.784466848219E-20 -1.974339988248E-04
  8.068794455535E+02  8.143794455535E+02  1.837732836476E+01  1.334843751736E-14  3.622078570630E-02  3.379057740119E+02  8.796072124142E-02  1.792064744101E-01 -3.050670717221E-02 -6.423313151657E-04  6.483394706800E-01  1.597003376540E+00 -6.600127382565E-03  1.001132357172E-02 -3.411196189018E-03 -3.054590344190E-03  2.728434928978E-04 -1.400606053560E-06  4.065242586791E-06  5.723130772790E-07  1.257660066995E-02  1.400606030852E-06 -3.110584846569E-03 -7.529443593145E-21 -1.987456937450E-21 -4.196104595581E-20 -1.944895838566E-04
  8.218794455535E+02  8.293794455535E+02  1.839000055111E+01  1.098826874398E-14  3.235938781269E-02  3.383702410188E+02  8.505803103988E-02  1.769166323970E-01 -2.814905255160E-02 -5.150879818267E-04  5.782911015784E-01  1.586295234167E+00 -6.450529157823E-03  9.687585029616E-03 -3.237055871668E-03 -3.211037332496E-03  5.717855476686E-04  1.415728603187E-07  2.067367487656E-06  1.885232364677E-06  1.276532785307E-02 -1.415728651015E-07 -5.095269344322E-03  5.259085034418E-22 -5.226307144811E-21 -4.455394415539E-20 -1.919499488550E-04
  8.368794455535E+02  8.443794455535E+02  1.840127093875E+01  9.863887195464E-15  2.666500348504E-02  3.387832574216E+02  8.188694241999E-02  1.737322439789E-01 -2.590992786646E-02 -3.229371706301E-04  4.744602478274E-01  1.584476635938E+00 -6.425408198215E-03  9.443147235699E-03 -3.017739037658E-03 -2.896994927310E-03  8.436082579017E-04  2.881380174579E-06  8.403160234452E-07  3.194912238603E-06  1.154922899963E-02 -2.881380191584E-06 -6.329624933858E-03  1.201140558943E-20 -1.109597038827E-20 -4.489377208645E-20 -1.815087122803E-04
  8.518794455535E+02  8.593794455535E+02  1.841164369908E+01  1.114899896941E-14  2.049425398368E-02  3.391621418451E+02  7.851385500246E-02  1.713059293012E-01 -2.354955931127E-02  4.906333694329E-05  3.592515285025E-01  1.576740557663E+00 -6.455353794195E-03  9.389988589049E-03 -2.934634794806E-03 -2.937590775184E-03  1.009067875301E-03  1.154568721317E-07  4.083405524358E-07  2.595729281325E-06  1.073050916605E-02 -1.154568688108E-07 -7.770478550310E-03 -1.421020317147E-20 -8.449443780439E-21 -3.265637372633E-20 -1.801114818111E-04
  8.668794455535E+02  8.743794455535E+02  1.842136594446E+01  1.239151547576E-14  1.209982250683E-02  3.395171812073E+02  7.491090316646E-02  1.698211691096E-01 -2.130740258927E-02  3.865783928420E-04  2.054870366532E-01  1.575361892708E+00 -6.326406780719E-03  9.328102458101E-03 -3.001695677312E-03 -2.971081928207E-03  1.400318423774E-03 -1.122040174421E-07  2.163635736362E-06  1.504398022518E-06  1.193318720092E-02  1.122039949863E-07 -7.862944004596E-03 -2.030005135627E-22 -2.841743599824E-21 -3.615699304406E-20 -1.991005664217E-04
  8.818794455535E+02  8.893794455535E+02  1.843402092475E+01  1.178661335199E-14  5.753068017749E-03  3.399798405682E+02  7.094483736358E-02  1.699091143163E-01 -1.878849005369E-02  7.013133858198E-04  8.910792169362E-02  1.571986892930E+00 -6.179281730996E-03  9.277576872868E-03 -3.098295141987E-03 -3.330013844760E-03  1.324222004557E-03  2.667922020600E-06  3.783148999296E-06 -1.306033577748E-06  1.286354625570E-02 -2.667922020414E-06 -7.282862084293E-03  2.047511489555E-21 -3.654675455527E-21 -5.270230016834E-20 -2.103800129543E-04
  8.968794455535E+02  9.043794455535E+02  1.844551313614E+01  1.055676148350E-14 -1.553067620949E-03  3.403990368037E+02  6.658553439763E-02  1.708682920632E-01 -1.651635239743E-02  9.330601120986E-04 -4.517758127975E-02  1.576461930315E+00 -5.921752176422E-03  8.935298891945E-03 -3.013546715733E-03 -3.292295926960E-03  1.374077647462E-03  2.723438549732E-07  3.700622499170E-06 -1.156767059155E-06  1.239208260422E-02 -2.723438821481E-07 -6.861839792983E-03  2.988316219624E-21 -4.204012299986E-21 -4.176380793079E-20 -2.021713970957E-04
  9.118794455535E+02  9.193794455535E+02  1.845727146068E+01  1.026233424050E-14 -7.112450152916E-03  3.408275346508E+02  6.110264132769E-02  1.748228006708E-01 -1.395261629555E-02  1.054223691313E-03 -1.489116128919E-01  1.567839271330E+00 -5.813572331605E-03  8.900839312081E-03 -3.087266980303E-03 -3.226189599995E-03  1.184888597717E-03  1.661519798060E-06  3.600538799355E-06 -7.730497961274E-07  1.212694354861E-02 -1.661519790692E-06 -5.278043625448E-03 -4.584905464369E-21  7.335342240981E-22 -3.557107726042E-20 -1.984421425215E-04
  9.268794455535E+02  9.343794455535E+02  1.846825081939E+01  1.050576509468E-14 -1.144619013053E-02  3.412300233243E+02  5.426606935934E-02  1.789263083303E-01 -1.154981469018E-02  9.903672036536E-04 -2.306530444297E-01  1.543152017019E+00 -5.466874567995E-03  8.694695886965E-03 -3.227821319062E-03 -3.145581786610E-03  9.711050461617E-04 -4.887623036129E-07  3.412002606189E-06  1.051751663287E-06  1.279741624848E-02  4.887622896972E-07 -2.526547271695E-03 -1.330234960073E-20 -4.035133757050E-22 -3.498223610058E-20 -2.079476610584E-04
  9.418794455535E+02  9.493794455535E+02  1.848126327277E+01  9.801258184690E-15 -1.184640928970E-02  3.417080249263E+02  4.574610989304E-02  1.813377331077E-01 -8.978143051951E-03  1.014040943580E-03 -2.399642918805E-01  1.547386891717E+00 -5.205487858952E-03  8.603569086617E-03 -3.398081227588E-03 -3.478214138358E-03  4.718084306215E-04 -1.061582838184E-06  3.341140416729E-06  8.921181431466E-07  1.686889689796E-02  1.061582847829E-06 -5.456185547992E-04  3.739007284339E-22 -7.350097495947E-21 -3.551513902536E-20 -2.426148897872E-04
  9.568794455535E+02  9.643794455535E+02  1.849988382708E+01  7.669460119070E-15 -1.246352357553E-02  3.423982051092E+02  3.499933038866E-02  1.844733569592E-01 -6.406606688342E-03  8.063059183119E-04 -2.536663493649E-01  1.579040867321E+00 -5.186629192269E-03  8.694805046126E-03 -3.508175853636E-03 -4.530814744381E-03  3.094585882997E-04 -2.746756777836E-06  3.255702462452E-06  5.539206156325E-07  2.280130320945E-02  2.746756745758E-06 -1.194350835087E-04 -1.645505801909E-21  6.310886331022E-21 -2.630551190961E-20 -3.240712292403E-04
  9.718794455535E+02  9.793794455535E+02  1.852402638764E+01  4.411204872154E-15 -1.207149195966E-02  3.432959410683E+02  2.164241451964E-02  1.931459338089E-01 -3.665592922829E-03  6.484506834691E-04 -2.454938768340E-01  1.685981281375E+00 -5.210065170916E-03  9.310501525249E-03 -4.100436354329E-03 -5.844905267814E-03  2.233127104402E-04 -4.050278356586E-06  2.406062388588E-06  1.058957912905E-07  2.679140225510E-02  4.050278352956E-06  6.583589797818E-04 -1.683360726026E-20  7.785037632071E-22 -1.169471737438E-20 -4.279048186692E-04
  9.868794455535E+02  9.943794455535E+02  1.855013124094E+01  1.189707918769E-15 -1.123823953557E-02  3.442840680766E+02  4.490536552102E-03  2.170388101236E-01 -1.053455723574E-03  1.780108713596E-04 -2.275745953219E-01  1.656056451343E+00 -6.081941985590E-03  9.467846337100E-03 -3.385904351577E-03 -6.771050603621E-03  9.882674212686E-05 -6.998076847595E-06  8.583298806219E-07  6.661329866822E-06  1.391897570553E-02  6.998076824671E-06  4.453113947776E-04 -2.639299334330E-21 -1.000842339661E-21 -4.256674444910E-20 -1.888224769501E-04
