                   y                  ym                   U                   V                   W                 U^2                 V^2                 W^2                  UV                  VW                  UW                VISC               SFSxx               SFSyy               SFSzz               SFSxy               SFSyz                dUdX                dVdX                dWdX                dUdY                dVdY                dWdY                dUdZ                dVdZ                dWdZ              SFSxym
 -4.000000000000E+00 -2.000000000000E+00  0.000000000000E+00  0.000000000000E+00  0.000000000000E+00  0.000000000000E+00  0.000000000000E+00  0.000000000000E+00  0.000000000000E+00  0.000000000000E+00  0.000000000000E+00  0.000000000000E+00  0.000000000000E+00  0.000000000000E+00  0.000000000000E+00  0.000000000000E+00  0.000000000000E+00  0.000000000000E+00  0.000000000000E+00  0.000000000000E+00  0.000000000000E+00  0.000000000000E+00  0.000000000000E+00  0.000000000000E+00  0.000000000000E+00  0.000000000000E+00  0.000000000000E+00
  2.220446049250E-16  2.000000000000E+00  1.134293274262E+01 -1.108061342334E-15 -6.853234716541E-02  1.308203661755E+02  4.445630745303E-02  5.914697512586E-01 -1.305211763799E-01 -9.179974224868E-04 -7.737054682676E-01  6.744008084052E-01 -9.446149383699E-04  3.567448354618E-03 -2.622833416256E-03 -3.895964716459E+00  1.615165432215E-02 -6.668272205643E-04 -5.873411643695E-05 -1.190031046627E-05  4.773062838193E+01  6.668272205743E-04 -2.966333365479E-01  6.963563815609E-20 -1.422009138702E-21  5.936429213691E-21 -5.713564922896E-03
  4.000000000000E+00  6.000000000000E+00  1.252241567584E+01 -2.861822613378E-15 -7.978984944566E-02  1.587298287428E+02  1.773720988959E-01  5.293223640558E-01 -2.437132695798E-01 -7.473852111496E-04 -9.953087435328E-01  4.815982428883E+00  1.465071977824E-01 -1.881514712807E-01  4.164427350087E-02 -7.306445655543E-01 -6.905248133672E-02  1.486873774303E-04 -9.028559668023E-05 -1.121835438279E-05  3.158483048507E+00 -1.486873774650E-04 -2.179780399518E-02  8.389670199508E-20 -1.172782672621E-20 -2.241116964228E-20 -5.419483688287E-02
  8.000000000000E+00  1.000000000000E+01  1.292202853602E+01 -2.772132964441E-15 -7.943345250584E-02  1.685960258965E+02  2.104299205086E-01  4.781322996459E-01 -2.378689018442E-01 -7.865728626702E-04 -1.022267197125E+00  5.035479979087E+00  9.175019706962E-02 -2.453134944619E-01  1.535632973932E-01 -4.589530276210E-01 -5.453038072391E-03  1.317619052263E-04 -4.733321083867E-05 -2.092952263104E-06  1.548463993213E+00 -1.317619052423E-04  3.944297511840E-03  3.684991429587E-20  3.075030678252E-23  4.195276608873E-20 -2.782867587972E-02
  1.200000000000E+01  1.400000000000E+01  1.329670759423E+01 -9.049566651598E-16 -7.782650398183E-02  1.783681943217E+02  2.273437258997E-01  4.620057472563E-01 -2.539398583323E-01 -6.455408270156E-04 -1.029968740195E+00  4.966076899982E+00  8.659031341320E-02 -2.268229493482E-01  1.402326359378E-01 -4.327583329274E-01  3.269247838454E-03  8.226108891331E-05 -2.474341187975E-05 -6.562807343872E-06  1.294973928923E+00 -8.226108893568E-05  8.576804839382E-03  4.860809607539E-20 -7.146515105171E-21  7.701196535478E-20 -2.383388452895E-02
  1.600000000000E+01  1.800000000000E+01  1.356953470293E+01  1.348822208619E-15 -7.510264605782E-02  1.856191125504E+02  2.411255754088E-01  4.505940428329E-01 -2.526357567080E-01 -6.759052445078E-04 -1.013291602357E+00  4.687573161831E+00  7.254501817058E-02 -2.015491738336E-01  1.290041556599E-01 -3.218545549833E-01  1.739711676371E-03  6.506185984710E-05 -1.428541282433E-05  5.056587142788E-06  1.030638779957E+00 -6.506185979560E-05  1.115712727092E-02  4.744996714236E-20  2.311338314281E-21  6.547524379118E-20 -1.880701607982E-02
  2.000000000000E+01  2.200000000000E+01  1.381199326800E+01  2.876895957697E-15 -7.220944004911E-02  1.922184785753E+02  2.530747572639E-01  4.456031755123E-01 -2.571359942814E-01 -7.036782694030E-04 -9.906253149860E-01  4.495865896040E+00  6.437348826439E-02 -1.831032096805E-01  1.187297214192E-01 -2.835639291486E-01 -3.799606756447E-04  3.771394827752E-05 -8.509633857086E-06  6.506989511017E-06  8.867993979644E-01 -3.771394840837E-05  1.175044973145E-02 -9.273372962650E-21  2.192177572142E-21  5.934634949385E-20 -1.622216050460E-02
  2.400000000000E+01  2.600000000000E+01  1.401295992748E+01  3.514246208308E-15 -6.924755288525E-02  1.977691694456E+02  2.632896213957E-01  4.423101270065E-01 -2.568663712564E-01 -7.650531916235E-04 -9.634624628544E-01  4.294762864263E+00  5.633478333477E-02 -1.674323736496E-01  1.110975903158E-01 -2.354429189295E-01 -9.735693342657E-04  3.035991360374E-05 -6.235681868249E-06  6.267453095190E-06  7.624762548130E-01 -3.035991356095E-05  1.047930609570E-02  2.397633697433E-20 -3.418618375267E-21  5.532396174706E-20 -1.384147894501E-02
  2.800000000000E+01  3.000000000000E+01  1.419332327467E+01  4.824482158535E-15 -6.698505636358E-02  2.028300100876E+02  2.716995697112E-01  4.400942009068E-01 -2.582287389489E-01 -8.064920318085E-04 -9.439469219957E-01  4.139658396670E+00  5.078813728763E-02 -1.554247035722E-01  1.046365662824E-01 -2.089974280780E-01 -1.203548911548E-03  1.722454114234E-05 -6.962024402353E-06  1.118317929636E-05  6.774164483527E-01 -1.722454102955E-05  8.074894925919E-03  2.073097950458E-20  1.414365751727E-20  8.140252742970E-20 -1.227277001952E-02
  3.200000000000E+01  3.400000000000E+01  1.435167889066E+01  6.720676586861E-15 -6.519020492215E-02  2.073258250307E+02  2.784738042448E-01  4.379985408277E-01 -2.578292399348E-01 -8.468559968845E-04 -9.281426680164E-01  3.996922124325E+00  4.556580744706E-02 -1.451512940496E-01  9.958548660389E-02 -1.836931830747E-01 -1.167644295780E-03  2.345736297803E-05 -6.755029200595E-06  1.466148542394E-05  6.069320446827E-01 -2.345736302063E-05  6.466096960779E-03  3.996865267667E-20 -2.042948349684E-21  1.002592985622E-19 -1.091856103273E-02
  3.600000000000E+01  3.800000000000E+01  1.449673173683E+01  5.708870803751E-15 -6.373772287008E-02  2.114916318875E+02  2.838919676977E-01  4.365320033504E-01 -2.580542254474E-01 -9.662807946762E-04 -9.156631956463E-01  3.875048473416E+00  4.140333178320E-02 -1.367362062709E-01  9.533287448828E-02 -1.663472478769E-01 -1.075339723149E-03  1.927049327712E-05 -3.989520119847E-06  1.827163543069E-05  5.543995293517E-01 -1.927049333530E-05  4.209831546839E-03  5.969881825592E-20 -1.729689655284E-20  6.662141262105E-20 -9.910711334076E-03
  4.000000000000E+01  4.200000000000E+01  1.462889833322E+01  4.291657632570E-15 -6.309007680953E-02  2.153225854074E+02  2.882020025151E-01  4.346867488298E-01 -2.574854174914E-01 -9.898495280208E-04 -9.142318621043E-01  3.761196544258E+00  3.809402738540E-02 -1.291178418828E-01  9.102381449918E-02 -1.509041172905E-01 -4.367715485971E-04  2.041897608963E-05 -2.301390823329E-06  1.611055858634E-05  5.100947899112E-01 -2.041897623990E-05  2.665228944740E-03  3.049219619157E-20 -1.017980505052E-20  8.125596409513E-20 -9.074223777344E-03
  4.400000000000E+01  4.600000000000E+01  1.475180760354E+01  5.420324065526E-15 -6.240053523211E-02  2.189194476746E+02  2.915596841275E-01  4.329330417584E-01 -2.571301454455E-01 -1.028457804720E-03 -9.114388028788E-01  3.662184536827E+00  3.523171068340E-02 -1.221662900050E-01  8.693457932080E-02 -1.399053641532E-01 -5.641843372049E-04  1.884884964586E-05 -2.736665658342E-06  1.193739703799E-05  4.752789743750E-01 -1.884884973305E-05  1.893132480440E-03  2.264619721804E-21 -3.388413337665E-21  7.389501786888E-20 -8.434093856598E-03
  4.800000000000E+01  5.000000000000E+01  1.486649474171E+01  9.049192759961E-15 -6.213011386661E-02  2.223041298817E+02  2.941098242677E-01  4.315989021580E-01 -2.564026603292E-01 -1.111994792822E-03 -9.136230444532E-01  3.569456050981E+00  3.258960927185E-02 -1.160628792132E-01  8.347326994193E-02 -1.300099807027E-01 -3.808951537820E-04  1.780144648864E-05 -2.762792735211E-06  3.770611502605E-06  4.454832051863E-01 -1.780144640444E-05 -4.762484596761E-04  4.857367802416E-20 -2.630174911780E-21  8.570235750068E-20 -7.852552898608E-03
  5.200000000000E+01  5.400000000000E+01  1.497452259204E+01  1.601194378277E-14 -6.264000241500E-02  2.255204460347E+02  2.959441269567E-01  4.303144460920E-01 -2.558152617364E-01 -1.125564561998E-03 -9.272921154438E-01  3.487644487917E+00  3.039109134069E-02 -1.109921421657E-01  8.060105082467E-02 -1.214778992813E-01  6.225968148043E-05  1.714552435075E-05 -2.114298313370E-06  2.540559402387E-06  4.202773664309E-01 -1.714552454532E-05 -2.293717296784E-03 -7.267107305737E-21 -1.060059161894E-20  5.192278464419E-20 -7.352541852779E-03
  5.600000000000E+01  5.800000000000E+01  1.507664265555E+01  2.362945775191E-14 -6.331200946764E-02  2.285834639004E+02  2.972008785860E-01  4.282003988989E-01 -2.549928093390E-01 -1.196303578637E-03 -9.428517485434E-01  3.410775067163E+00  2.872793101322E-02 -1.064728405753E-01  7.774490956238E-02 -1.137870310253E-01  1.927902500221E-04  8.519466292372E-06 -2.225549817473E-06  2.150953783252E-06  3.982420467130E-01 -8.519466179122E-06 -2.548354737469E-03 -2.735208906136E-21 -2.193132417411E-21  8.322145792971E-20 -6.911682832325E-03
  6.000000000000E+01  6.200000000000E+01  1.517364087679E+01  3.246019368553E-14 -6.395379589736E-02  2.315129372181E+02  2.979712215269E-01  4.255222856038E-01 -2.542492696480E-01 -1.190772088522E-03 -9.579179042782E-01  3.339923960352E+00  2.720774113775E-02 -1.022400041800E-01  7.503226304067E-02 -1.075795810824E-01  2.865146112136E-04 -9.025312538483E-07 -3.609509510721E-06 -1.690287700502E-06  3.791693881001E-01  9.025316014128E-07 -2.035089374858E-03 -1.714681242052E-20  6.749519720165E-21  7.009406023949E-20 -6.536020801262E-03
  6.400000000000E+01  6.600000000000E+01  1.526620594068E+01  4.305928472577E-14 -6.434991002577E-02  2.343259654595E+02  2.983078411260E-01  4.224370797211E-01 -2.534106776123E-01 -1.196891176526E-03 -9.686706552998E-01  3.272789346233E+00  2.550706341969E-02 -9.827669867311E-02  7.276963525475E-02 -1.015295273188E-01  2.323573780751E-04 -2.699682548045E-06 -4.967295274406E-06 -2.742872370922E-06  3.624340826251E-01  2.699682496749E-06 -1.764277116353E-03 -5.295344080043E-20 -1.092268510161E-21  5.686380855845E-20 -6.186456120361E-03
  6.800000000000E+01  7.000000000000E+01  1.535482149732E+01  5.387698577206E-14 -6.485454776395E-02  2.370354126304E+02  2.982419799786E-01  4.190633861735E-01 -2.525820077207E-01 -1.187152210878E-03 -9.812585443598E-01  3.209032524399E+00  2.406125085086E-02 -9.461939828043E-02  7.055814742994E-02 -9.639149023877E-02  3.270305527209E-04  1.458107017316E-06 -4.985242084564E-06 -8.556322766484E-06  3.449925809783E-01 -1.458106683910E-06 -1.247431305886E-03 -2.426763890686E-20 -4.239985340952E-21  7.284020513395E-20 -5.855767155851E-03
  7.200000000000E+01  7.400000000000E+01  1.543868761846E+01  5.795440451324E-14 -6.499431153793E-02  2.396136085630E+02  2.978218348987E-01  4.156087525996E-01 -2.516973922771E-01 -1.182423241670E-03 -9.884333114055E-01  3.146145651259E+00  2.260579420890E-02 -9.112158986231E-02  6.851579565345E-02 -9.090278768937E-02  1.551733324629E-04 -4.598318294181E-06 -4.388990521029E-06 -6.657664259339E-06  3.280709406129E-01  4.598318212018E-06 -7.849041071936E-04 -2.751926364510E-20 -4.630248914037E-21  9.545083216046E-20 -5.531820023164E-03
  7.600000000000E+01  7.800000000000E+01  1.551886161055E+01  5.541676044556E-14 -6.525707450460E-02  2.420928931076E+02  2.971925686764E-01  4.125281599685E-01 -2.508158306071E-01 -1.168481603164E-03 -9.982223736114E-01  3.086946175554E+00  2.127830826151E-02 -8.783574235645E-02  6.655743409508E-02 -8.606243223392E-02  2.426790547939E-04 -5.395027971536E-06 -3.918522427982E-06 -9.400877785318E-06  3.135500368976E-01  5.395027903195E-06 -1.036236851904E-03 -2.768083794997E-20  2.243460798133E-21  6.446921059125E-20 -5.239054255135E-03
  8.000000000000E+01  8.200000000000E+01  1.559548954626E+01  5.370779407148E-14 -6.551386483676E-02  2.444740338286E+02  2.963511048972E-01  4.097429299333E-01 -2.498671716254E-01 -1.164122665861E-03 -1.008567333929E+00  3.027289066783E+00  2.013121195144E-02 -8.462958309618E-02  6.449837114544E-02 -8.162666728087E-02  3.150912584757E-04 -2.333469882923E-06 -4.442066263971E-06 -8.751211524925E-06  3.000026043709E-01  2.333470000747E-06 -8.400465966223E-04 -4.867497026681E-20 -8.650891953635E-21  7.391055788331E-20 -4.971403676972E-03
  8.400000000000E+01  8.600000000000E+01  1.566888117165E+01  5.181937120432E-14 -6.567811925407E-02  2.467664328640E+02  2.952199577728E-01  4.072914898010E-01 -2.489666456297E-01 -1.153022541255E-03 -1.017249873261E+00  2.969219755886E+00  1.911907346968E-02 -8.169015658213E-02  6.257108311138E-02 -7.745072948920E-02  2.397822029702E-04 -5.183909672837E-06 -5.260349690983E-06 -2.806837213531E-06  2.882566435942E-01  5.183909576216E-06 -3.730748626094E-04 -1.783575572703E-20  8.239956762325E-22  6.265190903020E-20 -4.717736060499E-03
  8.800000000000E+01  9.000000000000E+01  1.573961168325E+01  5.055876753137E-14 -6.570292990473E-02  2.489863768293E+02  2.938500564722E-01  4.047525850135E-01 -2.480438229986E-01 -1.138700056699E-03 -1.023317715226E+00  2.914091883038E+00  1.818005337981E-02 -7.896165129331E-02  6.078159791451E-02 -7.361956345420E-02  1.033282071718E-04  4.518034313527E-06 -5.003564732026E-06  1.068932575673E-06  2.777912002033E-01 -4.518034303408E-06 -3.047979423941E-04 -4.775878621204E-20 -2.162154916154E-20  6.263610345360E-20 -4.499300336241E-03
  9.200000000000E+01  9.400000000000E+01  1.580779840171E+01  5.103389932870E-14 -6.582967511781E-02  2.511354548353E+02  2.923618305156E-01  4.015452233844E-01 -2.470240281076E-01 -1.113099996708E-03 -1.030298959742E+00  2.865763228501E+00  1.738654475181E-02 -7.653185262127E-02  5.914530786930E-02 -7.030645646794E-02  1.388588833927E-04  5.896373421977E-06 -4.107538703688E-06  2.996980672521E-06  2.679789096837E-01 -5.896373437914E-06 -5.238467063383E-05 -8.101971758297E-20 -1.050640865581E-21  7.480251987414E-20 -4.296923761935E-03
  9.600000000000E+01  9.800000000000E+01  1.587362790974E+01  5.239992615884E-14 -6.572656118441E-02  2.532185985446E+02  2.907488472931E-01  3.977915518641E-01 -2.460233783175E-01 -1.093107792158E-03 -1.033221662428E+00  2.818945602153E+00  1.649745273126E-02 -7.408527976126E-02  5.758782702998E-02 -6.712847977950E-02 -1.303929232562E-04  1.111578742549E-05 -3.406261541880E-06 -6.367584195935E-07  2.587932133234E-01 -1.111578733346E-05  2.961869052809E-04 -1.303819724664E-20 -1.899125555432E-20  8.770386626077E-20 -4.107242511991E-03
  1.000000000000E+02  1.020000000000E+02  1.593719652201E+01  5.520305798127E-14 -6.568494863375E-02  2.552383762735E+02  2.889857329159E-01  3.934148829800E-01 -2.450271696305E-01 -1.082324810478E-03 -1.036764081045E+00  2.772217635811E+00  1.571397780173E-02 -7.175746834932E-02  5.604349054754E-02 -6.428395016921E-02 -1.024504604999E-04  7.462145495048E-06 -3.388459201635E-06 -3.914510795419E-07  2.494588740966E-01 -7.462145540952E-06  4.381377392360E-04 -4.826314595155E-20 -6.850197864010E-21  6.736120510391E-20 -3.926694996584E-03
  1.040000000000E+02  1.060000000000E+02  1.599833633594E+01  5.798114242056E-14 -6.551337114943E-02  2.571889207207E+02  2.870795070529E-01  3.892547057499E-01 -2.440292868270E-01 -1.085471551352E-03 -1.038227443526E+00  2.725902995403E+00  1.487684131108E-02 -6.945614665373E-02  5.457930534260E-02 -6.137961855638E-02 -1.209575860292E-04  1.104824165687E-05 -3.771399124898E-06  5.931934210534E-06  2.398470060879E-01 -1.104824147850E-05  4.771341391169E-04 -3.051069827468E-20  5.901141473467E-21  7.192498321623E-20 -3.748420109343E-03
  1.080000000000E+02  1.100000000000E+02  1.605711571876E+01  5.849250424295E-14 -6.544435728201E-02  2.590723161163E+02  2.850293984339E-01  3.852413490243E-01 -2.430280703104E-01 -1.127899488372E-03 -1.041198796639E+00  2.680075714811E+00  1.405243442246E-02 -6.744093656819E-02  5.338850214645E-02 -5.851123410487E-02 -1.008004852937E-04  5.736794955258E-06 -4.951631872754E-06  7.958844178830E-06  2.303763435450E-01 -5.736794968309E-06 -1.076847026138E-04 -5.245603092819E-20 -3.811026474695E-21  6.771827606983E-20 -3.565773692082E-03
  1.120000000000E+02  1.140000000000E+02  1.611354001615E+01  5.817382881836E-14 -6.554994640956E-02  2.608856890908E+02  2.829031478184E-01  3.811067833170E-01 -2.419918241712E-01 -1.162364664847E-03 -1.046048322697E+00  2.635150865578E+00  1.348417658594E-02 -6.541084515467E-02  5.192666856846E-02 -5.555406233235E-02  2.641190981420E-04  1.193627437013E-05 -6.528146500678E-06  9.608493105627E-06  2.211939240660E-01 -1.193627424378E-05 -1.383180411247E-03 -5.832493530695E-20 -2.115461971087E-20  6.685205871126E-20 -3.391325967076E-03
  1.160000000000E+02  1.180000000000E+02  1.616772021752E+01  5.706241028014E-14 -6.610843899725E-02  2.626341757919E+02  2.807976323491E-01  3.769413997684E-01 -2.410058828723E-01 -1.215212156476E-03 -1.058100419133E+00  2.592205800246E+00  1.306569436550E-02 -6.349029633081E-02  5.042460196602E-02 -5.293449794362E-02  4.641133030355E-04  1.790884665230E-06 -7.858638605352E-06  5.297003261307E-06  2.128260596681E-01 -1.790884738482E-06 -2.479353809260E-03 -8.702199179735E-20 -5.009643450250E-21  7.205214542336E-20 -3.229212438928E-03
  1.200000000000E+02  1.220000000000E+02  1.621994367926E+01  5.534861429133E-14 -6.676759083942E-02  2.643250921445E+02  2.787561639057E-01  3.731580079802E-01 -2.399749077997E-01 -1.234986389615E-03 -1.071953843743E+00  2.551940326327E+00  1.254952831960E-02 -6.165831148667E-02  4.910878316622E-02 -5.045290377842E-02  4.802032461366E-04 -9.537102126693E-06 -8.431930457281E-06  4.859716410595E-06  2.053204372296E-01  9.537102142753E-06 -1.884570996137E-03 -8.821455077728E-20 -9.450541286147E-21  7.864332466168E-20 -3.084684607028E-03
  1.240000000000E+02  1.260000000000E+02  1.627035490168E+01  5.413754687600E-14 -6.703997959902E-02  2.659614338826E+02  2.767645830733E-01  3.695677304544E-01 -2.389371488446E-01 -1.265038424187E-03 -1.079997206715E+00  2.512981117350E+00  1.196056322536E-02 -5.994120869343E-02  4.798064546789E-02 -4.824826045264E-02  2.514793316588E-04  3.063087076202E-07 -7.692268745810E-06  9.048478787636E-06  1.980524683238E-01 -3.063088439423E-07 -1.058140802649E-03 -8.045481941660E-20 -8.822559836837E-21  6.694525584242E-20 -2.945048761840E-03
  1.280000000000E+02  1.300000000000E+02  1.631896487052E+01  5.003521150645E-14 -6.728937767009E-02  2.675446121586E+02  2.748502003758E-01  3.658405068235E-01 -2.378943526345E-01 -1.269501142720E-03 -1.087585589248E+00  2.473659154801E+00  1.131064186799E-02 -5.838214874447E-02  4.707150687562E-02 -4.592017917589E-02  2.504566818202E-04  6.716577774629E-06 -6.778019379222E-06  9.233057231947E-06  1.891170449296E-01 -6.716577692842E-06 -1.271249674409E-03 -8.036895285222E-20  1.392903448267E-21  6.276987619296E-20 -2.793306377057E-03
  1.320000000000E+02  1.340000000000E+02  1.636492787590E+01  4.479558260786E-14 -6.767292259934E-02  2.690438616317E+02  2.730510679804E-01  3.620905861539E-01 -2.368592231888E-01 -1.317270122237E-03 -1.097175247946E+00  2.435490539517E+00  1.070748835324E-02 -5.680026794794E-02  4.609277959499E-02 -4.346813198735E-02  3.703178770794E-04 -3.952894483258E-06 -6.458349992704E-06  4.856105843687E-06  1.807514005371E-01  3.952894360790E-06 -1.326104941930E-03 -9.108444120945E-20 -2.136849653138E-20  6.568096556117E-20 -2.648860494408E-03
  1.360000000000E+02  1.380000000000E+02  1.640933749022E+01  4.380476406954E-14 -6.794702212518E-02  2.704962894618E+02  2.713489972582E-01  3.585154094950E-01 -2.358088961869E-01 -1.336332376939E-03 -1.104946933111E+00  2.399098647525E+00  1.015605554957E-02 -5.522298854107E-02  4.506693299160E-02 -4.137725060103E-02  3.413556664673E-04 -7.978336231610E-06 -6.016575108348E-06  3.439725805837E-06  1.745344583966E-01  7.978336346399E-06 -2.802159015284E-04 -8.605069432196E-20 -2.121050099414E-20  8.544273271828E-20 -2.527320866576E-03
  1.400000000000E+02  1.420000000000E+02  1.645219159227E+01  4.349223599899E-14 -6.780726798231E-02  2.719008736036E+02  2.696891580673E-01  3.552484447730E-01 -2.347136107748E-01 -1.355747153262E-03 -1.105990431763E+00  2.364452688110E+00  9.712425177112E-03 -5.374238164728E-02  4.402995646924E-02 -3.950953946184E-02  1.136778083646E-04 -3.695451830670E-07 -5.327050230094E-06  2.413603255531E-06  1.687179607909E-01  3.695450318976E-07  1.122221691237E-03 -6.892119127379E-20 -2.405981855733E-20  6.874343330287E-20 -2.419278496053E-03
  1.440000000000E+02  1.460000000000E+02  1.649370937520E+01  4.221132774915E-14 -6.740079748556E-02  2.732652412407E+02  2.680256882746E-01  3.518751524945E-01 -2.335995482330E-01 -1.375545250890E-03 -1.103041157362E+00  2.329696945252E+00  9.281920929313E-03 -5.218220772721E-02  4.290028679808E-02 -3.793011937785E-02 -6.855789727485E-05  8.563048921374E-07 -5.274025029421E-06 -1.432468736808E-06  1.635691485328E-01 -8.563048933830E-07  1.785709044717E-03 -9.111766231359E-20  6.709627795645E-22  4.405919489669E-20 -2.324485443259E-03
  1.480000000000E+02  1.500000000000E+02  1.653399076018E+01  4.310363755737E-14 -6.693726234184E-02  2.745917453323E+02  2.663149297227E-01  3.486185403274E-01 -2.325315683720E-01 -1.395289169839E-03 -1.098920443568E+00  2.295744513315E+00  8.894340521513E-03 -5.077160595556E-02  4.187726543378E-02 -3.635270015467E-02 -9.655289840560E-05 -4.306288856376E-06 -5.510877969635E-06 -7.878620367326E-07  1.584795291190E-01  4.306288778645E-06  9.406568256862E-04 -8.478437352447E-20 -4.003638933455E-21  6.485295267459E-20 -2.221038439767E-03
  1.520000000000E+02  1.540000000000E+02  1.657296883379E+01  4.231351770703E-14 -6.694002578660E-02  2.758781036742E+02  2.645511051085E-01  3.452984555045E-01 -2.313966577221E-01 -1.454474242081E-03 -1.102119821851E+00  2.264985644370E+00  8.545802747466E-03 -4.947113011101E-02  4.092532736359E-02 -3.477452842834E-02  1.101002969222E-04 -4.807366502267E-06 -5.164112138939E-06 -2.222704661440E-06  1.538304215927E-01  4.807366473909E-06 -5.280225864761E-04 -7.301594519171E-20 -6.817758528999E-21  3.579930703907E-20 -2.132468773779E-03
  1.560000000000E+02  1.580000000000E+02  1.661093066487E+01  3.976980969660E-14 -6.721813415828E-02  2.771338984997E+02  2.627757375279E-01  3.416740290228E-01 -2.303099389716E-01 -1.483098434838E-03 -1.109713972833E+00  2.237666869949E+00  8.359616741396E-03 -4.846855710009E-02  4.010894035858E-02 -3.347319997012E-02  1.876424114773E-04 -4.887959187203E-06 -4.583095231639E-06 -3.845710343215E-06  1.485670889382E-01  4.887959053962E-06 -5.107302015851E-04 -1.222099366732E-19 -6.304863865881E-21  4.537522386297E-20 -2.046868610119E-03
  1.600000000000E+02  1.620000000000E+02  1.664725800062E+01  4.022243923924E-14 -6.721570525907E-02  2.783386373338E+02  2.610804500589E-01  3.378237614914E-01 -2.291735963020E-01 -1.528147152102E-03 -1.111958513027E+00  2.208144112631E+00  8.059264807506E-03 -4.746583349452E-02  3.940656868622E-02 -3.195257761312E-02  1.162980877716E-04 -8.153125177485E-06 -4.126314237314E-06  5.306741785856E-07  1.422082391461E-01  8.153125219182E-06  1.503282612292E-04 -6.047626583813E-20 -6.151695484646E-21  6.988369667027E-20 -1.952450738164E-03
  1.640000000000E+02  1.660000000000E+02  1.668201419613E+01  3.951570769096E-14 -6.715347746203E-02  2.794934617168E+02  2.595365727811E-01  3.341358504122E-01 -2.280951579046E-01 -1.546986491335E-03 -1.113155371957E+00  2.177248879363E+00  7.714211329752E-03 -4.630346993344E-02  3.858925860383E-02 -3.049320763016E-02  1.030015915895E-04 -3.747412706304E-06 -3.185788349180E-06 -5.845992167986E-08  1.366951507076E-01  3.747412674680E-06  1.540143231914E-04 -9.579500653870E-20 -9.836221698143E-21  5.608112926470E-20 -1.868214086208E-03
  1.680000000000E+02  1.700000000000E+02  1.671559113468E+01  3.643211022216E-14 -6.715610353651E-02  2.806114009086E+02  2.581290237400E-01  3.305050729324E-01 -2.269563110442E-01 -1.567947941752E-03 -1.115154505020E+00  2.149756957982E+00  7.377347378832E-03 -4.524019605315E-02  3.786284867378E-02 -2.926299900600E-02  6.416321497164E-05 -4.868427888386E-07 -1.998006315489E-06 -5.423853665866E-07  1.319102186590E-01  4.868427650403E-07  1.037601334172E-04 -1.032960024110E-19 -1.113598505718E-20  5.122189852490E-20 -1.789453520259E-03
  1.720000000000E+02  1.740000000000E+02  1.674797192905E+01  3.534907291649E-14 -6.711305126908E-02  2.816905571315E+02  2.568164396179E-01  3.270054440711E-01 -2.258868886714E-01 -1.590857013459E-03 -1.115991013908E+00  2.123332351228E+00  7.109681408577E-03 -4.420919186903E-02  3.709951046140E-02 -2.802687535484E-02  9.781597465651E-05  4.045202424356E-07 -1.490462600504E-06 -9.937603700937E-07  1.273508110340E-01 -4.045203413440E-07  6.863596384138E-04 -1.126413957601E-19 -4.279663129263E-21  6.271356156912E-20 -1.716564848296E-03
  1.760000000000E+02  1.780000000000E+02  1.677926206771E+01  3.341769179085E-14 -6.680851078522E-02  2.827350521988E+02  2.555978866091E-01  3.232803364463E-01 -2.247387030472E-01 -1.604735457376E-03 -1.112763776035E+00  2.096011903302E+00  6.894848989323E-03 -4.314811255175E-02  3.625326356272E-02 -2.692931028347E-02 -1.147262654390E-05  3.579286053558E-07 -1.727109488769E-06 -2.035906401454E-06  1.228963137020E-01 -3.579286788567E-07  1.438567354242E-03 -1.110763898206E-19 -7.911132758815E-22  5.846419302880E-20 -1.645899222768E-03
  1.800000000000E+02  1.820000000000E+02  1.680940097377E+01  2.935684558584E-14 -6.638837598691E-02  2.837426807897E+02  2.544710336809E-01  3.195092552634E-01 -2.236826462392E-01 -1.627521555557E-03 -1.107433618100E+00  2.069451282141E+00  6.732092190945E-03 -4.212002006640E-02  3.538792787511E-02 -2.575517144715E-02 -1.112455582463E-04 -3.854660309541E-07 -1.949123712994E-06 -5.613764122424E-07  1.191695138488E-01  3.854659298353E-07  2.058146616143E-03 -1.117249499799E-19 -1.040288385386E-20  7.523228105839E-20 -1.580078024269E-03
  1.840000000000E+02  1.860000000000E+02  1.683884231689E+01  2.651370081240E-14 -6.577302683693E-02  2.847293261610E+02  2.534330680215E-01  3.157321895727E-01 -2.225281558299E-01 -1.622559933578E-03 -1.098561273334E+00  2.045283417137E+00  6.553833478788E-03 -4.124056692167E-02  3.468673344288E-02 -2.482229001917E-02 -3.083556447540E-04  8.689729828335E-06 -2.231236633856E-06  2.183640553923E-06  1.150402289294E-01 -8.689729900204E-06  2.138659088502E-03 -1.057255145974E-19 -7.946264502764E-21  4.569406157566E-20 -1.517497709062E-03
  1.880000000000E+02  1.900000000000E+02  1.686694416900E+01  2.349083500057E-14 -6.530311435707E-02  2.856726108433E+02  2.524632659087E-01  3.123752645561E-01 -2.214552831114E-01 -1.631495034443E-03 -1.091758905517E+00  2.020352632473E+00  6.442152816969E-03 -4.045079648779E-02  3.400864367045E-02 -2.371298528325E-02 -2.786407879710E-04  1.063603524981E-05 -3.475132183927E-06  1.501741566579E-06  1.107908509461E-01 -1.063603533682E-05  1.354693067254E-03 -1.086250596323E-19  6.141051270040E-21  6.896403570340E-20 -1.456144388826E-03
  1.920000000000E+02  1.940000000000E+02  1.689425006544E+01  1.965430957452E-14 -6.507434150679E-02  2.865905091792E+02  2.514914590010E-01  3.088851406363E-01 -2.202837495518E-01 -1.646613471018E-03 -1.088829596649E+00  1.994558109755E+00  6.180045852775E-03 -3.954111447066E-02  3.336106861839E-02 -2.285404023421E-02 -2.563684795639E-04  8.013954454589E-06 -5.230370153269E-06 -1.515686829291E-06  1.071781909221E-01 -8.013954417370E-06  1.232631779939E-03 -1.114732123439E-19 -9.952221066716E-21  5.586738925991E-20 -1.396296662393E-03
  1.960000000000E+02  1.980000000000E+02  1.692052703082E+01  1.902987186234E-14 -6.467560416217E-02  2.874762304264E+02  2.505760069796E-01  3.059758939710E-01 -2.192387666929E-01 -1.635835147396E-03 -1.082975920304E+00  1.974151914141E+00  5.946439659145E-03 -3.874129631710E-02  3.279485665807E-02 -2.181439161971E-02 -3.729641710361E-04  9.609672093091E-06 -6.703080795107E-06 -5.727582434596E-06  1.047677147337E-01 -9.609672115567E-06  1.623273133768E-03 -1.068631671880E-19 -8.842420718945E-21  7.154297951344E-20 -1.342371811032E-03
  2.000000000000E+02  2.020600000000E+02  1.694663734933E+01  1.904094987873E-14 -6.426184512075E-02  2.883575192269E+02  2.496763046292E-01  3.029795940839E-01 -2.180674711700E-01 -1.659702319964E-03 -1.076901315563E+00  1.952335471682E+00  5.542029571827E-03 -3.734232434404E-02  3.180029477205E-02 -2.125351074355E-02 -1.311710090026E-04  6.615389265359E-06 -8.056379309602E-06 -6.393857445265E-06  1.011793042313E-01 -6.615389231160E-06  1.896952863008E-03 -1.086515410017E-19 -7.170354486403E-22  5.156973391488E-20 -1.310213498601E-03
  2.041200000000E+02  2.062418000000E+02  1.697263706589E+01  1.482789177178E-14 -6.368807811786E-02  2.892364576358E+02  2.488595678106E-01  3.000864158939E-01 -2.169284396756E-01 -1.635618862817E-03 -1.067631729593E+00  1.934451890512E+00  5.043281103050E-03 -3.594770930137E-02  3.090442819898E-02 -2.061601857146E-02 -2.554138252219E-04  4.459165798438E-06 -9.381226431582E-06 -2.502177601555E-06  9.693622106982E-02 -4.459166055153E-06  2.138391398625E-03 -1.035071662097E-19 -1.261272335849E-20  5.176721583063E-20 -1.263246097383E-03
  2.083636000000E+02  2.105490540000E+02  1.699805467792E+01  8.641218708465E-15 -6.310472273824E-02  2.900967641329E+02  2.480605520917E-01  2.968761760126E-01 -2.156966699923E-01 -1.638832273566E-03 -1.058017503537E+00  1.914239287377E+00  4.509458966680E-03 -3.453631072844E-02  3.002685176200E-02 -1.982621364759E-02 -2.583907411523E-04  2.086181423203E-06 -1.027752206454E-05 -1.146291636302E-06  9.215369335804E-02 -2.086181193555E-06  2.494066554819E-03 -1.230911631220E-19 -1.146511111515E-20  4.265471799744E-20 -1.214397913384E-03
  2.127345080000E+02  2.149855256200E+02  1.702298756729E+01  8.418986355864E-16 -6.230523266346E-02  2.909418731985E+02  2.472389557675E-01  2.936832139948E-01 -2.145076253564E-01 -1.626015494663E-03 -1.044264872919E+00  1.896152408277E+00  4.057159291527E-03 -3.317465214142E-02  2.911749285035E-02 -1.905057627065E-02 -3.070358678979E-04  3.355650180368E-08 -1.058721371706E-05 -5.418779008303E-06  8.858539094427E-02 -3.355680466170E-08  2.811254140941E-03 -1.334912988116E-19 -2.128190653089E-20  3.619721497168E-20 -1.171545986073E-03
  2.172365432400E+02  2.195550913886E+02  1.704791324375E+01 -5.021835811775E-15 -6.151298116206E-02  2.917881854307E+02  2.464349580901E-01  2.907092571280E-01 -2.132210342474E-01 -1.633208817476E-03 -1.030304249989E+00  1.879774813714E+00  3.552642873743E-03 -3.183187416469E-02  2.827923129078E-02 -1.846833403533E-02 -2.154750558219E-04 -1.429658964878E-06 -1.064655255597E-05 -6.699942210282E-06  8.461635850546E-02  1.429659009876E-06  2.311496995877E-03 -1.107934721243E-19 -1.686326217996E-20  6.137339437935E-20 -1.131577814353E-03
  2.218736395372E+02  2.242617441303E+02  1.707205807486E+01 -7.289966156773E-15 -6.096814798900E-02  2.926091081276E+02  2.457310097392E-01  2.875602700884E-01 -2.119081589004E-01 -1.616666069024E-03 -1.021000862872E+00  1.859860904614E+00  3.074535759751E-03 -3.042956812731E-02  2.735503236712E-02 -1.771013775702E-02 -1.986995002067E-05 -1.028853130332E-06 -1.123651931443E-05 -2.880965333603E-06  8.013552076822E-02  1.028853063595E-06  1.368580004550E-03 -1.396526067627E-19 -1.750826237404E-20  2.396125025889E-20 -1.081012866120E-03
  2.266498487233E+02  2.291095964542E+02  1.709577726529E+01 -1.054331274160E-14 -6.071088754064E-02  2.934151467933E+02  2.451113409036E-01  2.846760613397E-01 -2.105930359984E-01 -1.607440356265E-03 -1.017195689522E+00  1.841240941188E+00  2.553143961324E-03 -2.893714873514E-02  2.638400477366E-02 -1.692286303417E-02  1.591207705814E-04 -5.775703967873E-06 -1.234997344797E-05  3.473706991226E-07  7.698592260890E-02  5.775704006619E-06  1.010372324300E-03 -1.510483021227E-19 -1.254290097247E-20  3.881993576408E-20 -1.039896347795E-03
  2.315693441850E+02  2.341028843478E+02  1.711939073136E+01 -1.397998050331E-14 -6.036377041174E-02  2.942185312847E+02  2.444702106812E-01  2.817605675838E-01 -2.092260422289E-01 -1.552841412397E-03 -1.011646035989E+00  1.823436238423E+00  2.033625229859E-03 -2.749062688037E-02  2.545700165051E-02 -1.629460501578E-02  1.555543241659E-04 -6.633444293574E-06 -1.293260697602E-05  4.865234439271E-06  7.387630582717E-02  6.633444262936E-06  1.228468066355E-03 -1.441193501508E-19 -1.794199815445E-20  4.057830979484E-20 -9.942232391348E-04
  2.366364245106E+02  2.392459708782E+02  1.714254249263E+01 -1.489878786026E-14 -5.994765409642E-02  2.950059011964E+02  2.437359081353E-01  2.789323472460E-01 -2.078288411582E-01 -1.514208891479E-03 -1.004962708960E+00  1.810762125796E+00  1.572873314764E-03 -2.621768733794E-02  2.464481402340E-02 -1.557299766988E-02  9.095766134603E-05 -6.041828725157E-06 -1.269130972387E-05  8.696983121025E-06  7.016334602678E-02  6.041828630453E-06  2.644066375186E-03 -1.435267351119E-19 -1.793967768912E-20  3.525674293665E-20 -9.522001877015E-04
  2.418555172459E+02  2.445433500046E+02  1.716512790427E+01 -1.238461778153E-14 -5.865559816827E-02  2.957746293967E+02  2.429669598941E-01  2.759425799133E-01 -2.064292651008E-01 -1.415900473154E-03 -9.831968823364E-01  1.798300738780E+00  1.054089486302E-03 -2.477302447394E-02  2.371893498718E-02 -1.489937027319E-02 -1.843464041427E-04 -4.450746563191E-06 -1.179946878590E-05  8.524318274282E-06  6.690802282796E-02  4.450746589473E-06  4.243439949791E-03 -1.435343663069E-19 -9.594011769353E-21  2.636644754658E-20 -9.126501030715E-04
  2.472311827633E+02  2.499996505047E+02  1.718746550402E+01 -8.871670542296E-15 -5.710541560222E-02  2.965340687510E+02  2.421748698836E-01  2.728264926622E-01 -2.049813208783E-01 -1.350762778324E-03 -9.566115942928E-01  1.786254003222E+00  5.231441812749E-04 -2.329598683862E-02  2.277284265729E-02 -1.439960760512E-02 -2.582293671059E-04 -6.928280553859E-07 -1.026456984281E-05  7.117088331505E-06  6.308670670546E-02  6.928281161732E-07  4.412402321392E-03 -1.582724923373E-19  6.046191121536E-22  3.979495398159E-20 -8.831548894573E-04
  2.527681182462E+02  2.556196400198E+02  1.720876397554E+01 -7.958130320817E-15 -5.561175236067E-02  2.972583022955E+02  2.413941352016E-01  2.698370927526E-01 -2.035436456254E-01 -1.254177230523E-03 -9.310655926932E-01  1.774023314587E+00  6.794595602308E-05 -2.187232810078E-02  2.180438214535E-02 -1.378602810020E-02 -2.253410693159E-04 -1.451494770438E-06 -8.238605180255E-06  5.314150337317E-06  6.002633510662E-02  1.451494745782E-06  4.361811625993E-03 -1.597408948317E-19 -2.131853731656E-20  2.942076722880E-20 -8.491677037186E-04
  2.584711617935E+02  2.614082292204E+02  1.723024138935E+01 -9.417841506654E-15 -5.400781218255E-02  2.979885098413E+02  2.407097927525E-01  2.672229330753E-01 -2.020764086876E-01 -1.167728577851E-03 -9.036417123733E-01  1.766044770227E+00 -3.272605564567E-04 -2.057006516111E-02  2.089732571762E-02 -1.347573936547E-02 -2.635373942854E-04  2.900486480746E-06 -6.176455192444E-06  6.122295507504E-06  5.923572264425E-02 -2.900486465941E-06  4.813336998201E-03 -1.548992405727E-19  3.641376013493E-22  1.821521421184E-20 -8.342398711783E-04
  2.643452966473E+02  2.673704760971E+02  1.725225024063E+01 -1.028071927358E-14 -5.207465587671E-02  2.987367854774E+02  2.401983219026E-01  2.642907365875E-01 -2.006425149704E-01 -1.080977883387E-03 -8.708888364035E-01  1.759352046238E+00 -9.054359343494E-04 -1.912234082313E-02  2.002777675759E-02 -1.324204378181E-02 -3.935075250426E-04  1.578593089763E-06 -4.464436311922E-06  5.063250782166E-06  5.842596666613E-02 -1.578593075741E-06  6.054258040729E-03 -1.513309225699E-19  4.983823276743E-21  3.311056646930E-20 -8.190199459441E-04
  2.703956555468E+02  2.735115903800E+02  1.727442196935E+01 -7.910859612057E-15 -4.942509527338E-02  2.994911893877E+02  2.398546541625E-01  2.613538443275E-01 -1.991558249366E-01 -9.713938367922E-04 -8.254646423876E-01  1.752319004260E+00 -1.407857876594E-03 -1.771308281850E-02  1.912094069516E-02 -1.296021481666E-02 -5.662710794049E-04  1.964647261870E-06 -3.159515936294E-06  2.894086090053E-06  5.592004116406E-02 -1.964647174344E-06  7.461863823835E-03 -1.768027175857E-19 -1.042975370133E-20  3.463608632911E-20 -7.965312813519E-04
  2.766275252132E+02  2.798369380914E+02  1.729581891368E+01 -4.110356369505E-15 -4.626589220946E-02  3.002192630069E+02  2.395747679476E-01  2.584817037468E-01 -1.977523174250E-01 -8.269167023438E-04 -7.706719582265E-01  1.748566363012E+00 -1.776117411478E-03 -1.626963886991E-02  1.804575628117E-02 -1.259696196909E-02 -7.907718667206E-04  2.167400739250E-06 -2.670995052095E-06  1.427693303978E-07  5.281138242485E-02 -2.167400655976E-06  8.342830761816E-03 -1.484884915770E-19 -9.129403061700E-21  1.004264823363E-20 -7.823444394090E-04
  2.830463509696E+02  2.863520462341E+02  1.731681679156E+01 -4.361937948425E-15 -4.272553404155E-02  3.009333524149E+02  2.393983771524E-01  2.565438998073E-01 -1.961816381242E-01 -6.992925804072E-04 -7.093991462912E-01  1.749490913584E+00 -2.141291694797E-03 -1.484994801298E-02  1.699123970756E-02 -1.240448620397E-02 -9.473468774732E-04  4.976651690884E-06 -3.260804645708E-06 -4.305754875712E-06  5.010958469336E-02 -4.976651725257E-06  9.479805068902E-03 -1.476766132319E-19 -7.528597273114E-21  2.291686498961E-21 -7.658690361447E-04
  2.896577414987E+02  2.930626076211E+02  1.733724972673E+01 -7.911063758291E-15 -3.841374496359E-02  3.016283760995E+02  2.393336258069E-01  2.552036949684E-01 -1.947100726651E-01 -5.282360289766E-04 -6.352468693981E-01  1.745787027441E+00 -2.738052983158E-03 -1.341959945967E-02  1.615765244258E-02 -1.199698707776E-02 -1.180623613067E-03  3.175186018424E-06 -4.329960674861E-06 -6.345487069642E-06  4.608184854862E-02 -3.175186034895E-06  1.096113514097E-02 -1.598104920349E-19  1.065373654365E-20  1.676721153532E-20 -7.254900569984E-04
  2.964674737436E+02  2.999744858498E+02  1.735604503761E+01 -9.447932616379E-15 -3.337564658953E-02  3.022689321430E+02  2.393336198434E-01  2.540859670123E-01 -1.931637811022E-01 -4.108952650952E-04 -5.489655419165E-01  1.746616932434E+00 -3.137812709807E-03 -1.207052113323E-02  1.520833384324E-02 -1.124565488629E-02 -1.434898391006E-03 -4.219050628814E-07 -4.898894746571E-06 -6.291829188355E-06  4.344539237143E-02  4.219050289981E-07  1.119212180395E-02 -1.475784239899E-19  6.916648227503E-21 -3.480329049837E-21 -6.984020472090E-04
  3.034814979559E+02  3.070937204253E+02  1.737533984705E+01 -7.402666930689E-15 -2.858246720202E-02  3.029272417743E+02  2.393230959559E-01  2.532745544050E-01 -1.917092265409E-01 -2.481391541249E-04 -4.664923247357E-01  1.753531207386E+00 -3.497201652160E-03 -1.077484492583E-02  1.427204657782E-02 -1.117815172039E-02 -1.409905549478E-03 -1.762681821017E-06 -4.911445308798E-06 -5.617075739727E-06  4.181743835538E-02  1.762681835601E-06  1.127096717516E-02 -1.543206448345E-19 -4.642134030205E-21  1.033303267691E-20 -6.883221625888E-04
  3.107059428946E+02  3.144265320380E+02  1.739381835976E+01 -2.907141613666E-15 -2.318285743366E-02  3.035591397858E+02  2.393588528919E-01  2.529064620633E-01 -1.900988966809E-01 -8.477060259958E-05 -3.744686102499E-01  1.757769552542E+00 -3.843368307227E-03 -9.409052362344E-03  1.325242066972E-02 -1.079129111181E-02 -1.521122515682E-03 -2.612745945940E-06 -4.705582682197E-06 -6.012650802938E-06  4.037288667092E-02  2.612745992775E-06  1.172580705816E-02 -1.303185493006E-19  3.271344522590E-21  1.412322221718E-20 -6.704725382864E-04
  3.181471211814E+02  3.219793279992E+02  1.741289784341E+01  4.649688547959E-15 -1.765030632589E-02  3.042130032398E+02  2.394192443309E-01  2.528466220498E-01 -1.886109857661E-01  6.041999133704E-05 -2.800611680597E-01  1.764505114318E+00 -4.293037166011E-03 -7.947443725151E-03  1.224048089121E-02 -1.074621866415E-02 -1.628054417252E-03 -5.149950312612E-07 -4.233948316120E-06 -8.714540399036E-06  4.098861023585E-02  5.149951454813E-07  1.158576281523E-02 -1.374471461532E-19  7.656289119374E-22  6.719453053882E-21 -6.779180750850E-04
  3.258115348169E+02  3.297587078391E+02  1.743307763956E+01  1.180624847018E-14 -1.207034608462E-02  3.049041758332E+02  2.394621180392E-01  2.526249038210E-01 -1.870030742314E-01  1.948314596938E-04 -1.848186275824E-01  1.773595578953E+00 -4.719026036495E-03 -6.516460056460E-03  1.123548609290E-02 -1.093298759306E-02 -1.626891527742E-03  3.641120352886E-07 -3.985351446428E-06 -1.092406748922E-05  3.997845993159E-02 -3.641120909142E-07  1.150266080264E-02 -1.385599725640E-19  2.032751387942E-23  6.547624710426E-21 -6.718214873709E-04
  3.337058808614E+02  3.377714690743E+02  1.745232414501E+01  1.758298490892E-14 -6.312855515242E-03  3.055635442421E+02  2.394664329461E-01  2.529374208577E-01 -1.854371134435E-01  3.212831501038E-04 -8.521357136795E-02  1.783849027315E+00 -5.039639286355E-03 -5.103736928002E-03  1.014337621432E-02 -1.058967693376E-02 -1.663749847107E-03 -3.453447000334E-07 -3.804226336921E-06 -8.900040422090E-06  3.761058973565E-02  3.453447616970E-07  1.137661731454E-02 -1.278830061705E-19  4.563718337654E-21 -9.547204605499E-21 -6.576745632918E-04
  3.418370572872E+02  3.460246131465E+02  1.747128873514E+01  2.334774828622E-14 -5.145038809226E-04  3.062137899436E+02  2.394503244968E-01  2.541213778079E-01 -1.838306833167E-01  4.842430803479E-04  1.328848630415E-02  1.796120789472E+00 -5.429345310700E-03 -3.728341333419E-03  9.157686644313E-03 -1.047903060613E-02 -1.594406482181E-03 -1.309968927667E-06 -3.066496729650E-06 -6.273094447120E-06  3.668952193334E-02  1.309968930204E-06  1.148706077655E-02 -1.190800533640E-19  6.964140386364E-21  4.816112808600E-21 -6.549374059180E-04
  3.502121690058E+02  3.545253515409E+02  1.749073162622E+01  2.718735190680E-14  5.704386574781E-03  3.068799287972E+02  2.394791298012E-01  2.547813705302E-01 -1.822173024583E-01  6.522443378342E-04  1.194001235702E-01  1.807910784395E+00 -5.891149927485E-03 -2.297025771127E-03  8.188175698702E-03 -1.041277383087E-02 -1.673514917746E-03 -3.282758803293E-06 -1.838452268003E-06 -2.853080053847E-06  3.570587950830E-02  3.282758835070E-06  9.153887133912E-03 -1.034568141494E-19 -3.113015320507E-21 -8.530496480105E-21 -6.394332594423E-04
  3.588385340760E+02  3.632811120872E+02  1.750979302323E+01  2.903575022200E-14  9.342999863216E-03  3.075355293815E+02  2.395093558867E-01  2.550293627199E-01 -1.805846792278E-01  8.257058312597E-04  1.807816994931E-01  1.817607077045E+00 -6.304650231993E-03 -9.058126771332E-04  7.210462909165E-03 -1.001818958810E-02 -1.128273255404E-03 -8.092944561942E-06 -1.153264851614E-06 -5.577752919664E-07  3.482972899638E-02  8.092944545774E-06  7.465847265664E-03 -1.205989698793E-19 -1.020319344007E-20 -2.583705177263E-20 -6.266162316893E-04
  3.677236900983E+02  3.722995454498E+02  1.752941921751E+01  2.944428685245E-14  1.397793435348E-02  3.082120167310E+02  2.394968286046E-01  2.549170685984E-01 -1.789654887560E-01  1.105918621479E-03  2.596822847491E-01  1.833136672759E+00 -6.767634128689E-03  5.064510271513E-04  6.261183101712E-03 -1.009204520130E-02 -1.296489192411E-03 -8.507791122967E-06 -1.449728114903E-06 -1.298140333288E-06  3.454627705485E-02  8.507791115909E-06  7.069342041821E-03 -1.015793887782E-19  3.065633009618E-21 -1.067340043265E-20 -6.275306638229E-04
  3.768754008012E+02  3.815885318133E+02  1.754930475659E+01  3.080001618333E-14  1.741985718904E-02  3.089014844802E+02  2.393742952181E-01  2.561526707860E-01 -1.772080905557E-01  1.416529573438E-03  3.170524090710E-01  1.853515799381E+00 -7.188332167474E-03  1.849035986480E-03  5.339296181000E-03 -1.004351218732E-02 -9.798553756532E-04 -4.585360696282E-06 -1.254714301755E-06 -4.217258413607E-06  3.435871393150E-02  4.585360675103E-06  5.806694827478E-03 -1.245192022884E-19  1.363141571486E-20 -2.490744119099E-20 -6.367348169451E-04
  3.863016628253E+02  3.911561877677E+02  1.756990405435E+01  3.467107619522E-14  2.084707742065E-02  3.096154025474E+02  2.393763397957E-01  2.593293893315E-01 -1.755014878675E-01  1.742931299701E-03  3.731496053272E-01  1.879994120409E+00 -7.590113277242E-03  3.162394235935E-03  4.427719041318E-03 -1.040139388944E-02 -9.049092944393E-04 -1.579356760337E-06 -1.120405520765E-06 -8.496351230366E-06  3.509583418324E-02  1.579356776454E-06  4.629555912493E-03 -1.119182915685E-19  6.257992131909E-21 -3.805879364667E-20 -6.624870121558E-04
  3.960107127100E+02  4.010108734007E+02  1.759192274203E+01  3.786547175348E-14  2.308095611769E-02  3.103810124420E+02  2.394406293596E-01  2.608522118600E-01 -1.737558389826E-01  2.081516820670E-03  4.097662262012E-01  1.899154182558E+00 -8.078829242834E-03  4.452183584847E-03  3.626645657857E-03 -1.071945226200E-02 -5.156703106723E-04  2.271025423195E-06 -1.684182173548E-06 -1.019453784073E-05  3.605159846556E-02 -2.271025422037E-06  2.851484956120E-03 -1.242900875907E-19  1.780524745987E-20 -9.875920037789E-21 -6.759575299910E-04
  4.060110340913E+02  4.111611996027E+02  1.761500214783E+01  3.807124580868E-14  2.443805680660E-02  3.111837837200E+02  2.391973085539E-01  2.615531483538E-01 -1.720189600526E-01  2.426276007953E-03  4.318390122350E-01  1.929166561378E+00 -8.344073518817E-03  5.645126458858E-03  2.698947060091E-03 -1.085444322546E-02 -2.479434022673E-04  5.682013480432E-06 -1.768584108742E-06 -8.701941341395E-06  3.678609887994E-02 -5.682013485306E-06  1.544836504685E-03 -1.203813786394E-19  1.192617325726E-20 -1.597172213390E-20 -6.855556347865E-04
  4.163113651141E+02  4.216160355908E+02  1.763931514927E+01  3.729432850504E-14  2.508403794246E-02  3.120311209111E+02  2.388086852771E-01  2.612457978564E-01 -1.701630480394E-01  2.803916528420E-03  4.412129040886E-01  1.964301363977E+00 -8.782519003017E-03  7.102784158308E-03  1.679734844375E-03 -1.121392880392E-02 -4.792851608826E-05  3.807565502440E-06 -1.189957254783E-06 -6.440498154402E-07  3.743122682385E-02 -3.807565467965E-06  9.817493014943E-04 -9.903283284728E-20  5.422156185345E-21 -3.507622464902E-20 -7.204646071627E-04
  4.269207060675E+02  4.323845166585E+02  1.766465063243E+01  3.511782863929E-14  2.574527825858E-02  3.129158951524E+02  2.383501551895E-01  2.599776968859E-01 -1.683357300611E-01  3.363949174550E-03  4.527566490309E-01  1.996241176319E+00 -9.064747354929E-03  8.457990763475E-03  6.067565912204E-04 -1.177734239872E-02 -1.222375810500E-04 -1.094097563944E-06 -1.115340967838E-06  6.543466212962E-06  3.885541828530E-02  1.094097510284E-06  1.128438569809E-03 -8.556772002957E-20  1.544757585376E-20 -4.611493345885E-20 -7.531867336883E-04
  4.378483272495E+02  4.434760521583E+02  1.769237058128E+01  3.078659621796E-14  2.662933992775E-02  3.138863977273E+02  2.377482411645E-01  2.596958297109E-01 -1.663947843092E-01  3.712245138335E-03  4.695162408157E-01  2.032516783018E+00 -9.194150405553E-03  9.538017347898E-03 -3.438669424197E-04 -1.242753864622E-02 -1.450918837992E-05 -6.333994432223E-07 -8.608134089277E-07  5.712700447393E-06  4.274447376569E-02  6.333994308320E-07  1.851412319236E-03 -1.200267059515E-19  1.983143821249E-20 -2.595507389084E-20 -8.165704310176E-04
  4.491037770670E+02  4.549003337230E+02  1.772476554944E+01  2.755539994676E-14  2.834098902812E-02  3.150225941966E+02  2.369355923144E-01  2.597944353826E-01 -1.643878574392E-01  4.360671640886E-03  5.009575533328E-01  2.072614258666E+00 -9.461216381184E-03  1.072639772831E-02 -1.265181347176E-03 -1.372628362453E-02 -2.403644097290E-04  1.030971035710E-06  1.841328328461E-06 -6.315525164589E-07  4.513041868901E-02 -1.030971089708E-06  1.238947738821E-03 -8.840628949978E-20  1.219209718215E-20 -4.788603239896E-20 -8.676357492621E-04
  4.606968903790E+02  4.666673437347E+02  1.775774163219E+01  2.681133295703E-14  2.839736838981E-02  3.161784102419E+02  2.358323482308E-01  2.587647568136E-01 -1.623167042257E-01  4.683513386753E-03  5.051618108169E-01  2.100882635146E+00 -9.862692535007E-03  1.202227875798E-02 -2.159586222586E-03 -1.392827153438E-02  3.854642532050E-04 -1.410863529947E-06  5.274437752298E-06 -5.216254514782E-06  4.571380795001E-02  1.410863499207E-06 -1.222065337814E-03 -1.275040958635E-19  1.706295223898E-20 -4.928838847810E-20 -8.872271870113E-04
  4.726377970904E+02  4.787873640468E+02  1.779297348054E+01  3.003429536325E-14  2.649504120324E-02  3.174133120827E+02  2.342053849534E-01  2.568293166182E-01 -1.601374774545E-01  5.358698336092E-03  4.738321646490E-01  2.140673446073E+00 -1.031659889199E-02  1.331406015184E-02 -2.997461259775E-03 -1.460039391327E-02  8.929224989087E-04 -4.995892358392E-06  6.957426104210E-06 -1.538073687691E-06  4.590379453762E-02  4.995892406058E-06 -2.935238515298E-03 -8.430245033678E-20  3.280437342616E-21 -4.346325440776E-20 -9.180664311025E-04
  4.849369310031E+02  4.912709849682E+02  1.782831683492E+01  3.363998749700E-14  2.388516174992E-02  3.186490144439E+02  2.320122125832E-01  2.548521033190E-01 -1.579205922538E-01  5.546818915814E-03  4.312150356518E-01  2.193459287818E+00 -1.080162863298E-02  1.491847572555E-02 -4.116847092590E-03 -1.481124242072E-02  1.025753394299E-03 -1.147145818749E-05  6.808099641483E-06  1.945410837165E-06  4.535939271738E-02  1.147145810488E-05 -2.794888122450E-03 -1.025882033100E-19  1.029018753010E-20 -5.077978722540E-20 -9.419882416418E-04
  4.976050389332E+02  5.041291145172E+02  1.786480062475E+01  3.606206508180E-14  2.206834233953E-02  3.199240033905E+02  2.300136959337E-01  2.510927797302E-01 -1.555193028307E-01  6.013849219571E-03  4.016283634760E-01  2.239586516921E+00 -1.102414725193E-02  1.603490475345E-02 -5.010757501656E-03 -1.538013361110E-02  1.002239304835E-03 -4.496866108895E-06  6.782814579073E-06  5.049102026400E-06  4.572732975766E-02  4.496866196105E-06 -4.506748295186E-03 -7.529627351748E-20 -7.335594626118E-21 -5.328491443236E-20 -9.768534446249E-04
  5.106531901012E+02  5.173729879527E+02  1.790290144599E+01  3.844708666018E-14  1.649948311356E-02  3.212567079551E+02  2.280550357342E-01  2.476854432474E-01 -1.529066669831E-01  6.110040264919E-03  3.069830140550E-01  2.285307639954E+00 -1.123349743576E-02  1.698436049355E-02 -5.750863057408E-03 -1.584129542777E-02  1.824454536202E-03  2.969549919285E-06  5.979202978348E-06  1.464729707201E-06  4.540552555444E-02 -2.969549942554E-06 -5.053882257859E-03 -8.028556528743E-20  1.147583962770E-20 -5.893866307747E-20 -9.940193935618E-04
  5.240927858042E+02  5.310141775913E+02  1.794108945626E+01  3.614414005361E-14  1.355762124709E-02  3.225981723815E+02  2.257416760660E-01  2.431671364808E-01 -1.500005781176E-01  6.447580690702E-03  2.563881924672E-01  2.337990817138E+00 -1.159565893444E-02  1.795452270287E-02 -6.358863768191E-03 -1.598119968936E-02  1.282268486822E-03  1.363574374517E-06  4.066384924806E-06  2.227199991815E-06  4.506447579987E-02 -1.363574418840E-06 -3.649107330718E-03 -8.062293167180E-20  3.655219543257E-21 -4.924685705504E-20 -1.007297639776E-03
  5.379355693784E+02  5.450646029190E+02  1.798089472879E+01  3.116211137512E-14  1.020680068618E-02  3.239993352824E+02  2.231263777579E-01  2.396893986445E-01 -1.470933199568E-01  6.618750807836E-03  1.977352928128E-01  2.393417526534E+00 -1.179005822045E-02  1.916512369108E-02 -7.375065470251E-03 -1.646604670028E-02  1.518106443615E-03  1.044971653845E-06  1.218362073419E-06 -4.419899768621E-07  4.693657407762E-02 -1.044971698969E-06 -3.578642181924E-03 -8.460532457660E-20  1.471885945799E-20 -6.908666382832E-20 -1.077682171495E-03
  5.521936364597E+02  5.595365410066E+02  1.802476102526E+01  3.055310055881E-14  7.199338227525E-03  3.255485692379E+02  2.201221535755E-01  2.365628547521E-01 -1.437486682147E-01  6.902935002375E-03  1.436375169045E-01  2.438408666379E+00 -1.168555110752E-02  1.994343997653E-02 -8.257888869155E-03 -1.797355977498E-02  1.383923468528E-03  1.851999370459E-06 -2.394640294217E-06 -2.551376116551E-06  4.857940012591E-02 -1.851999362303E-06 -2.978181391577E-03 -6.369042217708E-20  2.334414547786E-20 -5.042314720406E-20 -1.136337105207E-03
  5.668794455535E+02  5.743794455535E+02  1.807008693371E+01  3.271661385094E-14  4.753502513505E-03  3.271535090072E+02  2.171409072967E-01  2.326632212691E-01 -1.405607295083E-01  6.928858591718E-03  9.853203565687E-02  2.479763555688E+00 -1.169324686056E-02  2.058617049229E-02 -8.892923631862E-03 -1.821428315697E-02  1.302924605929E-03  2.260652172441E-06 -5.736012703425E-06 -5.250423544571E-06  4.889017237877E-02 -2.260652210051E-06 -2.746990454654E-03 -6.778145278227E-20  7.245220910201E-21 -4.631822381073E-20 -1.151046084700E-03
  5.818794455535E+02  5.893794455535E+02  1.811645445615E+01  3.383549054362E-14  2.046562291618E-03  3.288023662755E+02  2.146273002165E-01  2.264470325108E-01 -1.369230612930E-01  7.147895405331E-03  4.689656443415E-02  2.452453222080E+00 -1.168316247889E-02  1.989426871220E-02 -8.211106233169E-03 -1.795841094905E-02  6.523672250977E-04  1.888425578881E-06 -6.875021563727E-06 -5.381789260549E-06  4.713121075428E-02 -1.888425578943E-06 -2.136817024976E-03 -5.128984997097E-20  1.157055043752E-20 -5.849386110479E-20 -1.076334547414E-03
  5.968794455535E+02  6.043794455535E+02  1.815846281900E+01  3.604728610514E-14  7.257892565502E-04  3.302958853473E+02  2.125623279505E-01  2.221271075367E-01 -1.333671447267E-01  7.169143088942E-03  2.322622721763E-02  2.413491271731E+00 -1.148362846488E-02  1.928159701585E-02 -7.797968550887E-03 -1.656685249652E-02  5.203480436913E-04  3.826356949552E-06 -4.936574326740E-06 -2.001016219589E-06  4.390808328090E-02 -3.826356969819E-06 -1.490491121807E-03 -6.558765595395E-20  8.645471337722E-21 -5.946025227145E-20 -9.981729224024E-04
  6.118794455535E+02  6.193794455535E+02  1.819876252701E+01  3.856524734974E-14 -7.730591604729E-04  3.317340940789E+02  2.105708587247E-01  2.154050658088E-01 -1.294527415946E-01  6.967611284007E-03 -3.691464926581E-03  2.381368411465E+00 -1.123930352563E-02  1.876267750817E-02 -7.523373982214E-03 -1.537817782814E-02  8.747459980902E-04  1.579778965728E-06 -2.089339710993E-06 -1.466858568370E-06  4.131961528616E-02 -1.579778957138E-06 -3.297224128084E-03 -6.670702412570E-20  2.162248932547E-20 -4.796249652099E-20 -9.332981221605E-04
  6.268794455535E+02  6.343794455535E+02  1.823592001171E+01  3.849323117200E-14 -5.460080058382E-03  3.330608009527E+02  2.078459420148E-01  2.090478684711E-01 -1.255976512932E-01  6.692442737932E-03 -8.890345248261E-02  2.358461466247E+00 -1.106266081653E-02  1.853169293856E-02 -7.469032122080E-03 -1.452881131884E-02  1.459529492871E-03  2.194052367974E-06  1.903243030612E-07  1.702184088214E-06  3.847546518146E-02 -2.194052336631E-06 -3.593781333587E-03 -7.908554087457E-20  4.364349762120E-21 -4.174608095797E-20 -8.844706238307E-04
  6.418794455535E+02  6.493794455535E+02  1.827090344058E+01  3.570165575210E-14 -7.481453984364E-03  3.343147302424E+02  2.043043355373E-01  2.022875725232E-01 -1.215299507334E-01  6.559165284618E-03 -1.269013776985E-01  2.329246723391E+00 -1.106639190608E-02  1.822582625088E-02 -7.159434344864E-03 -1.383177641487E-02  1.459372941680E-03 -7.728846371987E-07  6.913252898238E-07  3.538867416500E-06  3.644468179527E-02  7.728845985851E-07 -3.135938444763E-03 -6.030900186055E-20  4.525816719405E-21 -5.208492045359E-20 -8.386628461235E-04
  6.568794455535E+02  6.643794455535E+02  1.830426973388E+01  3.317726330933E-14 -1.133195551578E-02  3.355141529161E+02  2.001632122592E-01  1.954887478010E-01 -1.172122268522E-01  6.064879338702E-03 -1.980943415199E-01  2.296902112345E+00 -1.088607561579E-02  1.788619280417E-02 -7.000117188192E-03 -1.309926829365E-02  1.466548247755E-03 -3.422976593667E-06  7.034440624884E-07  3.646172168271E-06  3.454233262783E-02  3.422976595855E-06 -3.582356826373E-03 -7.899745577448E-20  8.311097927631E-22 -5.410594056307E-20 -7.977692902971E-04
  6.718794455535E+02  6.793794455535E+02  1.833569196653E+01  3.302348498824E-14 -1.422429556798E-02  3.366486771927E+02  1.955414644203E-01  1.886692979995E-01 -1.129737307236E-01  5.843988420975E-03 -2.518187713944E-01  2.252654319399E+00 -1.044112252787E-02  1.719432656976E-02 -6.753204041893E-03 -1.217739512848E-02  1.017229067936E-03 -3.400624765174E-06  7.496962087286E-08  1.336797477645E-06  3.310644235510E-02  3.400624716350E-06 -1.483817282682E-03 -7.681995705682E-20  3.564129445548E-21 -5.330664357781E-20 -7.296713360646E-04
  6.868794455535E+02  6.943794455535E+02  1.836635730672E+01  3.308365242640E-14 -1.413804831118E-02  3.377571229271E+02  1.901842318546E-01  1.824871467152E-01 -1.085644893273E-01  5.262556648733E-03 -2.512917007917E-01  2.231778876989E+00 -1.012637312065E-02  1.699957823021E-02 -6.873205109611E-03 -1.137607276896E-02  3.844477015695E-04 -4.447011377393E-06 -1.472448910720E-06 -1.027706857039E-06  3.048046442479E-02  4.447011377594E-06 -1.515616312098E-03 -7.837744810841E-20  4.703975807425E-21 -4.911750044806E-20 -6.848390002434E-04
  7.018794455535E+02  7.093794455535E+02  1.839285002076E+01  3.359420091646E-14 -1.709094297482E-02  3.387135947515E+02  1.841532663526E-01  1.772645934426E-01 -1.042167135703E-01  5.075532915445E-03 -3.059126077616E-01  2.200683397613E+00 -9.709809655179E-03  1.676559110339E-02 -7.055781448008E-03 -1.045883485536E-02  9.176521287104E-04 -2.383260409377E-06 -2.970922039092E-06 -5.440402838175E-08  2.930803236653E-02  2.383260429300E-06 -2.286089578582E-03 -9.457813719838E-20  9.577197610090E-21 -5.402136802135E-20 -6.557160687470E-04
  7.168794455535E+02  7.243794455535E+02  1.842131489374E+01  3.675638294888E-14 -1.843597434236E-02  3.397436099401E+02  1.776058105629E-01  1.730299596639E-01 -9.964023828917E-02  4.399516278393E-03 -3.316315266280E-01  2.165584921985E+00 -9.480053620725E-03  1.643279062085E-02 -6.952737000142E-03 -1.053655122671E-02  7.679826484144E-04  2.472905168160E-06 -2.656587908201E-06  5.309239925464E-06  2.855154031310E-02 -2.472905145106E-06 -2.651236461144E-03 -9.054543767185E-20  1.079196899784E-20 -3.626235847975E-20 -6.306823739158E-04
  7.318794455535E+02  7.393794455535E+02  1.844639015299E+01  3.848710817637E-14 -2.202883518746E-02  3.406525027232E+02  1.706143491512E-01  1.701459441384E-01 -9.503365843660E-02  4.139479151509E-03 -4.011360735258E-01  2.131328585071E+00 -9.536700299118E-03  1.598133581090E-02 -6.444635511556E-03 -9.448472029062E-03  9.489583600143E-04  3.739072464531E-07 -1.356620744074E-06  4.168416185127E-06  2.656913824275E-02 -3.739072725719E-07 -1.674126968573E-03 -7.117403110723E-20  1.367743375258E-20 -4.375951994747E-20 -5.664605022364E-04
  7.468794455535E+02  7.543794455535E+02  1.847112185977E+01  3.701247641708E-14 -2.155353400675E-02  3.415525028533E+02  1.632824070916E-01  1.659479905652E-01 -9.025544627120E-02  3.579619891357E-03 -3.949073414285E-01  2.094926585430E+00 -9.594745837730E-03  1.580546503509E-02 -6.210719197366E-03 -8.821270586224E-03  4.752426427087E-04  2.321485377980E-06 -5.223050249903E-07  2.080907433464E-06  2.493260793865E-02 -2.321485376725E-06 -7.308559578514E-04 -8.027635590225E-20  9.870726205599E-21 -3.946979840714E-20 -5.195763569996E-04
  7.618794455535E+02  7.693794455535E+02  1.849312659436E+01  3.378959178429E-14 -2.342453787912E-02  3.423538915234E+02  1.556811469817E-01  1.628685528477E-01 -8.540053916949E-02  3.300093587014E-03 -4.321878240134E-01  2.053407503378E+00 -9.457695081342E-03  1.533529400776E-02 -5.877598926548E-03 -7.764682374852E-03  7.681649113795E-04  4.195818870063E-06  3.274668152147E-07  3.582143302509E-06  2.257030643408E-02 -4.195818860885E-06  2.010004908569E-04 -4.979792942262E-20  5.521645165955E-21 -5.299341686506E-20 -4.669570547919E-04
  7.768794455535E+02  7.843794455535E+02  1.851345576939E+01  2.806240222836E-14 -2.118633505520E-02  3.430961335813E+02  1.478750019829E-01  1.589222031735E-01 -8.033110465971E-02  2.730887092897E-03 -3.918164298202E-01  2.014507312150E+00 -9.165185100259E-03  1.481338126120E-02 -5.648196160912E-03 -7.124876025652E-03  9.885430286010E-05  1.334212921749E-06  7.635446585613E-07  1.011512698079E-06  2.007701977145E-02 -1.334212948822E-06  2.780844426029E-03 -8.053236645418E-20  1.036582570425E-20 -4.599219728668E-20 -4.195612719073E-04
  7.918794455535E+02  7.993794455535E+02  1.853079105175E+01  2.119783833419E-14 -1.819938329472E-02  3.437255859595E+02  1.402663962081E-01  1.550787303308E-01 -7.540787382088E-02  2.461489429178E-03 -3.364027302620E-01  1.974388338165E+00 -8.993786034006E-03  1.445659256226E-02 -5.462806528046E-03 -6.332966390554E-03 -3.952373243899E-04 -3.426140635761E-07  1.650847107149E-06  2.161757468016E-07  1.757019493830E-02  3.426140249655E-07  4.096282185943E-03 -7.802938210496E-20  1.136216082244E-20 -3.653966898323E-20 -3.723560269725E-04
  8.068794455535E+02  8.143794455535E+02  1.854640924055E+01  1.531157000958E-14 -1.352417882955E-02  3.442944140323E+02  1.328778582180E-01  1.505660337326E-01 -7.024463751397E-02  1.820977145919E-03 -2.489579205240E-01  1.954948814602E+00 -8.786464697639E-03  1.425954209106E-02 -5.473077393348E-03 -5.638678637206E-03 -6.890010735232E-04 -3.121152433071E-06  2.935036475382E-06 -1.706482602586E-06  1.582109364274E-02  3.121152371409E-06  3.740624704560E-03 -6.587718166946E-20  2.266516897584E-21 -3.684090087905E-20 -3.437286463396E-04
  8.218794455535E+02  8.293794455535E+02  1.856045834876E+01  1.033473437037E-14 -1.121175790370E-02  3.448045813587E+02  1.256899937345E-01  1.456197586357E-01 -6.520138733099E-02  1.733128894932E-03 -2.052977600993E-01  1.924228572078E+00 -8.603018206863E-03  1.397763901030E-02 -5.374620803392E-03 -5.438379072055E-03 -4.043484858442E-04 -1.042082422397E-06  3.453210122269E-06 -2.418308565099E-06  1.478517665388E-02  1.042082402447E-06  3.214277997456E-03 -5.694296324911E-20 -1.305180458723E-21 -3.453009910095E-20 -3.358664600391E-04
  8.368794455535E+02  8.443794455535E+02  1.857414148360E+01  6.479819140750E-15 -7.481691688718E-03  3.452996303326E+02  1.186287165530E-01  1.417934660851E-01 -5.990315058913E-02  1.032655448286E-03 -1.334456131728E-01  1.888243879218E+00 -8.279534361750E-03  1.361605320070E-02 -5.336518838887E-03 -5.312213761899E-03 -4.511166263214E-04  5.660001977100E-07  3.108050595795E-06 -2.424858991896E-06  1.428530108196E-02 -5.660002370735E-07  3.111155888549E-03 -6.734197252172E-20  9.045251418540E-21 -4.455536251754E-20 -3.269434830258E-04
  8.518794455535E+02  8.593794455535E+02  1.858725394906E+01  4.088914825941E-15 -5.353240793495E-03  3.457719403910E+02  1.115468850583E-01  1.380937899780E-01 -5.445155981160E-02  9.423074355382E-04 -9.243361195010E-02  1.853076796801E+00 -7.862743299534E-03  1.301493142564E-02 -5.152188126018E-03 -5.033153290334E-03 -4.838617223169E-04  3.651774151542E-06  1.385383383802E-06 -3.363059994236E-06  1.439366652631E-02 -3.651774161555E-06  3.185886870518E-03 -5.834541438453E-20  4.113585007248E-21 -4.025882473198E-20 -3.117395504270E-04
  8.668794455535E+02  8.743794455535E+02  1.860112121550E+01  3.641717136182E-15 -1.511735576205E-03  3.462721686542E+02  1.042199627743E-01  1.336824362022E-01 -4.902930784849E-02  5.413527792829E-04 -2.044055494023E-02  1.818089135624E+00 -7.534622693522E-03  1.243757643528E-02 -4.902953741689E-03 -4.896764038405E-03 -4.980672013731E-04  2.032253942736E-06 -8.703550773924E-07  4.810540245005E-07  1.419636799600E-02 -2.032253920089E-06  3.716825353646E-03 -3.391891481707E-20  8.250885843259E-21 -4.895174734507E-20 -2.864576728301E-04
  8.818794455535E+02  8.893794455535E+02  1.861385561271E+01  3.741553797112E-15  1.598959926924E-03  3.467333937892E+02  9.610069134294E-02  1.285038459559E-01 -4.349498422705E-02  4.722180400692E-04  3.699998653200E-02  1.797552509911E+00 -7.303636995164E-03  1.219923803823E-02 -4.895601043219E-03 -4.356724882567E-03 -5.972371341124E-04  2.649977798620E-06 -2.004952905559E-06  4.930505689639E-06  1.452031147318E-02 -2.649977805866E-06  6.309465043690E-03 -4.526054379096E-20  5.640953512919E-21 -4.644318932878E-20 -2.737403329958E-04
  8.968794455535E+02  9.043794455535E+02  1.862833580586E+01  5.069247105416E-15  1.031126742181E-02  3.472622866301E+02  8.718068297906E-02  1.257482917208E-01 -3.787825731231E-02  3.065538840538E-04  1.991325501860E-01  1.767480042364E+00 -6.862035996945E-03  1.180437147388E-02 -4.942335476695E-03 -4.586787897476E-03 -1.536254678376E-03  2.333358657430E-06 -2.283463235947E-06  3.674184473732E-06  1.680625706816E-02 -2.333358660558E-06  8.134521544307E-03 -5.866711146565E-20  6.110303007684E-21 -3.333713845240E-20 -3.045788111696E-04
  9.118794455535E+02  9.193794455535E+02  1.864536145496E+01  7.864649614423E-15  1.686522086028E-02  3.478854513021E+02  7.761838713836E-02  1.228796582943E-01 -3.229919118609E-02  1.694743186688E-04  3.206385227925E-01  1.740878886332E+00 -6.689397520742E-03  1.136193843991E-02 -4.672540919415E-03 -5.077838883673E-03 -1.418179340357E-03  3.275250981048E-06 -2.592544405657E-06 -7.225186755022E-10  1.912497305416E-02 -3.275250956907E-06  6.980883742639E-03 -2.695543908528E-20 -4.620649062434E-21 -3.055421556527E-20 -3.175049890370E-04
  9.268794455535E+02  9.343794455535E+02  1.866419531363E+01  8.521355640787E-15  2.341590950924E-02  3.485779335860E+02  6.688022922777E-02  1.211972422084E-01 -2.641999385529E-02  2.133879535392E-04  4.426585865407E-01  1.718451192659E+00 -6.423808216816E-03  1.096364220401E-02 -4.539833987471E-03 -4.955686483151E-03 -1.335525939136E-03  2.127549765035E-06 -2.594264444644E-06  1.015907315356E-07  1.993960785950E-02 -2.127549817139E-06  6.859334320755E-03 -3.486910631084E-20  3.592806753307E-21 -2.811680441336E-20 -3.023438560720E-04
  9.418794455535E+02  9.493794455535E+02  1.868274524832E+01  7.735685356169E-15  2.973761549013E-02  3.492629477922E+02  5.469138478780E-02  1.241407096121E-01 -2.074045770520E-02  6.404116109908E-05  5.593306577286E-01  1.697686296491E+00 -6.182161413908E-03  1.056446669038E-02 -4.382305276497E-03 -4.819715520014E-03 -1.232297356665E-03  3.106977891211E-06 -2.151439486233E-06  9.291248542018E-07  2.212317436615E-02 -3.106977888908E-06  5.656615273878E-03 -3.497786668306E-20 -9.073632381746E-22 -3.019135591076E-20 -3.204838394868E-04
  9.568794455535E+02  9.643794455535E+02  1.870566548009E+01  7.629776837814E-15  3.402073190464E-02  3.501152183648E+02  4.083359686727E-02  1.275961356566E-01 -1.468782376891E-02  1.588813090553E-04  6.401264902396E-01  1.705391716903E+00 -6.026778032278E-03  1.056213381232E-02 -4.535355779978E-03 -5.510287069018E-03 -1.002582626379E-03  3.401541556253E-07 -1.296919297369E-06  4.385555160756E-06  2.690945469590E-02 -3.401541930694E-07  2.831702620620E-03 -1.546407673881E-20 -2.967881933621E-21 -2.032330326580E-20 -3.830382558831E-04
  9.718794455535E+02  9.793794455535E+02  1.873319702443E+01  6.070655498112E-15  3.503731384722E-02  3.511466496938E+02  2.457406911464E-02  1.386340892964E-01 -8.737314493010E-03  2.333356398231E-05  6.606197232234E-01  1.827403718024E+00 -6.232726951879E-03  1.163166844382E-02 -5.398941491781E-03 -6.809708715964E-03 -3.278508078028E-04 -1.137828882052E-06 -1.124611834553E-06  2.128155876731E-06  3.678863777023E-02  1.137828876480E-06 -5.117112307009E-05 -2.779346871065E-20  3.676867965323E-21 -1.058886817630E-21 -5.353460695667E-04
  9.868794455535E+02  9.943794455535E+02  1.877463603398E+01  2.148959675933E-15  3.392554249024E-02  3.527100576062E+02  4.926544769322E-03  1.598268224799E-01 -2.505000029146E-03  9.588135706029E-06  6.454450319987E-01  1.846180407655E+00 -7.148363940442E-03  1.270892882842E-02 -5.560564888264E-03 -9.529581507376E-03  5.192317651946E-04 -2.605384723361E-06 -8.189967660237E-07  2.042567067237E-06  2.210734243434E-02  2.605384684657E-06 -5.943587742627E-04 -3.224731944577E-20  1.453137791325E-21  1.358630427294E-21 -2.829370803326E-04
