                   y                  ym                   U                   V                   W                 U^2                 V^2                 W^2                  UV                  VW                  UW                VISC               SFSxx               SFSyy               SFSzz               SFSxy               SFSyz                dUdX                dVdX                dWdX                dUdY                dVdY                dWdY                dUdZ                dVdZ                dWdZ              SFSxym
 -4.000000000000E+00 -2.000000000000E+00  0.000000000000E+00  0.000000000000E+00  0.000000000000E+00  0.000000000000E+00  0.000000000000E+00  0.000000000000E+00  0.000000000000E+00  0.000000000000E+00  0.000000000000E+00  0.000000000000E+00  0.000000000000E+00  0.000000000000E+00  0.000000000000E+00  0.000000000000E+00  0.000000000000E+00  0.000000000000E+00  0.000000000000E+00  0.000000000000E+00  0.000000000000E+00  0.000000000000E+00  0.000000000000E+00  0.000000000000E+00  0.000000000000E+00  0.000000000000E+00  0.000000000000E+00
  2.220446049250E-16  2.000000000000E+00  1.052215821121E+01 -1.749342677370E-15 -9.717851383665E-02  1.131889596567E+02  5.292605247192E-02  7.508899585335E-01 -1.581454167772E-01 -1.812451294063E-03 -1.034345551143E+00  8.923010436747E-01 -1.550717397196E-03  6.197153926391E-03 -4.646436529014E-03 -4.814880127843E+00  3.013563746447E-02 -9.342332817840E-04 -7.580580202670E-05 -4.120173026732E-06  4.502846691686E+01  9.342332817410E-04 -4.013283238134E-01 -4.203741189820E-20 -2.294035863466E-22  2.015649922084E-20 -9.485914485838E-03
  4.000000000000E+00  6.000000000000E+00  1.199227642638E+01 -4.538391074986E-15 -1.034893577310E-01  1.463120747762E+02  2.109398744343E-01  7.315204768675E-01 -3.075341534808E-01 -1.743187810644E-03 -1.259699069462E+00  5.508764738347E+00  2.148132127226E-01 -2.404319027559E-01  2.561869002947E-02 -1.072601394940E+00 -8.540956992356E-02  2.408160317835E-04 -1.177924043442E-04  7.227719209709E-06  3.891104269089E+00 -2.408160318468E-04 -2.735248446558E-03 -8.224543901198E-20 -4.995001266386E-21 -3.636373043442E-21 -7.699495278881E-02
  8.000000000000E+00  1.000000000000E+01  1.246757393440E+01 -6.314427532644E-15 -9.848679137641E-02  1.575701895908E+02  2.543341081683E-01  6.789656832687E-01 -2.980161026307E-01 -2.029847761889E-03 -1.247776406241E+00  5.736044839099E+00  1.219136812968E-01 -3.147522029662E-01  1.928385216734E-01 -6.172652093296E-01 -1.709938056991E-02  2.236206206580E-04 -6.641401661126E-05  1.615154982972E-05  1.849971740604E+00 -2.236206206700E-04  2.098964087271E-02 -1.098709860196E-19 -6.700254883307E-21  2.395251704704E-21 -3.744380985767E-02
  1.200000000000E+01  1.400000000000E+01  1.291726264902E+01 -7.435869032058E-15 -9.302301907279E-02  1.689522258647E+02  2.775335218902E-01  6.654462376816E-01 -3.205366446917E-01 -1.938163457815E-03 -1.220530127188E+00  5.640477852378E+00  1.163067541817E-01 -2.891871290460E-01  1.728803748628E-01 -5.883953172671E-01 -1.211712367270E-03  1.064110687170E-04 -3.822518821116E-05  2.190318659284E-06  1.542201964853E+00 -1.064110688471E-04  2.181596720803E-02 -8.371524828355E-20 -1.786742029644E-20  4.436672186964E-20 -3.203141575857E-02
  1.600000000000E+01  1.800000000000E+01  1.323857820133E+01 -6.163601611519E-15 -8.760985206064E-02  1.772724507104E+02  2.959472000526E-01  6.557594348265E-01 -3.191303769982E-01 -2.154028835384E-03 -1.176628710170E+00  5.302113235974E+00  9.647586613158E-02 -2.566564647827E-01  1.601805986538E-01 -4.268360946053E-01 -1.021386844978E-03  5.060930229341E-05 -2.231450620688E-05 -7.796487611498E-06  1.211007406572E+00 -5.060930225367E-05  2.007093321416E-02 -1.224606470928E-19  3.133314432939E-21  7.441781715895E-20 -2.476365802651E-02
  2.000000000000E+01  2.200000000000E+01  1.352273722585E+01 -2.558980660474E-15 -8.300838729199E-02  1.848429856109E+02  3.112143822581E-01  6.536771663124E-01 -3.254707734242E-01 -2.234648482941E-03 -1.138668529706E+00  5.073612497020E+00  8.573177960323E-02 -2.326499157976E-01  1.469181361937E-01 -3.709200695175E-01 -2.129858103664E-03  4.937831014718E-05 -1.250919600288E-05 -9.751701930044E-06  1.033411742809E+00 -4.937831025347E-05  1.819297741295E-02 -6.881609344020E-20 -2.315029660038E-21  5.382283788868E-20 -2.107870054430E-02
  2.400000000000E+01  2.600000000000E+01  1.375527939822E+01  1.110336576733E-15 -7.849575129443E-02  1.911440321963E+02  3.235878689495E-01  6.514464553115E-01 -3.253044673167E-01 -2.351941793076E-03 -1.095014278326E+00  4.832840819304E+00  7.489018947277E-02 -2.119719971518E-01  1.370818076840E-01 -3.035619490589E-01 -2.843604783945E-03  6.641237525342E-05 -5.450590484829E-06 -9.942228162319E-07  8.795541051397E-01 -6.641237518178E-05  1.635979609222E-02 -1.071729345068E-19 -1.142798105791E-21  9.108392447422E-20 -1.778167845037E-02
  2.800000000000E+01  3.000000000000E+01  1.396255691890E+01  5.290194859143E-15 -7.480186726349E-02  1.968624055989E+02  3.333553539678E-01  6.508057743419E-01 -3.271726404556E-01 -2.458751742962E-03 -1.058378710733E+00  4.644010168513E+00  6.747212932187E-02 -1.961264076298E-01  1.286542783079E-01 -2.672429362669E-01 -2.674884886467E-03  3.353495532896E-05 -2.407810364420E-06  9.967960521160E-06  7.753145249233E-01 -3.353495538711E-05  1.552259351697E-02 -1.073382687039E-19  6.682068973880E-21  1.394543142569E-19 -1.556742845439E-02
  3.200000000000E+01  3.400000000000E+01  1.414295425392E+01  1.065196766151E-14 -7.069613577832E-02  2.019061439028E+02  3.410222726736E-01  6.502061383712E-01 -3.267564088896E-01 -2.499841171380E-03 -1.013056838447E+00  4.463996859054E+00  6.045454660732E-02 -1.818632712726E-01  1.214087246651E-01 -2.314238299426E-01 -3.223431723345E-03  2.294564296460E-05 -1.137187243514E-06  1.282607849445E-05  6.905440935817E-01 -2.294564281385E-05  1.710201135705E-02 -5.442596440865E-20  2.534387650447E-21  1.518893611899E-19 -1.373701951664E-02
  3.600000000000E+01  3.800000000000E+01  1.430785750199E+01  1.570959566137E-14 -6.623907069174E-02  2.065797244207E+02  3.468709414803E-01  6.499495101788E-01 -3.270009537200E-01 -2.581413192466E-03 -9.608798411079E-01  4.315566222995E+00  5.516169974766E-02 -1.700672339796E-01  1.149055342324E-01 -2.090377461212E-01 -3.786250116596E-03  5.072564248316E-05 -1.812926003642E-06  1.430933518075E-05  6.298453877896E-01 -5.072564253881E-05  1.651561739192E-02 -3.558943102262E-20  6.993503504105E-21  1.180459822058E-19 -1.245415125857E-02
  4.000000000000E+01  4.200000000000E+01  1.445797067725E+01  1.909519309166E-14 -6.242916490039E-02  2.108813680239E+02  3.511792962682E-01  6.488381748494E-01 -3.262846109123E-01 -2.656525573244E-03 -9.153132160959E-01  4.175470824708E+00  5.077942649150E-02 -1.599671070069E-01  1.091876805161E-01 -1.894061146532E-01 -3.273053678735E-03  1.258073846472E-05 -7.126492665648E-06  2.024323955946E-05  5.783478150971E-01 -1.258073835519E-05  1.474206664379E-02 -2.563005759785E-20 -4.543294667194E-22  1.019342307850E-19 -1.132908749288E-02
  4.400000000000E+01  4.600000000000E+01  1.459702521262E+01  2.034885931632E-14 -5.884213212109E-02  2.149086822851E+02  3.542319023412E-01  6.467938515707E-01 -3.258884070364E-01 -2.660384388196E-03 -8.710873289127E-01  4.049298404478E+00  4.661555815255E-02 -1.508239018157E-01  1.042083436631E-01 -1.735980764763E-01 -3.353816200281E-03 -9.299104935553E-06 -1.188433218937E-05  1.508218240303E-05  5.341738075495E-01  9.299104900502E-06  1.466884271455E-02  5.124393930175E-20  4.503346961350E-21  1.266198528018E-19 -1.037830033358E-02
  4.800000000000E+01  5.000000000000E+01  1.472499993886E+01  2.238620696512E-14 -5.507797198208E-02  2.186492576343E+02  3.563013755392E-01  6.429386637184E-01 -3.250476913937E-01 -2.676171209977E-03 -8.230308310791E-01  3.932686186513E+00  4.295039172517E-02 -1.427197736870E-01  9.976938196066E-02 -1.585439368407E-01 -3.316718308100E-03  2.935648507694E-05 -1.402507983083E-05  1.357456014562E-05  4.950531562500E-01 -2.935648506568E-05  1.444865733843E-02  2.819878266510E-20 -6.087437121776E-21  1.008746044495E-19 -9.529569716874E-03
  5.200000000000E+01  5.400000000000E+01  1.484454881842E+01  2.707831383888E-14 -5.161504911870E-02  2.221743752463E+02  3.576906019172E-01  6.383933214148E-01 -3.242279873416E-01 -2.688355258141E-03 -7.785647238473E-01  3.821530095521E+00  3.973885173797E-02 -1.353669588500E-01  9.562810711143E-02 -1.463117635934E-01 -3.107707988542E-03  2.227597435294E-05 -1.588430734771E-05  2.736605157420E-06  4.620393539870E-01 -2.227597422673E-05  1.353211690002E-02  3.566653157560E-20  2.803613474890E-20  1.480456371631E-19 -8.778490289138E-03
  5.600000000000E+01  5.800000000000E+01  1.495600512339E+01  3.125310297017E-14 -4.829066716776E-02  2.254858689629E+02  3.585346845939E-01  6.347305932506E-01 -3.233111549628E-01 -2.708528496859E-03 -7.355766958312E-01  3.720574336952E+00  3.714811247953E-02 -1.287859768053E-01  9.163786432483E-02 -1.350056502365E-01 -2.860739473367E-03  1.228957495320E-05 -1.614286711340E-05  2.792255378504E-06  4.333876127933E-01 -1.228957498137E-05  1.227847955148E-02  1.093594377805E-19  8.958283292826E-21  1.081678542820E-19 -8.152281257629E-03
  6.000000000000E+01  6.200000000000E+01  1.506124016288E+01  3.311623125608E-14 -4.546090658486E-02  2.286328324810E+02  3.588489934320E-01  6.316825877785E-01 -3.223021472408E-01 -2.713705764602E-03 -6.994953936733E-01  3.624009602620E+00  3.443344725360E-02 -1.225731468457E-01  8.813969959149E-02 -1.259508372888E-01 -2.703876171399E-03  8.847112662125E-06 -1.626711493607E-05 -1.130191664695E-06  4.076867286795E-01 -8.847112815312E-06  9.998417661886E-03  1.219881030229E-19 -7.123277393069E-21  1.124437493048E-19 -7.586607295632E-03
  6.400000000000E+01  6.600000000000E+01  1.515983164957E+01  3.417864718099E-14 -4.329895371277E-02  2.315997482929E+02  3.587093507770E-01  6.291183104341E-01 -3.212827638710E-01 -2.747904929915E-03 -6.725865065814E-01  3.533032453007E+00  3.210189756055E-02 -1.168941610197E-01  8.479226345941E-02 -1.170398813942E-01 -2.058594206764E-03  6.931990309837E-06 -1.607630065034E-05 -1.122103958468E-06  3.844431646418E-01 -6.931990424535E-06  7.092885643957E-03  5.123122604613E-20 -2.155757365156E-22  1.022900352642E-19 -7.073898302231E-03
  6.800000000000E+01  7.000000000000E+01  1.525341358895E+01  3.635557942657E-14 -4.191820543500E-02  2.344338633143E+02  3.582492150022E-01  6.258644849363E-01 -3.202305371307E-01 -2.721306729743E-03 -6.568094906171E-01  3.448242611836E+00  3.014949062239E-02 -1.118111726375E-01  8.166168201655E-02 -1.094702914128E-01 -1.473148068675E-03  8.505574277875E-06 -1.393042840967E-05  3.703503501888E-07  3.643069314196E-01 -8.505574171259E-06  4.966719371563E-03  1.373539359132E-19  1.163467835348E-20  8.838217750313E-20 -6.625624012643E-03
  7.200000000000E+01  7.400000000000E+01  1.534198284921E+01  4.016210945988E-14 -4.083852197242E-02  2.371318007236E+02  3.576106520830E-01  6.219987326688E-01 -3.191705922035E-01 -2.707231827516E-03 -6.451648278142E-01  3.365899180200E+00  2.827427798151E-02 -1.070114364990E-01  7.873715851631E-02 -1.026191290909E-01 -9.681314167897E-04  2.010445940748E-05 -1.189153693733E-05 -2.872210070836E-06  3.443520605055E-01 -2.010445943540E-05  3.480000647073E-03  1.476062741738E-19 -1.008490051194E-23  8.796237131555E-20 -6.204425691684E-03
  7.600000000000E+01  7.800000000000E+01  1.542561926799E+01  4.537194621748E-14 -4.020918349620E-02  2.396922532079E+02  3.568913681934E-01  6.177512460429E-01 -3.181494336242E-01 -2.691701502712E-03 -6.403160981250E-01  3.286594523908E+00  2.641315020214E-02 -1.025517745308E-01  7.613862432850E-02 -9.591679343855E-02 -4.630560203452E-04  8.727249480320E-06 -1.131333164063E-05 -2.915728219716E-07  3.245085527748E-01 -8.727249354672E-06  8.001523828934E-04  1.602074031734E-19  1.843524379036E-20  9.882339930250E-20 -5.788804043321E-03
  8.000000000000E+01  8.200000000000E+01  1.550423988034E+01  4.814295677969E-14 -4.043519054564E-02  2.421106363775E+02  3.561602609680E-01  6.126692802416E-01 -3.170807994101E-01 -2.684309363232E-03 -6.482934583511E-01  3.212532646697E+00  2.468485885084E-02 -9.835603000950E-02  7.367117115884E-02 -8.934148282023E-02  2.014524882555E-04 -1.257302980286E-05 -1.031711701297E-05  3.923755623967E-07  3.054352307663E-01  1.257302970419E-05 -2.138329544564E-03  1.550030775291E-19  2.867928468112E-21  6.295869189449E-20 -5.392300817531E-03
  8.400000000000E+01  8.600000000000E+01  1.557831196257E+01  5.160787812722E-14 -4.128038959884E-02  2.443994537903E+02  3.554770499678E-01  6.070912821422E-01 -3.159933725245E-01 -2.654836644103E-03 -6.659372935242E-01  3.142443719997E+00  2.316670354655E-02 -9.440995173635E-02  7.124324819049E-02 -8.332083407634E-02  4.977217334799E-04 -3.362469119915E-08 -7.654783476877E-06 -1.095100980820E-06  2.892766112282E-01  3.362475350023E-08 -3.269651699991E-03  2.235017324572E-19  5.610862843667E-21  1.145135127841E-19 -5.048243118031E-03
  8.800000000000E+01  9.000000000000E+01  1.564888661665E+01  6.026360125621E-14 -4.209420266216E-02  2.465895131743E+02  3.548842665909E-01  6.012603532980E-01 -3.149333081135E-01 -2.600375207385E-03 -6.829507616183E-01  3.075693552089E+00  2.185546576163E-02 -9.075164465172E-02  6.889617889002E-02 -7.826112385599E-02  7.091972209435E-04  5.179173602949E-06 -4.801311264911E-06  4.936583488228E-06  2.744697993385E-01 -5.179173610685E-06 -3.227666744989E-03  2.199270887642E-19  1.049908753568E-20  9.686920351629E-20 -4.739619599820E-03
  9.200000000000E+01  9.400000000000E+01  1.571557338942E+01  6.534527707709E-14 -4.288561005239E-02  2.486660999993E+02  3.544028343118E-01  5.958000931741E-01 -3.138523529578E-01 -2.516126679866E-03 -6.989648048761E-01  3.010324478674E+00  2.072911631313E-02 -8.733895539777E-02  6.660983908567E-02 -7.345381658447E-02  5.954490149445E-04 -1.013269099759E-05 -2.369620565000E-06  8.576987716618E-06  2.602618405567E-01  1.013269107250E-05 -4.625272042885E-03  2.050632424245E-19  1.682726800437E-20  1.072767972380E-19 -4.449334288389E-03
  9.600000000000E+01  9.800000000000E+01  1.577899201538E+01  6.768839684359E-14 -4.437427878972E-02  2.506485227906E+02  3.540027609621E-01  5.903829685016E-01 -3.127911783677E-01 -2.485793281627E-03 -7.254563064053E-01  2.948693459815E+00  1.962867045298E-02 -8.424566813681E-02  6.461699768284E-02 -6.889668548551E-02  1.166949156514E-03 -8.270006466130E-06  6.978470017909E-07  3.102388579794E-06  2.467517329853E-01  8.270006440562E-06 -6.677305823139E-03  1.801699263138E-19  1.370938280291E-21  9.105498704301E-20 -4.166070527917E-03
  1.000000000000E+02  1.020000000000E+02  1.583892714697E+01  7.491458191636E-14 -4.621656519591E-02  2.525290010728E+02  3.536957273152E-01  5.849950244658E-01 -3.117686744535E-01 -2.404024885299E-03 -7.575341717340E-01  2.892302412170E+00  1.850417076075E-02 -8.125903032638E-02  6.275485956553E-02 -6.462427716330E-02  1.513873003204E-03 -9.173344506234E-06  3.685871556837E-06 -8.404073365553E-07  2.320757476432E-01  9.173344571430E-06 -7.835856684389E-03  1.836698338564E-19  6.153923908327E-21  6.591530809858E-20 -3.903150212593E-03
  1.040000000000E+02  1.060000000000E+02  1.589506759867E+01  7.836902828073E-14 -4.830638085098E-02  2.542965988594E+02  3.535251745263E-01  5.796530450941E-01 -3.107605936482E-01 -2.368772364497E-03 -7.936031068929E-01  2.836134049721E+00  1.737196274471E-02 -7.832345141010E-02  6.095148866550E-02 -6.027121587697E-02  1.756109497483E-03 -4.770707599379E-07  4.833905937740E-06  3.032582377460E-06  2.190189987497E-01  4.770707222822E-07 -9.246221314701E-03  1.710909551903E-19  3.912515233936E-21  8.348864485902E-20 -3.660004523370E-03
  1.080000000000E+02  1.100000000000E+02  1.594849790467E+01  7.636726537599E-14 -5.085350080309E-02  2.559834606869E+02  3.534381504212E-01  5.739938330718E-01 -3.097448166498E-01 -2.301394854921E-03 -8.369210841160E-01  2.782190863675E+00  1.643261562887E-02 -7.576337068033E-02  5.933075505141E-02 -5.672595218368E-02  2.006237545388E-03 -6.325209632594E-06  3.699458291473E-06  4.900953381893E-06  2.072661640800E-01  6.325209686397E-06 -1.021628921377E-02  2.312168790291E-19  1.745124778979E-20  6.053407768358E-20 -3.435221792840E-03
  1.120000000000E+02  1.140000000000E+02  1.599872754326E+01  7.783739755171E-14 -5.342100252150E-02  2.575735551971E+02  3.533834136656E-01  5.686340507216E-01 -3.087789018615E-01 -2.232495213552E-03 -8.802432559845E-01  2.734939437933E+00  1.576101675957E-02 -7.360093288351E-02  5.783991612457E-02 -5.325927975624E-02  1.978076320132E-03 -9.452531034706E-06  2.564227094204E-06  1.955583870573E-06  1.959912959006E-01  9.452530984375E-06 -1.035414265131E-02  2.523212356355E-19  4.704911188731E-21  6.514953474135E-20 -3.234458345136E-03
  1.160000000000E+02  1.180000000000E+02  1.604651083933E+01  7.860239629315E-14 -5.604521977090E-02  2.590903256937E+02  3.534397017776E-01  5.639526668108E-01 -3.077894677974E-01 -2.167365150704E-03 -9.249581593676E-01  2.690202027477E+00  1.502138782377E-02 -7.151251943330E-02  5.649113160915E-02 -5.027133299067E-02  2.091794320918E-03 -4.709405671768E-06  2.237229821433E-06 -7.733892134336E-06  1.853316360600E-01  4.709405758606E-06 -1.014316873175E-02  2.132885624671E-19 -5.965889240378E-21  1.042100880986E-19 -3.037468648975E-03
  1.200000000000E+02  1.220000000000E+02  1.609143583839E+01  7.730348277011E-14 -5.851259086950E-02  2.605200779906E+02  3.536841284775E-01  5.591406823865E-01 -3.068716219508E-01 -2.058144587654E-03 -9.675008758862E-01  2.644292351780E+00  1.405587174829E-02 -6.933580500938E-02  5.527993326065E-02 -4.692346657750E-02  1.997186682199E-03 -7.458533862158E-06  1.310808761314E-06 -9.047436273462E-06  1.744396304364E-01  7.458533871510E-06 -9.460636566437E-03  2.440067735214E-19 -1.745543717888E-20  8.558306313681E-20 -2.842773993258E-03
  1.240000000000E+02  1.260000000000E+02  1.613373098463E+01  7.888033585687E-14 -6.076472127346E-02  2.618688045654E+02  3.540493268495E-01  5.537848228934E-01 -3.058434839709E-01 -1.981706874864E-03 -1.006323017398E+00  2.601275475935E+00  1.329200221976E-02 -6.741038709659E-02  5.411838487639E-02 -4.402451843048E-02  1.843348730038E-03 -8.275902763155E-06  1.085566886713E-06 -8.141060476072E-06  1.640967293421E-01  8.275902825416E-06 -9.802291743719E-03  2.298002035968E-19 -2.765326185233E-21  5.503268414926E-20 -2.666545194170E-03
  1.280000000000E+02  1.300000000000E+02  1.617346241138E+01  7.865449423138E-14 -6.341464108544E-02  2.631403596880E+02  3.544806000983E-01  5.479557353917E-01 -3.049072008029E-01 -1.908834866239E-03 -1.051251042547E+00  2.557818451308E+00  1.255275499920E-02 -6.539896207523E-02  5.284620707635E-02 -4.122493919915E-02  2.161526348019E-03 -1.180284058964E-06  2.170789742479E-06 -1.174942603585E-05  1.543505411922E-01  1.180283905702E-06 -1.060980517733E-02  2.596530942674E-19 -1.253608439042E-20  6.066037259029E-20 -2.497670077956E-03
  1.320000000000E+02  1.340000000000E+02  1.621092215110E+01  7.644492807865E-14 -6.611192857945E-02  2.643408495558E+02  3.550139364975E-01  5.421974462301E-01 -3.039286435531E-01 -1.811629235122E-03 -1.096884028190E+00  2.519477525826E+00  1.184916726005E-02 -6.345687579328E-02  5.160770853286E-02 -3.868004448294E-02  2.141144973523E-03 -4.121391827309E-06  2.465842574369E-06 -1.092145394305E-05  1.454423193006E-01  4.121391969587E-06 -1.068353241843E-02  2.240557035777E-19  3.770619330973E-21  9.023266035326E-20 -2.347897920896E-03
  1.360000000000E+02  1.380000000000E+02  1.624619086043E+01  8.293634384584E-14 -6.879521694772E-02  2.654726884261E+02  3.556683600065E-01  5.376906373868E-01 -3.029395181721E-01 -1.724283446868E-03 -1.142555699434E+00  2.482990646128E+00  1.132117789817E-02 -6.174408306653E-02  5.042290516806E-02 -3.653976434234E-02  2.055611943153E-03 -1.888761920800E-05  2.034638211032E-06 -9.667680466024E-06  1.363284862518E-01  1.888761909552E-05 -1.067314483749E-02  2.878053091237E-19 -2.071203369977E-20  4.082425074733E-20 -2.213380495966E-03
  1.400000000000E+02  1.420000000000E+02  1.627906270275E+01  9.220428225908E-14 -7.146854237198E-02  2.665287600972E+02  3.563891543367E-01  5.340799303580E-01 -3.019692131622E-01 -1.641856972778E-03 -1.187898153612E+00  2.449256770904E+00  1.077653782172E-02 -6.007691279499E-02  4.930037497391E-02 -3.435492062357E-02  1.990293988462E-03 -2.337362427065E-06  3.054094855775E-06 -4.202739633192E-06  1.276449611791E-01  2.337362688534E-06 -1.084048317339E-02  2.479049836451E-19 -2.080381854246E-20  8.550050582165E-20 -2.088059244616E-03
  1.440000000000E+02  1.460000000000E+02  1.631002211400E+01  9.461418627732E-14 -7.422630303750E-02  2.675247555781E+02  3.571115296461E-01  5.306785913063E-01 -3.009672148518E-01 -1.592005714332E-03 -1.234119935328E+00  2.417924977172E+00  1.022522582587E-02 -5.864339276343E-02  4.841816693692E-02 -3.242491174990E-02  1.958584338138E-03  4.749341505284E-06  4.526884871669E-06 -1.220397381291E-06  1.208946143652E-01 -4.749341498811E-06 -1.104758645860E-02  3.022803331239E-19 -2.099304315835E-21  7.353679292414E-20 -1.977424767804E-03
  1.480000000000E+02  1.500000000000E+02  1.633953678952E+01  9.665345780674E-14 -7.700268905469E-02  2.684762104352E+02  3.577905665238E-01  5.276840855991E-01 -2.999971957207E-01 -1.539383773458E-03 -1.280339560310E+00  2.388500735223E+00  9.841507995414E-03 -5.748106314123E-02  4.763955514630E-02 -3.089664318572E-02  2.031085513489E-03 -9.744720954066E-06  4.587609128537E-06  6.263032022518E-07  1.150416982618E-01  9.744721056069E-06 -1.116062502482E-02  2.619218522873E-19  7.611287847495E-21  6.685904349077E-20 -1.874589418612E-03
  1.520000000000E+02  1.540000000000E+02  1.636752687707E+01  9.810101891707E-14 -7.981833229284E-02  2.693787498939E+02  3.584032940335E-01  5.249879462524E-01 -2.990049345277E-01 -1.480737932519E-03 -1.327424783845E+00  2.364108185394E+00  9.398386377528E-03 -5.641155283545E-02  4.701316645809E-02 -2.917243555181E-02  2.105102850920E-03 -7.392446997415E-06  4.287489783878E-06  1.386304027612E-06  1.087799274620E-01  7.392446982107E-06 -1.121581161363E-02  2.902714587947E-19 -5.348513590799E-21  8.099142443785E-20 -1.767909796315E-03
  1.560000000000E+02  1.580000000000E+02  1.639390202158E+01  9.651619289665E-14 -8.262792040301E-02  2.702304317860E+02  3.590277655706E-01  5.221845296535E-01 -2.980883772365E-01 -1.408737804841E-03 -1.374724791382E+00  2.339360667017E+00  9.021173849366E-03 -5.534908266433E-02  4.632790881511E-02 -2.744927249430E-02  2.130853595232E-03  3.183811960964E-06  4.068604733486E-06 -5.131445853224E-07  1.035113247151E-01 -3.183811920916E-06 -1.115777734717E-02  2.449807140481E-19 -2.149223224704E-20  5.115948761788E-20 -1.677546909422E-03
  1.600000000000E+02  1.620000000000E+02  1.641926593749E+01  9.561600758841E-14 -8.540244776685E-02  2.710506689851E+02  3.597314518670E-01  5.190836970997E-01 -2.970602354008E-01 -1.330469579581E-03 -1.421661764805E+00  2.313852453181E+00  8.662356904316E-03 -5.433852579902E-02  4.567616889499E-02 -2.624159617938E-02  2.098653879359E-03  1.164620888165E-05  3.417572604387E-06  3.113796760166E-06  9.874761749628E-02 -1.164620892682E-05 -1.120704494037E-02  2.269281324500E-19  4.152753275751E-21  5.252637751250E-20 -1.602883588988E-03
  1.640000000000E+02  1.660000000000E+02  1.644326057447E+01  9.277367040104E-14 -8.820545505452E-02  2.718273251470E+02  3.604605986173E-01  5.162433621478E-01 -2.960899900011E-01 -1.234079797513E-03 -1.469483734240E+00  2.289529020230E+00  8.271158339049E-03 -5.331262670606E-02  4.504146836732E-02 -2.503107226776E-02  2.096636486484E-03  1.704699449796E-06  2.156659445294E-06  2.981648227384E-06  9.420069467881E-02 -1.704699468755E-06 -1.095608765382E-02  2.418885525705E-19 -4.115738656808E-20  4.849345718386E-20 -1.527307005512E-03
  1.680000000000E+02  1.700000000000E+02  1.646634373205E+01  8.778215885667E-14 -9.086293974124E-02  2.725748838602E+02  3.611860934858E-01  5.137431905678E-01 -2.951093408071E-01 -1.158165096720E-03 -1.515050672537E+00  2.265746562849E+00  7.926196695736E-03 -5.233335390158E-02  4.440715720659E-02 -2.382615051780E-02  2.003411912750E-03 -4.715638688267E-06  8.333673733890E-07 -7.530347205569E-06  8.927680950524E-02  4.715638629905E-06 -1.040035539067E-02  2.241314280800E-19 -1.807808174196E-20  5.309128845245E-20 -1.449546607055E-03
  1.720000000000E+02  1.740000000000E+02  1.648786255634E+01  8.637547043352E-14 -9.341842871761E-02  2.732713825977E+02  3.619489526100E-01  5.117936027858E-01 -2.941253102771E-01 -1.045283158709E-03 -1.559293117934E+00  2.245252540231E+00  7.741780830082E-03 -5.146155257657E-02  4.371977174699E-02 -2.262331520175E-02  1.864171735688E-03  1.586992997354E-06  4.351326851830E-07 -1.197511560149E-05  8.463300663225E-02 -1.586993007968E-06 -9.899417529188E-03  2.417968951845E-19 -1.946455352951E-20  6.563438039541E-20 -1.384502902290E-03
  1.760000000000E+02  1.780000000000E+02  1.650863676558E+01  8.494952889275E-14 -9.581722474166E-02  2.739449348643E+02  3.627590354091E-01  5.097595457093E-01 -2.931388824829E-01 -9.505347819754E-04 -1.601116527459E+00  2.224449367721E+00  7.408375369155E-03 -5.045331327806E-02  4.304493790873E-02 -2.162583466462E-02  1.756396528550E-03  7.280034869553E-06  4.354269189908E-07 -4.332177065411E-06  8.070556181620E-02 -7.280034927678E-06 -9.720287991891E-03  2.698555478416E-19 -1.844007623248E-21  5.103459325704E-20 -1.320271558399E-03
  1.800000000000E+02  1.820000000000E+02  1.652819932020E+01  8.024991550911E-14 -9.825841891071E-02  2.745789378046E+02  3.635763255193E-01  5.079020968307E-01 -2.921482650212E-01 -8.279974425711E-04 -1.643457303691E+00  2.204939907342E+00  7.128537521060E-03 -4.954462535591E-02  4.241608783432E-02 -2.064700244823E-02  1.711299803368E-03  2.013491967177E-06  4.411942458925E-07  3.089710138801E-06  7.740186177217E-02 -2.013491949174E-06 -8.918169570944E-03  2.272982284167E-19 -9.703755261282E-21  6.340787228667E-20 -1.266710602504E-03
  1.840000000000E+02  1.860000000000E+02  1.654731339605E+01  7.677968966631E-14 -1.002433019173E-01  2.751983240738E+02  3.643907570712E-01  5.061636604891E-01 -2.911145510721E-01 -7.233635820593E-04 -1.678108647918E+00  2.187685946312E+00  6.966085842503E-03 -4.871470528881E-02  4.174861944604E-02 -1.998141109630E-02  1.516207907201E-03  7.334288231300E-06  8.185038007732E-07  6.275317635218E-06  7.522192209685E-02 -7.334288272991E-06 -7.442441734818E-03  2.544698962149E-19 -3.953759419165E-20  5.221514594174E-20 -1.227294021271E-03
  1.880000000000E+02  1.900000000000E+02  1.656578999738E+01  7.426392197955E-14 -1.019433491138E-01  2.757991750349E+02  3.652315088500E-01  5.047919205948E-01 -2.901286623424E-01 -6.094268548482E-04 -1.707719179408E+00  2.173590699517E+00  6.990824692281E-03 -4.808588939434E-02  4.109506470181E-02 -1.928825427402E-02  1.339081343137E-03  4.465694460414E-06  1.028457731996E-06  8.320909162383E-06  7.269458005070E-02 -4.465694457517E-06 -6.595618209001E-03  2.292794410927E-19 -1.890686296645E-20  5.150454184734E-20 -1.187739113300E-03
  1.920000000000E+02  1.940000000000E+02  1.658365332617E+01  7.024150618790E-14 -1.035029281508E-01  2.763799271148E+02  3.660896112132E-01  5.035989735403E-01 -2.890405642503E-01 -5.084344223157E-04 -1.734886524194E+00  2.155124218851E+00  6.823786237883E-03 -4.727523643437E-02  4.045145019680E-02 -1.872349817154E-02  1.408998899025E-03 -1.647589216643E-06  7.635377982109E-07  3.919496736779E-06  6.986239387842E-02  1.647589207438E-06 -6.888435954062E-03  1.953201189855E-19 -2.537378525301E-20  3.749737857299E-20 -1.142256913968E-03
  1.960000000000E+02  1.980000000000E+02  1.660072725396E+01  6.655611420788E-14 -1.053699125585E-01  2.769356541438E+02  3.669283748704E-01  5.032783429750E-01 -2.880712636973E-01 -3.961204806164E-04 -1.767198344310E+00  2.141177678936E+00  6.692732770340E-03 -4.661722963965E-02  3.992449686908E-02 -1.788131783700E-02  1.452427536436E-03 -2.004071992539E-07  2.202361573567E-07 -1.908018459996E-06  6.782110535114E-02  2.004071421863E-07 -7.513805078585E-03  2.276399860333E-19 -2.438354069530E-20  6.253755965587E-20 -1.103135034568E-03
  2.000000000000E+02  2.020600000000E+02  1.661757214341E+01  6.299118720845E-14 -1.072795091709E-01  2.774838738958E+02  3.676657763594E-01  5.029152393287E-01 -2.869678385664E-01 -2.838236712628E-04 -1.800074487949E+00  2.128620793776E+00  6.169749032375E-03 -4.530175478562E-02  3.913200575280E-02 -1.752750276568E-02  1.521934563932E-03 -5.747897241859E-06 -5.436759332050E-07  4.272215645981E-06  6.480197666526E-02  5.747897191412E-06 -7.567091689412E-03  2.488647375825E-19 -3.400093391486E-20  4.613074075481E-20 -1.083786283644E-03
  2.041200000000E+02  2.062418000000E+02  1.663409282024E+01  5.846372084367E-14 -1.092842476548E-01  2.780218236613E+02  3.684109960626E-01  5.033173556848E-01 -2.858510838401E-01 -1.713692760046E-04 -1.834372861320E+00  2.119752092185E+00  5.516611899768E-03 -4.389849246883E-02  3.838188056849E-02 -1.717351181699E-02  1.549466070056E-03 -6.452411640387E-06 -8.933834544034E-07  8.441781073430E-06  6.292133142256E-02  6.452411668229E-06 -6.875899246585E-03  2.182186366554E-19 -5.558708180196E-21  3.206556984500E-20 -1.064839766870E-03
  2.083636000000E+02  2.105490540000E+02  1.665094498477E+01  5.438311939087E-14 -1.109245968607E-01  2.785708923637E+02  3.691283204755E-01  5.036790263317E-01 -2.847068589284E-01  1.796591366910E-06 -1.862524745194E+00  2.110244308844E+00  4.857436304886E-03 -4.247611909367E-02  3.761868278870E-02 -1.688168944713E-02  1.394893146071E-03  2.066528034636E-07 -1.002867449048E-06  3.453958253627E-06  6.122395094455E-02 -2.066530477034E-07 -5.267324645019E-03  2.230106316322E-19 -1.239316983197E-20  7.241697929669E-20 -1.043147281581E-03
  2.127345080000E+02  2.149855256200E+02  1.666755431957E+01  4.938324329902E-14 -1.121683993262E-01  2.791118563110E+02  3.698019006182E-01  5.042253788508E-01 -2.835082778088E-01  1.191742641365E-04 -1.884024243139E+00  2.100710826106E+00  4.275017039488E-03 -4.102798890333E-02  3.675297186369E-02 -1.646441588184E-02  1.172260802249E-03  3.361269528387E-08 -2.319231352420E-06  1.867304988165E-06  5.943167443916E-02 -3.361262006434E-08 -3.942378379856E-03  2.273898013516E-19 -1.687466151628E-20  8.582239237986E-20 -1.018910592706E-03
  2.172365432400E+02  2.195550913886E+02  1.668438303229E+01  4.394263468724E-14 -1.131595021520E-01  2.796599011275E+02  3.703885540629E-01  5.049753613833E-01 -2.822932052823E-01  3.058917794458E-04 -1.901498882395E+00  2.089547052406E+00  3.730384006508E-03 -3.955562788060E-02  3.582524387416E-02 -1.618575618310E-02  9.521322297130E-04 -5.543309188080E-06 -4.015526833763E-06  3.558483690511E-06  5.901455187079E-02  5.543309107774E-06 -3.104221296723E-03  1.957196385943E-19 -1.406627455551E-20  4.890059287489E-20 -1.010380417971E-03
  2.218736395372E+02  2.242617441303E+02  1.670173657566E+01  4.163656124161E-14 -1.139842481247E-01  2.802250116251E+02  3.708875281957E-01  5.059112834223E-01 -2.809595556980E-01  4.451479183460E-04 -1.916580800551E+00  2.081353604866E+00  3.317993727862E-03 -3.810644748050E-02  3.478845375290E-02 -1.620987681200E-02  9.142004802558E-04 -1.967129343610E-06 -4.283814618651E-06  5.307579632034E-06  5.807867751336E-02  1.967129433853E-06 -2.486604787132E-03  2.200523000498E-19 -4.423938243483E-20  4.771295558912E-20 -1.008803913596E-03
  2.266498487233E+02  2.291095964542E+02  1.671904174195E+01  4.190899435934E-14 -1.146538219803E-01  2.807874328921E+02  3.712762007853E-01  5.067832059453E-01 -2.796485669067E-01  6.152917051775E-04 -1.929266749041E+00  2.073804360252E+00  2.837219063026E-03 -3.661749588594E-02  3.378027682253E-02 -1.606795744723E-02  9.213985675871E-04  1.959330778834E-06 -3.332050295453E-06  4.759546501074E-06  5.663705589738E-02 -1.959330850552E-06 -1.816019208194E-03  2.057075176954E-19 -2.058029044081E-20  4.860982939430E-20 -9.992637221145E-04
  2.315693441850E+02  2.341028843478E+02  1.673657271417E+01  4.264769035608E-14 -1.151005064321E-01  2.813585950242E+02  3.714789206822E-01  5.078542269845E-01 -2.782048701557E-01  7.695087059019E-04 -1.938225896907E+00  2.068437777758E+00  2.257931035567E-03 -3.519507454464E-02  3.293714350915E-02 -1.594485127941E-02  8.419593673196E-04  4.760008983728E-06 -2.082774558627E-06  4.686621910352E-06  5.562890824165E-02 -4.760008947104E-06 -1.468078706778E-03  1.750444690840E-19 -2.156038757399E-20  3.165152057021E-20 -9.969014595071E-04
  2.366364245106E+02  2.392459708782E+02  1.675430392749E+01  4.345266319793E-14 -1.155840853104E-01  2.819366991493E+02  3.715020328269E-01  5.089087807835E-01 -2.768126865903E-01  9.443511776282E-04 -1.948433522351E+00  2.066284602927E+00  1.618209497716E-03 -3.369877435696E-02  3.208056485922E-02 -1.592596751654E-02  8.562445666294E-04 -6.465761765031E-08 -1.309316858301E-06  3.150296051987E-06  5.540976269559E-02  6.465764471996E-08 -9.072670524136E-04  1.931067424012E-19 -1.268797387438E-20  4.543273100108E-20 -9.973464147895E-04
  2.418555172459E+02  2.445433500046E+02  1.677274243142E+01  4.440975083335E-14 -1.156936251855E-01  2.825381265388E+02  3.714712373635E-01  5.096943639189E-01 -2.752393130344E-01  1.114379235417E-03 -1.953714002027E+00  2.061421061528E+00  9.918628634093E-04 -3.183871333062E-02  3.084685046734E-02 -1.606815147097E-02  8.367248975045E-04 -6.120572559701E-06 -7.098615983670E-07  1.255477248446E-06  5.619195635174E-02  6.120572604823E-06 -5.888593892724E-04  1.710783101677E-19 -1.873810842892E-20  4.823461554497E-20 -1.006694558654E-03
  2.472311827633E+02  2.499996505047E+02  1.679207273350E+01  4.600042142628E-14 -1.159743871044E-01  2.831714292583E+02  3.714373615671E-01  5.110938842737E-01 -2.737256721714E-01  1.289791742030E-03 -1.962875673718E+00  2.057019452687E+00  3.730903396794E-04 -3.009080638275E-02  2.971771604279E-02 -1.609083504538E-02  8.565742417702E-04  1.143166296818E-06 -2.984292112694E-07 -1.159681832250E-06  5.628805816212E-02 -1.143166309980E-06 -1.027023698979E-03  1.699984684622E-19 -2.404637271797E-20  2.321884065881E-20 -1.004618356374E-03
  2.527681182462E+02  2.556196400198E+02  1.681172607418E+01  4.807067670714E-14 -1.163910854100E-01  2.838162956516E+02  3.713846910194E-01  5.132114607524E-01 -2.720190080068E-01  1.467433405704E-03 -1.974797252521E+00  2.055037124149E+00 -2.933013277765E-04 -2.843737949024E-02  2.873068081768E-02 -1.605963368070E-02  8.247429819423E-04  2.126340655429E-06 -1.389305326776E-06 -7.256578966665E-06  5.593685606303E-02 -2.126340580744E-06 -9.101970015784E-04  1.664533813342E-19 -3.741313441213E-20  4.392925734063E-20 -1.006996494750E-03
  2.584711617935E+02  2.614082292204E+02  1.683198207870E+01  4.938429750493E-14 -1.166180800725E-01  2.844809637357E+02  3.714040050692E-01  5.159795597256E-01 -2.703832805906E-01  1.651178324466E-03 -1.983497579789E+00  2.054068194266E+00 -9.560422085479E-04 -2.670592554062E-02  2.766196774868E-02 -1.616514432253E-02  6.825995637369E-04 -7.455780997705E-06 -3.284942188374E-06 -9.421873337440E-06  5.594763863819E-02  7.455780978726E-06 -3.904398374710E-04  1.604221936781E-19 -2.084955762783E-20  2.881119607266E-20 -1.010167341582E-03
  2.643452966473E+02  2.673704760971E+02  1.685282193336E+01  4.916628309632E-14 -1.166823993685E-01  2.851667953790E+02  3.715100993601E-01  5.189802930452E-01 -2.685011079926E-01  1.843049330197E-03 -1.989894805784E+00  2.053078484456E+00 -1.448039394047E-03 -2.504512753968E-02  2.649316693312E-02 -1.614131011710E-02  5.532104382880E-04 -4.732338496229E-06 -4.669711916786E-06 -3.163615163691E-06  5.539588058357E-02  4.732338510139E-06 -2.376482540719E-04  1.705322387536E-19 -2.876161324251E-20  4.384180107103E-20 -1.005764070803E-03
  2.703956555468E+02  2.735115903800E+02  1.687387007566E+01  4.736787878890E-14 -1.168007833543E-01  2.858603771928E+02  3.716461522930E-01  5.217994633509E-01 -2.667317300825E-01  1.981387823270E-03 -1.997463884837E+00  2.055261572965E+00 -2.064451483229E-03 -2.325312567386E-02  2.531757715683E-02 -1.612050770347E-02  5.226761914167E-04  1.001216046904E-07 -5.359209996377E-06  3.503227440799E-07  5.535507626682E-02 -1.001216272596E-07  8.538628387055E-04  1.821637099908E-19 -2.190135114740E-20  2.768788786323E-20 -1.014624126339E-03
  2.766275252132E+02  2.798369380914E+02  1.689591768897E+01  4.514206087929E-14 -1.160199491279E-01  2.865892814218E+02  3.717732746171E-01  5.236223774169E-01 -2.647954236786E-01  2.145704098834E-03 -1.990129596051E+00  2.059069306525E+00 -2.707781345935E-03 -2.133094824094E-02  2.403872958636E-02 -1.634674819256E-02  1.394679588042E-04  1.184605943798E-06 -4.532426592052E-06 -1.680280615711E-06  5.579853911876E-02 -1.184605972840E-06  1.561071902591E-03  1.746348309245E-19 -4.463206956789E-20  3.111882515848E-20 -1.029377044192E-03
  2.830463509696E+02  2.863520462341E+02  1.691861228828E+01  4.318467415262E-14 -1.155439328222E-01  2.873419575052E+02  3.718569476182E-01  5.259416053031E-01 -2.628622547748E-01  2.246191617158E-03 -1.986616908737E+00  2.063764831707E+00 -3.370893400521E-03 -1.947715218226E-02  2.284804558282E-02 -1.661790326076E-02  2.172028357542E-04  2.910650522435E-06 -2.708612176485E-06 -2.291710091731E-06  5.546405459488E-02 -2.910650521023E-06  8.924523784330E-04  1.647886482808E-19 -1.053445984359E-20  1.919818665645E-20 -1.039969207017E-03
  2.896577414987E+02  2.930626076211E+02  1.694173757524E+01  4.089702383171E-14 -1.152664012392E-01  2.881090634644E+02  3.717710330275E-01  5.281924115090E-01 -2.607838843977E-01  2.375475119682E-03 -1.986704638216E+00  2.070145859590E+00 -3.994657939946E-03 -1.762102435625E-02  2.161568229618E-02 -1.665792828838E-02  1.679745484394E-04  3.824141284382E-06 -1.742737948113E-06 -5.880008860149E-06  5.546910032710E-02 -3.824141332910E-06  8.796965866331E-04  1.594594361031E-19 -3.887512444011E-20  2.186828094754E-20 -1.048534166420E-03
  2.964674737436E+02  2.999744858498E+02  1.696583123212E+01  3.932374405847E-14 -1.147897252445E-01  2.889095951319E+02  3.715044054415E-01  5.306062285634E-01 -2.586531706082E-01  2.398921469315E-03 -1.983520805523E+00  2.079564842934E+00 -4.670433502977E-03 -1.578938635409E-02  2.045981985721E-02 -1.694054755259E-02  8.603024986414E-05  4.513080760194E-06 -1.669601288755E-06 -6.809435159883E-06  5.563550183099E-02 -4.513080799861E-06  1.450163089453E-03  1.600222707878E-19 -3.607285167036E-20  3.165803464580E-20 -1.065723807400E-03
  3.034814979559E+02  3.070937204253E+02  1.699052725538E+01  3.917190660382E-14 -1.140178166488E-01  2.897331475651E+02  3.710785488362E-01  5.340399432206E-01 -2.564776287389E-01  2.476605375578E-03 -1.973896141806E+00  2.089877463380E+00 -5.310321490178E-03 -1.395231553623E-02  1.926263702688E-02 -1.713447066842E-02  6.972551172444E-05  2.136770079822E-06 -1.999310752333E-06 -9.055247008156E-06  5.669748229458E-02 -2.136770109757E-06  1.788950056119E-03  1.432684101328E-19 -2.179269141927E-20  3.079001199813E-20 -1.085221365953E-03
  3.107059428946E+02  3.144265320380E+02  1.701702850784E+01  3.925974974804E-14 -1.132079002138E-01  2.906175058731E+02  3.705803677131E-01  5.371553691913E-01 -2.541178954234E-01  2.546829083772E-03 -1.963765018575E+00  2.098662330853E+00 -5.967510337688E-03 -1.194082373518E-02  1.790833407276E-02 -1.766722515084E-02 -9.675738648100E-05 -3.791574107461E-06 -2.074086402997E-06 -1.133755091026E-05  5.666442708738E-02  3.791574096904E-06  2.309507604093E-03  1.518575034882E-19 -3.702014158631E-20  1.541818387939E-20 -1.103793505440E-03
  3.181471211814E+02  3.219793279992E+02  1.704321784928E+01  3.839537766140E-14 -1.118931292248E-01  2.914916757551E+02  3.700524508616E-01  5.388945326685E-01 -2.517326419922E-01  2.614350267156E-03 -1.944664691355E+00  2.107637731109E+00 -6.602290934980E-03 -9.928769585565E-03  1.653106052091E-02 -1.766814636891E-02 -1.718530369887E-04 -5.851481381986E-06 -7.654502126143E-07 -1.235418384802E-05  5.684274063099E-02  5.851481321491E-06  2.941951311843E-03  1.715700950466E-19 -2.960649385534E-20  4.151215307126E-20 -1.119069097596E-03
  3.258115348169E+02  3.297587078391E+02  1.707148935631E+01  3.571593209263E-14 -1.104178436894E-01  2.924390952842E+02  3.694386607364E-01  5.394107263118E-01 -2.491339455930E-01  2.643315827128E-03 -1.923096804354E+00  2.121507226532E+00 -7.388130110613E-03 -7.898343630493E-03  1.528647374085E-02 -1.819061850786E-02 -3.633768398739E-04 -5.179052410064E-06  5.102774493972E-07 -1.956066989388E-05  5.753317603085E-02  5.179052409096E-06  4.557770538317E-03  1.565157957380E-19 -4.877621398484E-20  1.393648173836E-20 -1.141083168915E-03
  3.337058808614E+02  3.377714690743E+02  1.710001207705E+01  3.281186426440E-14 -1.074372591656E-01  2.933979474401E+02  3.685449554586E-01  5.397039322856E-01 -2.466190752202E-01  2.699258826144E-03 -1.876370604747E+00  2.138876479315E+00 -8.041763372687E-03 -5.857242492916E-03  1.389900586551E-02 -1.832974710065E-02 -7.466574287452E-04 -4.710050405108E-07  1.039235137312E-06 -2.208516514696E-05  5.664416742275E-02  4.710050103606E-07  6.647925385649E-03  1.501832781846E-19 -3.795632145219E-20  2.840883795596E-20 -1.148812607081E-03
  3.418370572872E+02  3.460246131465E+02  1.712908313367E+01  3.247238430116E-14 -1.036798755966E-01  2.943776402525E+02  3.672331523330E-01  5.407888269640E-01 -2.439026890956E-01  2.777804599321E-03 -1.816229127300E+00  2.157030659011E+00 -8.625595204374E-03 -4.027679567644E-03  1.265327477208E-02 -1.838404151929E-02 -1.101059289142E-03  2.543778306506E-07  1.962015519101E-06 -2.005022151141E-05  5.783308433471E-02 -2.543778337610E-07  8.424293393138E-03  1.207180183658E-19 -3.244336574665E-20  1.579864094188E-20 -1.170568630733E-03
  3.502121690058E+02  3.545253515409E+02  1.716055645228E+01  3.367578799730E-14 -9.861309310353E-02  2.954402346021E+02  3.656203307502E-01  5.389498758433E-01 -2.411943362842E-01  2.738167262806E-03 -1.734688888082E+00  2.179753360029E+00 -9.183917718792E-03 -2.060913131965E-03  1.124483085084E-02 -1.915091698470E-02 -1.545512426906E-03 -1.441203865310E-07  2.963973249804E-06 -1.662438926384E-05  5.874686087752E-02  1.441203800795E-07  1.043039492902E-02  1.286086777897E-19 -3.222880596383E-20  1.756924110754E-20 -1.201579604954E-03
  3.588385340760E+02  3.632811120872E+02  1.719241409549E+01  3.444440002318E-14 -9.242925617583E-02  2.965168139561E+02  3.638929376582E-01  5.367610547262E-01 -2.383738011614E-01  2.912301725031E-03 -1.634221731794E+00  2.204770878524E+00 -9.909220363780E-03 -6.757411565285E-06  9.915977775778E-03 -1.922181544843E-02 -2.051917629071E-03  3.427285569128E-07  3.652216928539E-06 -1.155275562532E-05  5.841843106768E-02 -3.427285897545E-07  1.191445190401E-02  1.397620212950E-19 -2.858894110077E-20 -2.257012262994E-21 -1.212488072037E-03
  3.677236900983E+02  3.722995454498E+02  1.722544525594E+01  3.516319599499E-14 -8.536806215854E-02  2.976330691507E+02  3.621740137472E-01  5.325919699543E-01 -2.354158580414E-01  2.845891526060E-03 -1.517993642228E+00  2.228417835744E+00 -1.070505488675E-02  2.078138499325E-03  8.626916387297E-03 -1.964378806512E-02 -2.209051715070E-03  2.369343280230E-07  3.850930399434E-06 -4.731949960585E-06  5.945856053412E-02 -2.369343190783E-07  1.181946703994E-02  9.227580813376E-20 -3.663318404561E-20 -1.548692349093E-20 -1.246217656414E-03
  3.768754008012E+02  3.815885318133E+02  1.726043621671E+01  3.582399683612E-14 -7.888959539927E-02  2.988212089870E+02  3.605002624579E-01  5.306677919736E-01 -2.323399306166E-01  3.079073633590E-03 -1.412491449705E+00  2.254382421112E+00 -1.122543990119E-02  3.913941619951E-03  7.311498281095E-03 -2.028699592069E-02 -2.075683488999E-03  5.509072624769E-07  2.878401613568E-06 -3.503035685986E-06  6.106165076773E-02 -5.509072616947E-07  1.225279648770E-02  1.073159712046E-19 -1.330112921444E-20  8.045153632652E-21 -1.291923537720E-03
  3.863016628253E+02  3.911561877677E+02  1.729738193408E+01  3.425551538030E-14 -7.091527157537E-02  3.000755206007E+02  3.585617880706E-01  5.267841997986E-01 -2.292373769338E-01  2.954658481374E-03 -1.277762583947E+00  2.289953446766E+00 -1.181702409797E-02  6.000249907273E-03  5.816774191135E-03 -2.118933288393E-02 -2.331937841810E-03  2.154487306042E-06  8.898247090756E-07 -4.091951072963E-06  6.294482682120E-02 -2.154487334418E-06  1.467080801776E-02  1.066166136327E-19 -4.861152483558E-20 -2.056956303038E-20 -1.352911526208E-03
  3.960107127100E+02  4.010108734007E+02  1.733684042711E+01  3.241493748765E-14 -6.104681375782E-02  3.014198140128E+02  3.563412556683E-01  5.218391230619E-01 -2.259458344651E-01  3.236831994636E-03 -1.110513709460E+00  2.325451678238E+00 -1.256378274362E-02  8.143855399286E-03  4.419927344274E-03 -2.195320639358E-02 -2.974922811223E-03 -2.217499423338E-07 -1.975849815636E-06 -7.626046622893E-06  6.278654797519E-02  2.217499038220E-07  1.456582092838E-02  1.132049306558E-19 -3.158801942749E-20 -2.919386420829E-21 -1.364325205024E-03
  4.060110340913E+02  4.111611996027E+02  1.737585534949E+01  3.492388163962E-14 -5.266562694927E-02  3.027523908469E+02  3.542157349043E-01  5.147372223568E-01 -2.227147257827E-01  3.023824106079E-03 -9.675187955925E-01  2.363561898230E+00 -1.296940183957E-02  1.014519935545E-02  2.824202483818E-03 -2.177544516626E-02 -2.680045886979E-03  2.012271248322E-06 -4.403366347611E-06 -1.380539905088E-05  6.159071469202E-02 -2.012271200524E-06  1.664161181942E-02  8.875347083345E-20 -3.847676941339E-20  7.180744359510E-21 -1.383287772365E-03
  4.163113651141E+02  4.216160355908E+02  1.741609291747E+01  3.932494390887E-14 -3.962332651484E-02  3.041306635567E+02  3.517247479682E-01  5.083195575720E-01 -2.191946156817E-01  3.244016786801E-03 -7.435528402204E-01  2.407697017286E+00 -1.359086026191E-02  1.191339863115E-02  1.677461630600E-03 -2.249060315900E-02 -4.135146064653E-03  5.304479622014E-06 -4.164559433730E-06 -1.572401557707E-05  6.193592216447E-02 -5.304479603471E-06  1.883984460816E-02  8.400511410658E-20 -2.488353965257E-20 -2.156033078717E-20 -1.424969687957E-03
  4.269207060675E+02  4.323845166585E+02  1.745798296044E+01  4.217624296685E-14 -2.768030464081E-02  3.055671284600E+02  3.488735611146E-01  5.029953027552E-01 -2.158254355198E-01  2.918739783751E-03 -5.381394047191E-01  2.452430645826E+00 -1.433881454190E-02  1.392513277690E-02  4.136817645282E-04 -2.333755175824E-02 -3.806645044077E-03  1.261548317512E-05 -1.879202927365E-06 -1.531172502828E-05  6.483305669239E-02 -1.261548313474E-05  1.776352310327E-02  8.523780142302E-20 -2.991126460420E-20 -1.251399487080E-20 -1.502435954609E-03
  4.378483272495E+02  4.434760521583E+02  1.750467756645E+01  4.519146414144E-14 -1.535462534134E-02  3.071762842458E+02  3.459699211963E-01  4.982330056797E-01 -2.120483704419E-01  2.998546721345E-03 -3.264300247074E-01  2.496586656494E+00 -1.501079239582E-02  1.595221370521E-02 -9.414213092662E-04 -2.463510897359E-02 -4.060250059123E-03  1.433786765433E-05 -7.653113540453E-07 -1.171741095036E-05  6.676263907833E-02 -1.433786768069E-05  1.591014132600E-02  5.691006125329E-20 -1.362040898924E-20 -2.889361053960E-20 -1.551844196495E-03
  4.491037770670E+02  4.549003337230E+02  1.755193852692E+01  4.917581995547E-14 -5.322505568323E-03  3.088109159736E+02  3.431326083032E-01  4.924007989852E-01 -2.083289789014E-01  2.903696725860E-03 -1.494420152714E-01  2.537055532473E+00 -1.552616038576E-02  1.767966320802E-02 -2.153502822172E-03 -2.488599144926E-02 -3.236537748840E-03  5.436430308211E-06 -1.879728861667E-06 -7.143818373100E-06  6.708293921111E-02 -5.436430249037E-06  1.439265590961E-02  6.852944703720E-20 -3.258383335961E-20 -4.920588749367E-20 -1.573987677769E-03
  4.606968903790E+02  4.666673437347E+02  1.760189420836E+01  5.075666117150E-14  5.478069065930E-03  3.105459431718E+02  3.401290012908E-01  4.873867635213E-01 -2.043731785502E-01  2.857486196393E-03  4.115035321420E-02  2.579883431973E+00 -1.576232766456E-02  1.922725652869E-02 -3.464928863941E-03 -2.562007722704E-02 -3.332731623463E-03  5.730637650297E-07 -3.277994932829E-06 -4.431691770119E-06  6.845136809627E-02 -5.730637531661E-07  1.370263856043E-02  6.089638766854E-20 -3.834033380261E-20 -2.027838868167E-20 -1.619640788097E-03
  4.726377970904E+02  4.787873640468E+02  1.765410077972E+01  4.761631786203E-14  1.510310133267E-02  3.123662774253E+02  3.367279479986E-01  4.840757952800E-01 -2.002556902186E-01  2.913542181167E-03  2.140350516316E-01  2.633463575588E+00 -1.588556926642E-02  2.115641488868E-02 -5.270845622807E-03 -2.643603348854E-02 -2.450194863362E-03  9.011021293982E-08 -3.494437941105E-06 -1.657867185148E-06  6.954074246518E-02 -9.011022661647E-08  1.242556995466E-02  3.806423738620E-20 -2.849676125620E-20 -5.235847077951E-20 -1.683772830508E-03
  4.849369310031E+02  4.912709849682E+02  1.770881089008E+01  3.971230101129E-14  2.454501928846E-02  3.142858199717E+02  3.328259991744E-01  4.812243052119E-01 -1.961732545422E-01  2.874468094581E-03  3.835707233724E-01  2.702146500482E+00 -1.640511406304E-02  2.315942201625E-02 -6.754307953127E-03 -2.731196622942E-02 -2.355298174859E-03 -2.120737401147E-06 -3.091811918063E-06 -1.414010637225E-06  7.131672828821E-02  2.120737348629E-06  1.006578839325E-02  4.867477788310E-20 -2.045753842221E-20 -2.935178003697E-20 -1.745831394732E-03
  4.976050389332E+02  5.041291145172E+02  1.776705018630E+01  2.644605310205E-14  3.103281029025E-02  3.163391457474E+02  3.286704897223E-01  4.773193543461E-01 -1.915501615345E-01  2.690153361201E-03  4.997236055874E-01  2.767940968932E+00 -1.679612771543E-02  2.474497897634E-02 -7.948851260733E-03 -2.853737783429E-02 -1.729875258246E-03 -6.946546153000E-06 -3.094795396947E-06  3.628807946561E-06  7.202412135237E-02  6.946546122948E-06  8.054213057847E-03  4.148751722873E-20 -3.259594223914E-20 -1.534811176083E-20 -1.788485372761E-03
  5.106531901012E+02  5.173729879527E+02  1.782629858935E+01  1.614476188734E-14  3.770838208510E-02  3.184357447097E+02  3.239705307230E-01  4.724491386109E-01 -1.871066659942E-01  2.891484876183E-03  6.230763479941E-01  2.826171510650E+00 -1.697793363656E-02  2.586092061937E-02 -8.882986982335E-03 -2.861237780575E-02 -1.771235486479E-03 -7.887459406824E-06 -1.776392242684E-06  6.101619580433E-06  7.263879808749E-02  7.887459357455E-06  7.267289315002E-03  4.090356585686E-20 -2.888755763176E-20 -6.030647419068E-20 -1.810645988967E-03
  5.240927858042E+02  5.310141775913E+02  1.788908228850E+01  1.280632255333E-14  4.325604292814E-02  3.206660637526E+02  3.186322352328E-01  4.618779168966E-01 -1.818264657006E-01  3.051056848200E-03  7.278911154111E-01  2.889461470958E+00 -1.715458716033E-02  2.712303744504E-02 -9.968450284533E-03 -2.959463623827E-02 -1.476686791237E-03 -1.510531451398E-06 -3.415153341324E-07  1.184497605960E-05  7.431468346609E-02  1.510531430866E-06  6.545120116845E-03  5.197892300367E-20 -6.885911530775E-21 -3.736169121397E-20 -1.879196257966E-03
  5.379355693784E+02  5.450646029190E+02  1.795487862445E+01  1.012687315371E-14  4.902913781982E-02  3.230194027632E+02  3.123616270611E-01  4.518468438490E-01 -1.767189082953E-01  3.241756844384E-03  8.368091833535E-01  2.963389162201E+00 -1.746997013085E-02  2.878015023981E-02 -1.131018010886E-02 -3.074783337786E-02 -1.345268322225E-03  1.376652752849E-06  1.168396351229E-06  1.205139330606E-05  7.536222577951E-02 -1.376652774687E-06  3.274636585887E-03  6.233017375135E-20 -1.966968203547E-20 -3.509042389875E-20 -1.952993608167E-03
  5.521936364597E+02  5.595365410066E+02  1.802338464333E+01  5.173063800240E-15  4.910834597518E-02  3.254759875324E+02  3.051727187767E-01  4.410867410553E-01 -1.709856380374E-01  3.812372573676E-03  8.452089891757E-01  3.032480569295E+00 -1.767051105747E-02  3.052274730031E-02 -1.285223624307E-02 -3.173152365312E-02  2.321926041552E-04 -1.791939177828E-06  2.767040353662E-06  4.512345487825E-06  7.592419160113E-02  1.791939172225E-06  1.185659529874E-03  4.020874533875E-20 -2.213622887053E-20 -3.115547669030E-20 -2.008272392308E-03
  5.668794455535E+02  5.743794455535E+02  1.809424619592E+01 -1.668370303021E-18  5.122832298884E-02  3.280277472158E+02  2.975571772294E-01  4.241439809939E-01 -1.650891752461E-01  4.001264116050E-03  8.874562374398E-01  3.077515018671E+00 -1.745901107724E-02  3.126055855234E-02 -1.380154747463E-02 -3.243844870147E-02 -6.498455143314E-04 -9.723335130167E-07  2.104059221880E-06  1.220581806570E-06  7.720325909295E-02  9.723334731933E-07  3.079579684990E-03  3.211843632198E-20 -1.984316737894E-20 -4.236409769217E-20 -2.058285804236E-03
  5.818794455535E+02  5.893794455535E+02  1.816811970300E+01 -2.857307561851E-15  5.486659174255E-02  3.306986418107E+02  2.896360298304E-01  4.079543845679E-01 -1.592123267775E-01  4.558560266526E-03  9.574586569732E-01  3.041593472250E+00 -1.719963471467E-02  3.075296040040E-02 -1.355332568590E-02 -3.272918656288E-02 -8.966390645532E-04  2.043308189485E-06  2.275458449412E-06 -2.266740107900E-06  7.671128851155E-02 -2.043308197410E-06  1.261514365782E-03  2.141794170907E-20 -1.955241776738E-20 -5.840857887980E-20 -2.012902052135E-03
  5.968794455535E+02  6.043794455535E+02  1.823806969223E+01 -3.657519310566E-15  5.356835246058E-02  3.332342723290E+02  2.816651842949E-01  3.922518182794E-01 -1.532313199675E-01  4.843913002741E-03  9.391127398339E-01  2.988154647265E+00 -1.711939640330E-02  2.979936920133E-02 -1.267997279831E-02 -3.102798176305E-02  2.896236373216E-04  4.966624474797E-07  3.355004199077E-06 -2.663456281681E-06  7.254988129331E-02 -4.966624683562E-07 -9.652822075949E-04  9.426747957495E-21 -2.818508358933E-21 -1.207982214187E-20 -1.859906594175E-03
  6.118794455535E+02  6.193794455535E+02  1.830416965651E+01 -5.794783417580E-15  5.307387130491E-02  3.356317241895E+02  2.738478091747E-01  3.773132381149E-01 -1.472603772311E-01  5.547052919636E-03  9.353168520133E-01  2.949190735802E+00 -1.713898652179E-02  2.914942050321E-02 -1.201043398189E-02 -2.879427694813E-02  1.477676205491E-04 -2.834346839967E-06  4.200455465749E-06  2.455488424795E-06  6.905704727386E-02  2.834346851751E-06 -1.794569728363E-03  3.978607200342E-20  2.364215243499E-21 -2.551676116709E-20 -1.752750672558E-03
  6.268794455535E+02  6.343794455535E+02  1.836758283382E+01 -7.639582904363E-15  5.022683565479E-02  3.379346661502E+02  2.655551500048E-01  3.631101137979E-01 -1.410234976695E-01  5.799023395955E-03  8.904352441852E-01  2.900463558180E+00 -1.657359447546E-02  2.841050460026E-02 -1.183691012503E-02 -2.730956848885E-02  8.365154106625E-04 -1.638572376249E-06  4.159261076361E-06  6.054813727780E-06  6.585234061800E-02  1.638572383730E-06 -7.360257660744E-04  1.345493739972E-20 -3.628269741076E-21 -3.117913776300E-20 -1.656357947961E-03
  6.418794455535E+02  6.493794455535E+02  1.842766244870E+01 -6.708538094249E-15  5.170422649824E-02  3.401238930702E+02  2.567987783889E-01  3.484820023971E-01 -1.350901193060E-01  6.448363115545E-03  9.258814101882E-01  2.850673385361E+00 -1.618377183705E-02  2.789167899542E-02 -1.170790715832E-02 -2.575266532414E-02 -2.329915883717E-04 -4.257078017620E-06  2.696367698642E-06  6.162068492755E-06  6.298376917768E-02  4.257078036373E-06 -1.850819990915E-03  2.185546328449E-20 -7.619851684672E-21 -3.858778596103E-20 -1.570349013431E-03
  6.568794455535E+02  6.643794455535E+02  1.848562930389E+01 -6.578059797353E-15  4.679143107257E-02  3.422422026610E+02  2.475897577050E-01  3.337372975444E-01 -1.287808198376E-01  6.629984998437E-03  8.413277916285E-01  2.797364338441E+00 -1.607609288322E-02  2.738742605226E-02 -1.131133316880E-02 -2.436170887329E-02  1.384711136923E-03  8.061561226199E-07  2.130382490082E-06  3.790824029727E-06  6.135982036445E-02 -8.061561387364E-07 -6.279467866230E-03  2.193404179740E-20 -5.376566738061E-21 -3.031385788646E-20 -1.491923667170E-03
  6.718794455535E+02  6.793794455535E+02  1.854265536000E+01 -8.641235188338E-15  3.996604281337E-02  3.443337941460E+02  2.385875189841E-01  3.197637696804E-01 -1.231960975554E-01  6.845720315482E-03  7.193594178287E-01  2.752153343743E+00 -1.569894488998E-02  2.649911315060E-02 -1.080016826037E-02 -2.359846387403E-02  1.761133948798E-03  8.480445273775E-06  3.778634679129E-06 -4.625283081829E-07  5.879987652836E-02 -8.480445274892E-06 -7.777465041159E-03  2.723405072583E-20  6.907582366535E-22 -3.395878881465E-20 -1.430098871919E-03
  6.868794455535E+02  6.943794455535E+02  1.859590270157E+01 -9.144764011431E-15  3.217673602873E-02  3.462910165344E+02  2.298110921047E-01  3.061408512734E-01 -1.169989634597E-01  6.832045208339E-03  5.794642051566E-01  2.695234476676E+00 -1.517455950783E-02  2.547908013182E-02 -1.030452062375E-02 -2.187364235233E-02  2.028848364251E-03  5.421369690164E-06  4.955156841333E-06 -2.397928555423E-06  5.421294113240E-02 -5.421369688480E-06 -7.253099763413E-03  2.453578110588E-20 -4.529484233921E-21 -3.321672318671E-20 -1.308140433554E-03
  7.018794455535E+02  7.093794455535E+02  1.864433589452E+01 -6.061644820347E-15  2.628666290327E-02  3.480764123017E+02  2.206616502045E-01  2.930759462252E-01 -1.113281389398E-01  6.752185697085E-03  4.722196400298E-01  2.636457085949E+00 -1.438348270388E-02  2.443589461947E-02 -1.005241191590E-02 -2.008671524520E-02  1.832956476170E-03  4.533536893151E-07  4.640793499236E-06 -1.357548142965E-06  5.078426414781E-02 -4.533536438420E-07 -7.071949861633E-03  1.383674056094E-20 -2.458706017634E-21 -3.857844108856E-20 -1.216705443520E-03
  7.168794455535E+02  7.243794455535E+02  1.869113807393E+01 -4.478061729300E-15  1.888624871468E-02  3.498089771185E+02  2.113436293931E-01  2.809396950598E-01 -1.052213092961E-01  6.654648944176E-03  3.365385771514E-01  2.599350314770E+00 -1.420052397036E-02  2.389234145151E-02 -9.691817481031E-03 -1.897967354153E-02  1.947235369062E-03  3.021755191459E-06  3.932805710624E-06  2.612785479716E-06  4.929963224717E-02 -3.021755198002E-06 -8.102085972164E-03  1.358810202458E-20 -9.792406810776E-22 -1.944282503231E-20 -1.164761125428E-03
  7.318794455535E+02  7.393794455535E+02  1.873680945285E+01 -4.606775175451E-15  1.112665541560E-02  3.515017818022E+02  2.022081609351E-01  2.675832596938E-01 -9.947258004736E-02  6.648446244912E-03  1.921248479970E-01  2.558851821482E+00 -1.382491578456E-02  2.339776679155E-02 -9.572851007373E-03 -1.839578839314E-02  2.245010923368E-03  2.547178097250E-06  2.217640415338E-06  1.023347365639E-05  4.918231430140E-02 -2.547178095613E-06 -6.781565610713E-03  1.228015629886E-20 -1.444277106430E-20 -2.467380528770E-20 -1.145916171293E-03
  7.468794455535E+02  7.543794455535E+02  1.878335956437E+01 -4.983707168014E-15  6.220419477153E-03  3.532325194822E+02  1.936117896585E-01  2.526744801234E-01 -9.357845109675E-02  6.270304154257E-03  1.019457202354E-01  2.495747415683E+00 -1.279037825464E-02  2.183602670445E-02 -9.045648449908E-03 -1.804961151598E-02  1.518132356117E-03  1.987001417877E-06  1.383039563849E-06  1.466598003240E-05  4.850713258229E-02 -1.987001431698E-06 -6.729979633478E-03  2.574410288522E-20  2.229750398307E-21 -2.575575286478E-20 -1.095410214498E-03
  7.618794455535E+02  7.693794455535E+02  1.882772958123E+01 -6.331618895271E-15 -1.446642966543E-03  3.548828927221E+02  1.852996245811E-01  2.383015368706E-01 -8.793203919335E-02  6.242074834849E-03 -4.081875252924E-02  2.435540980262E+00 -1.223587535473E-02  2.090570059180E-02 -8.669825236964E-03 -1.694634523435E-02  2.205533108021E-03  1.771746933881E-06  1.050983919338E-06  1.163697751901E-05  4.608008510984E-02 -1.771746917536E-06 -4.864512013875E-03  1.671742472955E-20 -2.376219229426E-21 -1.328839177798E-20 -1.031847248462E-03
  7.768794455535E+02  7.843794455535E+02  1.886973994267E+01 -7.033375184345E-15 -2.886570211084E-03  3.564475516689E+02  1.769502765473E-01  2.261220476635E-01 -8.207596084187E-02  5.751382711887E-03 -6.688898075937E-02  2.375705159489E+00 -1.181088259675E-02  2.007066592256E-02 -8.259783325592E-03 -1.597192828501E-02  8.193662706588E-04  1.250925087296E-06 -2.679863157879E-08  6.051983186863E-06  4.311865153187E-02 -1.250925083433E-06 -5.927551060734E-03  9.104814488821E-21  3.994524408093E-21 -2.353833285217E-20 -9.548462228651E-04
  7.918794455535E+02  7.993794455535E+02  1.890857900572E+01 -8.257271168904E-15 -1.258342324195E-02  3.578972994494E+02  1.684736110449E-01  2.156739681204E-01 -7.664988483443E-02  5.646571996960E-03 -2.499131207133E-01  2.310478104689E+00 -1.151000045085E-02  1.897434011689E-02 -7.464339666169E-03 -1.448601793767E-02  2.086186118774E-03  3.435316567772E-07 -1.746554266744E-06 -7.258971803896E-08  3.899775396669E-02 -3.435316976453E-07 -7.941200772051E-03  2.692422777426E-20 -8.801435311370E-21 -1.967035871455E-20 -8.444527866744E-04
  8.068794455535E+02  8.143794455535E+02  1.894286394746E+01 -9.736857732127E-15 -1.779870483936E-02  3.591797455968E+02  1.597612307454E-01  2.062174786094E-01 -7.089168015658E-02  5.049236308624E-03 -3.505889598068E-01  2.254795657168E+00 -1.141460745572E-02  1.816221666466E-02 -6.747609208951E-03 -1.264109085797E-02  1.804616437427E-03 -2.059465821439E-06 -3.164564819101E-06 -4.161747738121E-06  3.404088255931E-02  2.059465824649E-06 -8.554253940262E-03  2.153459263495E-20 -4.821352426671E-21 -1.931312308832E-20 -7.395626912573E-04
  8.218794455535E+02  8.293794455535E+02  1.897239739641E+01 -8.913283884119E-15 -2.863188178365E-02  3.602820670166E+02  1.508098884294E-01  2.019388969474E-01 -6.546591993136E-02  4.788928156015E-03 -5.563649571817E-01  2.216973951783E+00 -1.093016848034E-02  1.773563775589E-02 -6.805469275595E-03 -1.136790943529E-02  2.613342141282E-03 -1.052209411794E-06 -2.699832471572E-06 -1.442284236577E-06  3.235326265436E-02  1.052209409817E-06 -8.651139215959E-03  2.755507271925E-20 -7.397726307131E-21 -8.769198462197E-21 -7.256261541912E-04
  8.368794455535E+02  8.443794455535E+02  1.900353746478E+01 -9.405364869453E-15 -3.401226314176E-02  3.614445318217E+02  1.418573612210E-01  1.965339640090E-01 -5.985096813133E-02  4.307081448120E-03 -6.609602516020E-01  2.169436686151E+00 -1.063367615596E-02  1.736148867257E-02 -6.727812516511E-03 -1.143620221562E-02  1.444476334678E-03 -8.148035886533E-07 -1.603343722542E-06 -8.966254359840E-07  2.831090726020E-02  8.148035937687E-07 -6.897487837733E-03  3.012724942575E-20 -8.184415357364E-21 -1.060678244051E-20 -6.408747469658E-04
  8.518794455535E+02  8.593794455535E+02  1.902550418411E+01 -1.287143171271E-14 -4.155720287743E-02  3.622627796516E+02  1.331119478687E-01  1.928689713778E-01 -5.440283275825E-02  3.803291043039E-03 -8.066509894527E-01  2.121220632600E+00 -1.059083166015E-02  1.674387766271E-02 -6.153046002310E-03 -8.922191318096E-03  1.543264364411E-03 -1.638997461491E-06 -1.745618583188E-06 -7.146734745858E-06  2.214939867533E-02  1.638997451469E-06 -7.876631542880E-03  2.724624331241E-20 -7.514651471676E-21 -2.374399003832E-20 -5.054302645455E-04
  8.668794455535E+02  8.743794455535E+02  1.904508473380E+01 -1.529477217620E-14 -4.880208689995E-02  3.629927177792E+02  1.244285976085E-01  1.895651104891E-01 -4.873895854024E-02  3.167545091076E-03 -9.464876495047E-01  2.067258352641E+00 -1.013064257030E-02  1.583751993178E-02 -5.706877361342E-03 -7.559064448439E-03  1.792758573131E-03 -1.325665927742E-06 -2.811289069358E-06 -9.003688069491E-06  1.873806932063E-02  1.325665971495E-06 -9.097120506833E-03  2.132070222154E-20 -7.131259620768E-21 -1.364823467535E-20 -4.365074701646E-04
  8.818794455535E+02  8.893794455535E+02  1.906065030664E+01 -1.462871898992E-14 -5.863921518957E-02  3.635741657540E+02  1.154549956480E-01  1.865686773250E-01 -4.303892362034E-02  2.751529511566E-03 -1.133654044660E+00  2.024370984088E+00 -1.000941411508E-02  1.518927486326E-02 -5.179860748360E-03 -6.367815952294E-03  2.302527045129E-03 -3.347774731283E-06 -4.335637942983E-06 -5.026020481936E-06  1.652972868208E-02  3.347774727621E-06 -9.279525046689E-03  2.025573164828E-20  2.776946003338E-21 -2.695175348373E-20 -3.789215329527E-04
  8.968794455535E+02  9.043794455535E+02  1.907606254726E+01 -1.238467417812E-14 -6.620141627189E-02  3.641504528971E+02  1.057417689128E-01  1.868168952060E-01 -3.741700127526E-02  1.994190664655E-03 -1.276049833122E+00  2.007756105676E+00 -9.835188116255E-03  1.501944023689E-02 -5.184252120773E-03 -5.876941071001E-03  1.660967726685E-03 -2.591066595701E-06 -5.019778771968E-06 -4.440450465274E-06  1.523842678735E-02  2.591066634180E-06 -7.150527030536E-03  2.178876692437E-20  7.385918897623E-22 -2.328058443673E-20 -3.516708043096E-04
  9.118794455535E+02  9.193794455535E+02  1.908920015971E+01 -1.082264730760E-14 -7.201342939829E-02  3.646422790642E+02  9.491339124576E-02  1.874328322919E-01 -3.181807304532E-02  1.693335523825E-03 -1.385215284911E+00  1.990960598109E+00 -9.755699360158E-03  1.488474460715E-02 -5.129045247075E-03 -5.335254099915E-03  8.594006675856E-04  1.285820536409E-06 -4.073759035082E-06 -6.899260456794E-07  1.377793796828E-02 -1.285820535890E-06 -5.688360288210E-03  1.413088398922E-22  1.121778833206E-21 -2.903176448734E-20 -3.226299897093E-04
  9.268794455535E+02  9.343794455535E+02  1.910189779941E+01 -1.113927213545E-14 -7.684116157014E-02  3.651199990516E+02  8.300515174487E-02  1.912073833010E-01 -2.595913133984E-02  1.184279017740E-03 -1.476672160731E+00  1.951994210857E+00 -9.389951511706E-03  1.425600664956E-02 -4.866055137835E-03 -4.855185849305E-03  5.927399580030E-04  3.440685926914E-07 -3.276863935011E-06  3.293926505598E-07  1.241213857881E-02 -3.440685986014E-07 -4.562775886157E-03  3.617381223721E-20 -8.824454242053E-21 -4.616398343048E-20 -2.893907538284E-04
  9.418794455535E+02  9.493794455535E+02  1.911247488177E+01 -1.073003480772E-14 -8.057611319134E-02  3.655193891733E+02  6.982710384929E-02  1.978246738290E-01 -2.016733970451E-02  9.310665994854E-04 -1.547749312009E+00  1.914381809287E+00 -8.899349643834E-03  1.341565622913E-02 -4.516306585377E-03 -4.587411355161E-03  8.255004737943E-04  7.533706507204E-07 -3.201074503173E-06 -3.629652789195E-07  1.493378674653E-02 -7.533706638882E-07 -4.775525334255E-03  2.686949222038E-20 -7.424836518873E-21 -2.205720458971E-20 -3.105002835174E-04
  9.568794455535E+02  9.643794455535E+02  1.912989596635E+01 -7.810839680303E-15 -8.580769614823E-02  3.661858628089E+02  5.374553972929E-02  2.093726655841E-01 -1.422057563934E-02  4.501594615352E-04 -1.648729701476E+00  1.930802055997E+00 -8.681081250701E-03  1.339082301526E-02 -4.709741764582E-03 -5.422166738050E-03  1.014749411256E-03 -3.796995816467E-07 -2.683366278869E-06  8.806577351778E-07  2.122033907123E-02  3.796996105840E-07 -4.450250010940E-03  1.756134582166E-20 -5.905975975051E-21 -7.027774902849E-21 -3.786010644516E-04
  9.718794455535E+02  9.793794455535E+02  1.915225506282E+01 -3.758506883724E-15 -8.891652859327E-02  3.670436816795E+02  3.355457834645E-02  2.222629882530E-01 -8.284900166967E-03  4.198197448455E-04 -1.708604640515E+00  2.101649018453E+00 -9.186596445926E-03  1.529362619579E-02 -6.107029749917E-03 -7.187565838303E-03  6.522624969954E-04  2.648258356116E-07 -2.050544174933E-06 -2.670118445441E-06  3.202473419084E-02 -2.648258321630E-07 -1.916802194474E-03  1.079987522418E-20  4.426883355661E-21 -4.943778558802E-22 -6.034296933076E-04
  9.868794455535E+02  9.943794455535E+02  1.918993176077E+01 -7.717353322506E-16 -8.940019618033E-02  3.685055550170E+02  7.076809154340E-03  2.571189481080E-01 -2.561829832288E-03  4.672890354283E-05 -1.718011431156E+00  2.089127641123E+00 -9.873696997727E-03  1.517146822443E-02 -5.297771226290E-03 -1.072709280437E-02  7.877043025708E-05 -4.042780868817E-07 -9.951887756357E-07 -1.050793164286E-06  2.009574870710E-02  4.042781032867E-07 -2.545615788486E-04  1.742803475427E-20  4.313231971148E-21 -2.928619849402E-20 -3.150752753612E-04
