                   y                  ym                   U                   V                   W                 U^2                 V^2                 W^2                  UV                  VW                  UW                VISC               SFSxx               SFSyy               SFSzz               SFSxy               SFSyz                dUdX                dVdX                dWdX                dUdY                dVdY                dWdY                dUdZ                dVdZ                dWdZ              SFSxym
 -4.000000000000E+00 -2.000000000000E+00  0.000000000000E+00  0.000000000000E+00  0.000000000000E+00  0.000000000000E+00  0.000000000000E+00  0.000000000000E+00  0.000000000000E+00  0.000000000000E+00  0.000000000000E+00  0.000000000000E+00  0.000000000000E+00  0.000000000000E+00  0.000000000000E+00  0.000000000000E+00  0.000000000000E+00  0.000000000000E+00  0.000000000000E+00  0.000000000000E+00  0.000000000000E+00  0.000000000000E+00  0.000000000000E+00  0.000000000000E+00  0.000000000000E+00  0.000000000000E+00  0.000000000000E+00
  2.220446049250E-16  2.000000000000E+00  1.178259481341E+01 -1.721973592724E-15 -2.833680065259E-02  1.407403992010E+02  3.717372494844E-02  4.982839292987E-01 -1.072328964038E-01 -5.096132065849E-04 -3.306780301376E-01  5.477881297593E-01 -1.136100103862E-04  1.867238098077E-03 -1.753628087712E-03 -3.270096398259E+00  6.726428834818E-03 -4.031283366786E-05 -4.989490035065E-06  1.218810484103E-05  4.909150770055E+01  4.031283359813E-05 -1.216835621391E-01  5.501940533440E-20  3.340156316062E-22 -1.671222724633E-20 -3.918301308359E-03
  4.000000000000E+00  6.000000000000E+00  1.276331883789E+01 -4.543847286279E-15 -3.258162293351E-02  1.644649768696E+02  1.485715397295E-01  4.345024204271E-01 -1.954072238593E-01 -5.184723470736E-04 -4.113224099541E-01  4.229867185769E+00  1.070091060465E-01 -1.499617394228E-01  4.295263337708E-02 -5.295728537903E-01 -5.734131738873E-02  3.086586455534E-06 -8.123447837199E-06  1.022550253623E-05  2.655566361800E+00 -3.086586501942E-06 -7.607680773517E-03  7.241812270164E-20  2.428197610561E-21  5.190600928211E-20 -4.014563424123E-02
  8.000000000000E+00  1.000000000000E+01  1.311031109164E+01 -7.077959962923E-15 -3.211509689053E-02  1.731964617634E+02  1.747087324776E-01  3.919420134933E-01 -1.918027154067E-01 -5.208879256145E-04 -4.170139979281E-01  4.443360956420E+00  7.039176173775E-02 -1.934447584598E-01  1.230529967173E-01 -3.550158593043E-01 -2.309157995697E-03  1.368973536300E-05 -4.376195029969E-06 -9.299987216187E-06  1.335643675006E+00 -1.368973537808E-05  3.280657175951E-03  5.602889344434E-20 -9.281422052876E-22  1.490538822598E-20 -2.149283678316E-02
  1.200000000000E+01  1.400000000000E+01  1.343113084799E+01 -9.654660895984E-15 -3.088904725145E-02  1.816607962761E+02  1.875258234718E-01  3.797916237860E-01 -2.031125911561E-01 -3.796608960326E-04 -4.104722638332E-01  4.378303938269E+00  6.565877052978E-02 -1.792542566676E-01  1.135954861336E-01 -3.297415882208E-01  3.349321124552E-03  1.962164996947E-05 -1.815543396539E-06 -5.351940394367E-06  1.112202065806E+00 -1.962165009181E-05  6.934350865789E-03  5.680062003014E-20 -2.430594910491E-20  4.656276119355E-20 -1.821832237559E-02
  1.600000000000E+01  1.800000000000E+01  1.366639583307E+01 -9.976831535398E-15 -2.866353807022E-02  1.879739626688E+02  1.979185267575E-01  3.704082616945E-01 -2.019129287971E-01 -3.358124617000E-04 -3.875558182502E-01  4.136626329643E+00  5.486563898450E-02 -1.592899835305E-01  1.044243445482E-01 -2.475236256258E-01  1.704779615567E-03  9.032889328799E-06 -1.066983658482E-06 -8.620496000532E-06  8.876158293519E-01 -9.032889321179E-06  9.123321948158E-03 -6.298102048709E-21 -6.197190025577E-22  5.627345087103E-20 -1.443211364684E-02
  2.000000000000E+01  2.200000000000E+01  1.387492103093E+01 -7.506993146324E-15 -2.634672041586E-02  1.936850819648E+02  2.069895280142E-01  3.653159250999E-01 -2.049392973034E-01 -3.071722509722E-04 -3.616055870013E-01  3.966098550523E+00  4.862413639283E-02 -1.444771850545E-01  9.585304866072E-02 -2.169867531978E-01  4.332105398434E-04  1.437189334757E-05 -1.840803588000E-06 -3.334341121154E-06  7.625924492335E-01 -1.437189338765E-05  9.040155887753E-03  3.522951870979E-20  5.428388537283E-21  5.974219973457E-20 -1.243345566864E-02
  2.400000000000E+01  2.600000000000E+01  1.404770598391E+01 -4.221694897601E-15 -2.415063642927E-02  1.984786948570E+02  2.148056015910E-01  3.606700989913E-01 -2.044088999783E-01 -2.743719017172E-04 -3.358841293286E-01  3.788608727389E+00  4.224281647301E-02 -1.317254938871E-01  8.948267741371E-02 -1.806493852537E-01 -1.687077743532E-04  1.398959667551E-05 -3.406526640505E-06 -6.608386565303E-06  6.567150415300E-01 -1.398959662596E-05  7.635262909423E-03  5.042255744825E-21  5.950937038185E-21  7.301637078927E-20 -1.064208586541E-02
  2.800000000000E+01  3.000000000000E+01  1.420327899796E+01 -1.004410891843E-15 -2.252100136332E-02  2.028542442573E+02  2.214336753641E-01  3.570710310547E-01 -2.051294068628E-01 -2.872929321367E-04 -3.165326089701E-01  3.645769200283E+00  3.782319277333E-02 -1.218901382401E-01  8.406694546780E-02 -1.607950646208E-01 -4.379149908822E-04  7.654633783201E-06 -5.292246610897E-06 -4.992924538206E-06  5.840098985317E-01 -7.654633912895E-06  6.619444093348E-03  7.534918046440E-20 -7.813632105437E-22  8.758011062983E-20 -9.422606196839E-03
  3.200000000000E+01  3.400000000000E+01  1.433968504428E+01  2.682720293019E-15 -2.081850715806E-02  2.067291582204E+02  2.269454859771E-01  3.543642311617E-01 -2.044692596527E-01 -2.850459778205E-04 -2.949454853712E-01  3.513560466648E+00  3.371026715373E-02 -1.135610312429E-01  7.985076408913E-02 -1.407816255081E-01 -2.784084503448E-04  7.178744774491E-06 -6.607672316455E-06 -5.170597295891E-07  5.217246019527E-01 -7.178744602356E-06  6.055446649992E-03  4.601582756245E-20  1.247017276816E-21  1.119802924233E-19 -8.357061817000E-03
  3.600000000000E+01  3.800000000000E+01  1.446412773988E+01  7.792016525644E-15 -1.947484914567E-02  2.103009904917E+02  2.314164437674E-01  3.523150316058E-01 -2.043520929597E-01 -3.238520484364E-04 -2.780253872326E-01  3.403435388253E+00  3.051792147988E-02 -1.066015387099E-01  7.608361723120E-02 -1.273213265181E-01 -4.114119653165E-04 -2.734723564711E-06 -7.556810699383E-06 -5.273082038692E-06  4.749811587486E-01  2.734723543416E-06  3.952272760824E-03 -1.430939108006E-21  7.018110637532E-21  6.323542137126E-20 -7.572485382733E-03
  4.000000000000E+01  4.200000000000E+01  1.457717474147E+01  1.100781878843E-14 -1.883059781552E-02  2.135723128541E+02  2.350518474829E-01  3.504554118710E-01 -2.035824567362E-01 -3.254867917287E-04 -2.705041532326E-01  3.306216569609E+00  2.791679996089E-02 -1.005556425556E-01  7.263884259358E-02 -1.151338865351E-01 -1.413961110071E-04 -7.762597902578E-06 -9.112914518215E-06 -2.035011068186E-06  4.364299329361E-01  7.762598083119E-06  2.327239785254E-03  7.260562328123E-21  1.115080531326E-20  6.520455459081E-20 -6.917365062098E-03
  4.400000000000E+01  4.600000000000E+01  1.468230714181E+01  1.004064304934E-14 -1.829360540060E-02  2.166381620637E+02  2.379975585314E-01  3.484355766069E-01 -2.029875287714E-01 -3.476821641686E-04 -2.640943506235E-01  3.219649024701E+00  2.586023804235E-02 -9.544527178386E-02  6.958503374053E-02 -1.064615809432E-01 -5.303197008947E-05  1.979551857899E-06 -8.962076488446E-06 -3.769664556392E-06  4.049453124859E-01 -1.979551840240E-06 -2.601297070767E-04 -9.675206785866E-21  1.377705915502E-21  5.144153305896E-20 -6.404200433360E-03
  4.800000000000E+01  5.000000000000E+01  1.477963070847E+01  8.361931354949E-15 -1.894873527113E-02  2.194957106710E+02  2.403390310717E-01  3.466708674468E-01 -2.021588893333E-01 -4.055202390608E-04 -2.752961794056E-01  3.138470683990E+00  2.379171330635E-02 -9.070314822751E-02  6.691143492180E-02 -9.849218605454E-02  7.860149238143E-04  7.800466209720E-07 -8.342612738843E-06 -5.171212689130E-06  3.778291120491E-01 -7.800466850003E-07 -3.901486513743E-03 -7.033565513807E-21  1.961944923456E-21  9.272712622634E-20 -5.957754770951E-03
  5.200000000000E+01  5.400000000000E+01  1.487124387491E+01  7.599912470903E-15 -2.024895035025E-02  2.222031578996E+02  2.421923937631E-01  3.453964338649E-01 -2.013604944865E-01 -3.881950919557E-04 -2.964599399784E-01  3.070092284877E+00  2.237575869574E-02 -8.685203165757E-02  6.447627296226E-02 -9.227934274351E-02  1.221460807241E-03  4.566489106357E-06 -9.214122305204E-06 -8.122967147069E-06  3.564994069194E-01 -4.566488845991E-06 -5.606744519549E-03 -2.195251619195E-20 -6.314229763755E-21  9.590030437875E-20 -5.595685666862E-03
  5.600000000000E+01  5.800000000000E+01  1.495789388336E+01  5.657889991297E-15 -2.174887820137E-02  2.247800677683E+02  2.436399852043E-01  3.441032178898E-01 -2.003805140349E-01 -4.116123232670E-04 -3.210168309108E-01  3.004037440113E+00  2.100307264583E-02 -8.320204553332E-02  6.219897288652E-02 -8.671696991629E-02  1.437967988364E-03  4.629884343252E-06 -9.993847917325E-06 -9.422760981824E-06  3.386296478561E-01 -4.629884493818E-06 -6.004258306767E-03 -3.031938982036E-20  9.767226927462E-21  7.462255949404E-20 -5.265747022502E-03
  6.000000000000E+01  6.200000000000E+01  1.504057242447E+01  1.392636223355E-15 -2.324783127141E-02  2.272543181950E+02  2.446681305385E-01  3.429993637153E-01 -1.995555815068E-01 -3.834074925701E-04 -3.458641757725E-01  2.947463015849E+00  1.963015557803E-02 -8.011024714839E-02  6.048009157003E-02 -8.188107701699E-02  1.206981939092E-03 -4.122177104059E-06 -1.057879209852E-05 -1.422381468995E-05  3.233221400943E-01  4.122176792428E-06 -5.769532584384E-03 -1.984063022175E-21  6.299270824699E-22  5.785298388047E-20 -4.975475547058E-03
  6.400000000000E+01  6.600000000000E+01  1.511954573576E+01 -4.711332886320E-15 -2.464549819871E-02  2.296315539577E+02  2.453874135784E-01  3.410838611652E-01 -1.985903718943E-01 -3.780653572429E-04 -3.688605349875E-01  2.889895342727E+00  1.857613195125E-02 -7.715251961983E-02  5.857638766907E-02 -7.735084225801E-02  1.083240592828E-03  2.683845134583E-06 -1.015731871339E-05 -1.760725465397E-05  3.079278910576E-01 -2.683845305968E-06 -7.152557840819E-03  9.651023447188E-21 -1.328932747391E-20  7.879056036363E-20 -4.698622491968E-03
  6.800000000000E+01  7.000000000000E+01  1.519450715997E+01 -1.008504629633E-14 -2.684216624593E-02  2.319003815598E+02  2.458476545277E-01  3.387224113474E-01 -1.977124570349E-01 -3.591579792935E-04 -4.042753453849E-01  2.833047269377E+00  1.755757702263E-02 -7.443440838011E-02  5.687683135715E-02 -7.293842599681E-02  1.566937792548E-03  5.914550811825E-06 -8.567379778170E-06 -1.869636046680E-05  2.921607912560E-01 -5.914550854533E-06 -8.564273743006E-03 -2.488863356790E-20  1.384426773786E-21  7.632278510904E-20 -4.432323223801E-03
  7.200000000000E+01  7.400000000000E+01  1.526562227317E+01 -9.399857989779E-15 -2.895733262332E-02  2.340629762406E+02  2.460804596141E-01  3.363410224327E-01 -1.966965062788E-01 -2.986249217664E-04 -4.394470194319E-01  2.781665964856E+00  1.659737011376E-02 -7.190939574300E-02  5.531202562959E-02 -6.896458556674E-02  1.455166197961E-03  4.438294603502E-06 -7.477200768130E-06 -1.944857422638E-05  2.804496562834E-01 -4.438294593744E-06 -7.612730010791E-03 -3.739461681498E-20 -1.131372704857E-20  7.203115448691E-20 -4.221303964625E-03
  7.600000000000E+01  7.800000000000E+01  1.533472372525E+01 -4.015138843511E-15 -3.069172734876E-02  2.361748362390E+02  2.462120297301E-01  3.339398380708E-01 -1.957549516896E-01 -2.548162256235E-04 -4.694136743393E-01  2.734833759709E+00  1.554893320744E-02 -6.944393058663E-02  5.389499737925E-02 -6.614285915891E-02  1.167801148538E-03  5.002858626113E-06 -6.016348723097E-06 -1.782933488416E-05  2.714952962421E-01 -5.002858451728E-06 -6.062919781388E-03 -3.924088378292E-20 -7.105513287003E-22  9.699300940317E-20 -4.039841259313E-03
  8.000000000000E+01  8.200000000000E+01  1.540135949695E+01 -1.282126314839E-15 -3.202210279556E-02  2.382191168835E+02  2.462811889701E-01  3.312476766359E-01 -1.947560791113E-01 -1.369747045006E-04 -4.933408572761E-01  2.691025182785E+00  1.457779936189E-02 -6.719137216306E-02  5.261357280172E-02 -6.310486101695E-02  8.143318755980E-04  3.069366839588E-06 -3.715573732299E-06 -1.230417894403E-05  2.616706258651E-01 -3.069367010278E-06 -4.912851132578E-03 -3.247412852165E-20 -2.082541689950E-20  7.298343237377E-20 -3.859818047525E-03
  8.400000000000E+01  8.600000000000E+01  1.546556704131E+01  2.575199891293E-15 -3.316116963240E-02  2.401976618878E+02  2.462300176005E-01  3.283583767346E-01 -1.937657098225E-01 -1.085878079188E-04 -5.143264917569E-01  2.647857065874E+00  1.369981135157E-02 -6.513432223598E-02  5.143451088446E-02 -6.036486720231E-02  6.307152919955E-04  1.676578514689E-06 -1.240589252071E-06 -8.380927153304E-06  2.513314997957E-01 -1.676578396268E-06 -4.400277089944E-03 -5.982874773398E-20  2.502399951458E-21  7.444688024319E-20 -3.688458470241E-03
  8.800000000000E+01  9.000000000000E+01  1.552702326107E+01  1.068415523877E-14 -3.421652658938E-02  2.420989585596E+02  2.460616261837E-01  3.256192079053E-01 -1.927816241866E-01 -3.283103709148E-05 -5.338211066097E-01  2.606189193177E+00  1.309053280473E-02 -6.332706450668E-02  5.023653170243E-02 -5.763568511566E-02  6.516211120171E-04 -8.718137606812E-06  1.347651904275E-06 -7.377380033176E-06  2.410672346488E-01  8.718137586065E-06 -4.383165097557E-03 -4.568495331399E-20 -1.938237849667E-20  7.565657177119E-20 -3.518070962257E-03
  9.200000000000E+01  9.400000000000E+01  1.558608923512E+01  1.427687503809E-14 -3.532764441201E-02  2.439331323718E+02  2.457930468310E-01  3.231665802709E-01 -1.918103647508E-01  1.153558626248E-05 -5.536110172750E-01  2.565200299786E+00  1.245391154933E-02 -6.147106896754E-02  4.901715741880E-02 -5.505199347562E-02  6.857163737618E-04 -1.219256757066E-05  3.645954900213E-06 -2.011094408638E-06  2.317175314929E-01  1.219256765496E-05 -4.985296852850E-03 -2.893886431614E-20 -1.003706508238E-21  7.624041012449E-20 -3.362214558148E-03
  9.600000000000E+01  9.800000000000E+01  1.564287689609E+01  1.530967605294E-14 -3.668526470600E-02  2.457022499725E+02  2.454370787325E-01  3.210090935263E-01 -1.908165491342E-01  6.298154112765E-05 -5.773452927106E-01  2.526473276500E+00  1.203488783705E-02 -5.980382862638E-02  4.776894078977E-02 -5.257739179168E-02  7.899200872156E-04 -1.226054892128E-05  5.998149345865E-06  4.340680259971E-06  2.234331740642E-01  1.226054883375E-05 -6.636722610437E-03 -2.316598448057E-20 -7.387181902373E-21  8.113738886771E-20 -3.217471328194E-03
  1.000000000000E+02  1.020000000000E+02  1.569781591996E+01  2.020409057071E-14 -3.863531185726E-02  2.474196080772E+02  2.449710036202E-01  3.189698896867E-01 -1.898222654138E-01  1.268615803504E-04 -6.100861591459E-01  2.492195366048E+00  1.150643933416E-02 -5.816230379527E-02  4.665586446116E-02 -5.034146741042E-02  9.962413410352E-04 -9.635605302180E-06  8.206568028689E-06  4.446908725339E-06  2.165319135498E-01  9.635605387953E-06 -8.170937749917E-03 -5.169437036745E-20 -1.086034927648E-20  6.759464747773E-20 -3.081798452408E-03
  1.040000000000E+02  1.060000000000E+02  1.575116283513E+01  2.146247806215E-14 -4.075877765814E-02  2.490918722476E+02  2.444261720418E-01  3.169903019865E-01 -1.888864143320E-01  2.125727814378E-04 -6.455286557623E-01  2.455545484790E+00  1.098129707194E-02 -5.643541997153E-02  4.545412289994E-02 -4.828534689952E-02  1.080592908900E-03 -1.097959458086E-05  9.453261566805E-06  6.596795075831E-06  2.103362673284E-01  1.097959443766E-05 -7.859851652457E-03 -1.656235330974E-20 -1.948523314105E-20  8.730866976308E-20 -2.961335011233E-03
  1.080000000000E+02  1.100000000000E+02  1.580300515145E+01  1.905092894781E-14 -4.255264338090E-02  2.507225850856E+02  2.438735850340E-01  3.151050134851E-01 -1.878945134607E-01  3.084631710259E-04 -6.762670709073E-01  2.422334735365E+00  1.060448879003E-02 -5.492869250617E-02  4.432420371589E-02 -4.652660176927E-02  9.100364081878E-04 -1.388982731498E-05  1.001833369684E-05  6.819629005484E-06  2.036632970266E-01  1.388982736617E-05 -6.063124581744E-03 -4.311893674311E-20  5.007357724519E-21  7.646496697441E-20 -2.849586631057E-03
  1.120000000000E+02  1.140000000000E+02  1.585301547778E+01  2.037556827543E-14 -4.378784358242E-02  2.522996708299E+02  2.433417646901E-01  3.130673575024E-01 -1.869679424401E-01  4.148439288844E-04 -6.983063405706E-01  2.391362269786E+00  1.024619594231E-02 -5.365794373026E-02  4.341174778798E-02 -4.467863652348E-02  6.130901720037E-04 -7.821803480660E-06  1.039002409142E-05  8.459800338883E-06  1.957430664971E-01  7.821803351116E-06 -4.336542251029E-03 -6.009512388751E-20 -1.038115426428E-20  4.012339725089E-20 -2.736096870313E-03
  1.160000000000E+02  1.180000000000E+02  1.590089858294E+01  2.164436989013E-14 -4.472961987106E-02  2.538133695990E+02  2.428592086318E-01  3.114107526411E-01 -1.860072081527E-01  5.056496236024E-04 -7.156108660909E-01  2.359312787873E+00  9.749022310630E-03 -5.238122576356E-02  4.263220345280E-02 -4.291280208281E-02  4.394944071923E-04 -1.300602389592E-06  1.074434094415E-05  1.023271165963E-05  1.887971325931E-01  1.300602514042E-06 -3.071863532860E-03 -2.904520471583E-20  1.694033192626E-21  6.864215512810E-20 -2.637189377165E-03
  1.200000000000E+02  1.220000000000E+02  1.594742220036E+01  2.165664884114E-14 -4.533655699953E-02  2.552881170147E+02  2.424370863961E-01  3.098930715734E-01 -1.850533513821E-01  6.178021598317E-04 -7.279840260220E-01  2.329107628391E+00  9.376102753906E-03 -5.120679840589E-02  4.183069565159E-02 -4.141018963429E-02  3.006593575195E-04  3.696425092460E-07  1.109395069328E-05  6.701152929545E-06  1.826111260563E-01 -3.696425225046E-07 -2.062153444408E-03 -5.108402314860E-20 -1.515485276115E-20  6.435360887901E-20 -2.537684225641E-03
  1.240000000000E+02  1.260000000000E+02  1.599219241640E+01  2.391291346072E-14 -4.577258425932E-02  2.567126133475E+02  2.420079137059E-01  3.084535328209E-01 -1.841090042300E-01  6.891996067320E-04 -7.380027756629E-01  2.299914816217E+00  9.038443448617E-03 -5.010949734690E-02  4.107105389865E-02 -3.980538654409E-02  2.472416024594E-04 -7.438237694870E-07  1.156476777901E-05  2.382849766469E-06  1.766444229016E-01  7.438239125033E-07 -1.667150135718E-03 -4.575020258414E-20 -1.626809254074E-20  7.804000002648E-20 -2.441190761205E-03
  1.280000000000E+02  1.300000000000E+02  1.603573774700E+01  2.631658765328E-14 -4.618927175647E-02  2.581016989409E+02  2.415354021094E-01  3.068805711205E-01 -1.832036521703E-01  7.939182791355E-04 -7.479804641976E-01  2.273894036255E+00  8.653654526774E-03 -4.910781480742E-02  4.045416028074E-02 -3.828019837184E-02  1.597501683532E-04  2.591730023658E-06  1.217439808997E-05 -6.020685941484E-07  1.703606953254E-01 -2.591730232452E-06 -1.520215613509E-03 -5.096921492787E-20 -5.047604507167E-21  5.946834117034E-20 -2.338631028322E-03
  1.320000000000E+02  1.340000000000E+02  1.607737142663E+01  2.803446465134E-14 -4.654094770827E-02  2.594338850592E+02  2.410293681222E-01  3.051380538266E-01 -1.822583371924E-01  8.390570042323E-04 -7.568104724632E-01  2.248280365859E+00  8.409427665929E-03 -4.817900465801E-02  3.976957699266E-02 -3.658056948736E-02  7.320075924026E-05  6.515046054138E-06  1.234142539190E-05 -1.117998645848E-06  1.641952709914E-01 -6.515045817749E-06 -1.112068462337E-03 -5.091048320059E-20 -5.004648296400E-21  6.792874299557E-20 -2.248208201766E-03
  1.360000000000E+02  1.380000000000E+02  1.611783646161E+01  3.550681985121E-14 -4.673068303407E-02  2.607316546420E+02  2.405209721051E-01  3.033345543175E-01 -1.813580324411E-01  9.045895468744E-04 -7.630110630469E-01  2.222859925313E+00  8.063971441713E-03 -4.718628488161E-02  3.912231343980E-02 -3.529566698977E-02  2.390601592896E-05  3.932436560261E-06  1.172862368166E-05 -3.025534401246E-06  1.595184326193E-01 -3.932436758202E-06 -1.077563618684E-03 -4.859628322566E-20 -5.980416450291E-21  7.488854597376E-20 -2.161992912232E-03
  1.400000000000E+02  1.420000000000E+02  1.615713332328E+01  4.572931081836E-14 -4.706324067808E-02  2.619945787188E+02  2.400076618843E-01  3.014794370520E-01 -1.804537405890E-01  9.398341066676E-04 -7.710802974286E-01  2.197082277743E+00  7.758148996838E-03 -4.609688540604E-02  3.833873640961E-02 -3.391395534674E-02  1.122613137075E-04 -4.038512223606E-06  1.021808840474E-05 -4.696160389709E-06  1.552688038248E-01  4.038512599046E-06 -2.229401469988E-03 -5.945375514470E-20  7.888558165223E-21  6.490649887989E-20 -2.085580627886E-03
  1.440000000000E+02  1.460000000000E+02  1.619546426229E+01  4.990468498514E-14 -4.783093218285E-02  2.632295824316E+02  2.395026499943E-01  2.994948605196E-01 -1.795339257657E-01  9.910963571353E-04 -7.863798084936E-01  2.171301136752E+00  7.481243194674E-03 -4.500908218587E-02  3.752783899130E-02 -3.285794620380E-02  3.276029857040E-04 -5.936016955930E-06  8.629706653652E-06 -4.843555248453E-06  1.504471201026E-01  5.936016961499E-06 -3.975841737531E-03 -5.674604461703E-20 -3.987172316045E-21  5.062908451081E-20 -2.017246311240E-03
  1.480000000000E+02  1.500000000000E+02  1.623235757719E+01  5.140143244491E-14 -4.903643409379E-02  2.644205327542E+02  2.389835435865E-01  2.977492577161E-01 -1.786315443521E-01  1.035084671767E-03 -8.089257596110E-01  2.145778902799E+00  7.146400908934E-03 -4.413279644049E-02  3.698639553161E-02 -3.159301386223E-02  4.435706188266E-04 -9.949119872798E-06  7.755773340202E-06 -3.940001962609E-06  1.451753630361E-01  9.949120026641E-06 -5.589367212506E-03 -4.361604839466E-20  5.621051568323E-21  7.848486033708E-20 -1.935477083580E-03
  1.520000000000E+02  1.540000000000E+02  1.626806443165E+01  5.342730424740E-14 -5.061389546747E-02  2.655761840773E+02  2.384620511329E-01  2.965905687552E-01 -1.777137868149E-01  1.080770872607E-03 -8.376691934645E-01  2.125371935783E+00  6.820139081831E-03 -4.341658620649E-02  3.659644712467E-02 -3.043806727611E-02  5.980484274388E-04 -7.445049884255E-06  7.392518569403E-06 -4.149718835026E-06  1.404476590302E-01  7.445049895710E-06 -5.857620553727E-03 -5.105614355783E-20 -3.575295133184E-21  6.161761720996E-20 -1.868368922110E-03
  1.560000000000E+02  1.580000000000E+02  1.630258524010E+01  5.369380547821E-14 -5.196371602619E-02  2.666950456727E+02  2.379897577301E-01  2.955763495335E-01 -1.768518990296E-01  1.157894391304E-03 -8.627970011922E-01  2.103877333712E+00  6.508310726059E-03 -4.259628970242E-02  3.608797897596E-02 -2.933854468942E-02  5.624072660007E-04 -4.287652133325E-06  7.468826599433E-06 -5.875960394687E-06  1.356240764641E-01  4.287652249508E-06 -4.791275461434E-03 -4.558255109255E-20 -2.157372854174E-21  7.141183140871E-20 -1.797487290452E-03
  1.600000000000E+02  1.620000000000E+02  1.633587313761E+01  5.206464484079E-14 -5.301573224440E-02  2.677761100590E+02  2.376027689575E-01  2.945731222321E-01 -1.759487860522E-01  1.210150996126E-03 -8.829239670824E-01  2.082812301540E+00  6.237808669974E-03 -4.172466700812E-02  3.548685833825E-02 -2.819923998763E-02  5.224382029861E-04 -2.752067252147E-06  7.707812364148E-06 -6.006268625045E-06  1.311704743481E-01  2.752067184578E-06 -3.624125145111E-03 -7.340738260334E-20 -9.253359722965E-21  5.194259777445E-20 -1.728045229507E-03
  1.640000000000E+02  1.660000000000E+02  1.636816324585E+01  4.930822648334E-14 -5.377477211670E-02  2.688271023019E+02  2.372651847806E-01  2.935485666387E-01 -1.750651292535E-01  1.284376162849E-03 -8.980089698374E-01  2.062053993672E+00  6.040775712873E-03 -4.087935869475E-02  3.483858298168E-02 -2.717695094974E-02  5.071595333834E-04  7.862982884896E-07  8.116549583812E-06 -3.409741810044E-06  1.276571837451E-01 -7.862982905863E-07 -3.269704036028E-03 -6.728681030650E-20 -1.657677043955E-20  7.676033948596E-20 -1.674904518167E-03
  1.680000000000E+02  1.700000000000E+02  1.639970269906E+01  4.616966675873E-14 -5.464160521444E-02  2.698558746439E+02  2.369122768464E-01  2.925546186610E-01 -1.741640004789E-01  1.338176810107E-03 -9.146376048096E-01  2.044475191966E+00  5.806977230134E-03 -4.018631997741E-02  3.437934274744E-02 -2.638897869096E-02  3.666370918601E-04  1.399043632417E-07  8.542890510852E-06 -3.044875943020E-06  1.250731489387E-01 -1.399044066923E-07 -3.434856470380E-03 -8.373351262313E-20 -7.702750371010E-22  6.483744799865E-20 -1.631442213664E-03
  1.720000000000E+02  1.740000000000E+02  1.643070299063E+01  4.468123325034E-14 -5.548596385848E-02  2.708688126830E+02  2.365642557105E-01  2.916529123101E-01 -1.732643671808E-01  1.389081420441E-03 -9.305157174056E-01  2.027323523766E+00  5.520597791515E-03 -3.948073106546E-02  3.396013327399E-02 -2.574540133652E-02  3.083108409305E-04  1.284755582507E-06  8.745669204833E-06 -1.103769684293E-06  1.229939599759E-01 -1.284755541613E-06 -3.141016091282E-03 -9.915670566426E-20  8.659764286626E-21  5.030332181537E-20 -1.589291481753E-03
  1.760000000000E+02  1.780000000000E+02  1.646118999451E+01  4.388005323680E-14 -5.620788714847E-02  2.718658441287E+02  2.362446675248E-01  2.907483145145E-01 -1.723738400540E-01  1.438068335006E-03 -9.444383144303E-01  2.006243572523E+00  5.255654916721E-03 -3.863952955058E-02  3.338387463365E-02 -2.507106654462E-02  2.972756237297E-04  2.092607094413E-06  8.956791190224E-06  2.619150650819E-06  1.210822531712E-01 -2.092607117726E-06 -2.360622410635E-03 -9.776774676913E-20 -1.314095038095E-20  7.572406817992E-20 -1.546650145398E-03
  1.800000000000E+02  1.820000000000E+02  1.649124109200E+01  4.172431381881E-14 -5.665661119805E-02  2.728514022170E+02  2.359416087171E-01  2.899605650584E-01 -1.714888508056E-01  1.478332526971E-03 -9.537587467562E-01  1.989125318657E+00  5.087779587903E-03 -3.801697126064E-02  3.292919167270E-02 -2.450465439495E-02  1.562309123760E-04  4.494433848920E-07  9.278004634296E-06  3.550794925062E-06  1.187318840362E-01 -4.494433076269E-07 -9.928105063967E-04 -8.264174618618E-20 -1.470081230499E-21  6.244318848263E-20 -1.510175284432E-03
  1.840000000000E+02  1.860000000000E+02  1.652055969966E+01  3.938833287309E-14 -5.669675912774E-02  2.738141928433E+02  2.356832451933E-01  2.889721337409E-01 -1.705828251736E-01  1.529546041164E-03 -9.565756525612E-01  1.972564958383E+00  4.999433008322E-03 -3.737107302347E-02  3.237164001520E-02 -2.381161886493E-02 -5.278051147397E-05  1.064922344322E-06  9.796030582236E-06  4.765055750828E-06  1.156831548445E-01 -1.064922343927E-06  9.237670187986E-05 -8.782231390776E-20 -4.151721826944E-21  5.508463072934E-20 -1.468651061626E-03
  1.880000000000E+02  1.900000000000E+02  1.654908472874E+01  3.796051031383E-14 -5.660881423749E-02  2.747526135837E+02  2.354760995011E-01  2.884089655302E-01 -1.697416704804E-01  1.558362741705E-03 -9.572478417998E-01  1.954644568623E+00  4.895710973944E-03 -3.674295596144E-02  3.184724498749E-02 -2.308950548715E-02 -2.095491468981E-04  2.897678316971E-06  1.000912116029E-05  8.140607946016E-06  1.125115858763E-01 -2.897678258883E-06  8.997603867614E-04 -5.331343451159E-20 -1.422793102815E-20  5.574759718508E-20 -1.423022495521E-03
  1.920000000000E+02  1.940000000000E+02  1.657681789099E+01  3.628663081817E-14 -5.624263029551E-02  2.756651126487E+02  2.352723153379E-01  2.878981713240E-01 -1.688454309072E-01  1.566610396684E-03 -9.531534979458E-01  1.936224667327E+00  4.697375235759E-03 -3.613508634815E-02  3.143771111229E-02 -2.242613537742E-02 -3.668235173547E-04  2.337722874431E-06  9.500128169043E-06  9.532391578239E-06  1.088145371174E-01 -2.337722906039E-06  2.167791912071E-03 -8.044305901928E-20 -5.469701175476E-21  5.213427348676E-20 -1.376857401793E-03
  1.960000000000E+02  1.980000000000E+02  1.660349047235E+01  3.307700843549E-14 -5.551718836788E-02  2.765440715655E+02  2.350897967481E-01  2.877287684682E-01 -1.680488639116E-01  1.578173449920E-03 -9.432110005745E-01  1.919296677311E+00  4.575133372409E-03 -3.557691195197E-02  3.100177857944E-02 -2.161500535131E-02 -5.852147590472E-04  1.835619023212E-06  8.776432424884E-06  9.803417301174E-06  1.062102513601E-01 -1.835619067736E-06  3.324961368268E-03 -7.337053705871E-20 -1.471778638529E-20  8.227290077870E-20 -1.333638265502E-03
  2.000000000000E+02  2.020600000000E+02  1.662992546511E+01  2.954391245535E-14 -5.457486273229E-02  2.774158819045E+02  2.348472704101E-01  2.875703243307E-01 -1.671243983612E-01  1.563599046979E-03 -9.294676228047E-01  1.903670538754E+00  4.221689291657E-03 -3.448614172477E-02  3.026445243272E-02 -2.117534824554E-02 -6.177763812652E-04  2.466779906762E-06  8.185645940918E-06  9.968191820675E-06  1.031485001568E-01 -2.466779992229E-06  4.151780471649E-03 -5.818769667213E-20 -4.011920026700E-21  6.962987810111E-20 -1.312703021489E-03
  2.041200000000E+02  2.062418000000E+02  1.665662000311E+01  2.808779308675E-14 -5.337203824825E-02  2.782973779249E+02  2.345738408590E-01  2.877950070130E-01 -1.662382922441E-01  1.543793027423E-03 -9.113584540683E-01  1.892672866518E+00  3.839849347010E-03 -3.345074119473E-02  2.961089184767E-02 -2.087851529727E-02 -8.038878682419E-04  6.479782766064E-06  8.107546166060E-06  1.046584463639E-05  1.005632521995E-01 -6.479782578998E-06  4.997281074157E-03 -4.486482966163E-20 -6.828093276230E-21  5.453836150282E-20 -1.291678997851E-03
  2.083636000000E+02  2.105490540000E+02  1.668327725786E+01  2.844117389517E-14 -5.192133165605E-02  2.791772012589E+02  2.342354739001E-01  2.878680786633E-01 -1.653456736161E-01  1.530671011924E-03 -8.887033650577E-01  1.884252673157E+00  3.444532876935E-03 -3.234791683132E-02  2.890338395439E-02 -2.050374156874E-02 -9.113127573882E-04  5.154479223408E-06  8.452622151312E-06  9.701330756141E-06  9.919319422005E-02 -5.154479615063E-06  5.726746272818E-03 -5.190370620119E-20  3.547142883479E-23  4.441327271741E-20 -1.279357851149E-03
  2.127345080000E+02  2.149855256200E+02  1.671082148086E+01  2.865294835887E-14 -5.025488562684E-02  2.800875245165E+02  2.337954706069E-01  2.883401847739E-01 -1.643842674968E-01  1.482792420681E-03 -8.621154494087E-01  1.873405976539E+00  2.975842179837E-03 -3.113478666542E-02  2.815894448587E-02 -2.045593268354E-02 -9.198246009561E-04  1.235702594746E-06  8.755983388319E-06  8.147806574029E-06  9.886533545471E-02 -1.235702317705E-06  6.369888364423E-03 -9.316335850994E-20 -5.679083621798E-21  4.362353499877E-20 -1.273452706941E-03
  2.172365432400E+02  2.195550913886E+02  1.673891591868E+01  2.687775985573E-14 -4.834995790752E-02  2.810177097725E+02  2.332644189329E-01  2.889955080490E-01 -1.634237850117E-01  1.448393947155E-03 -8.315159929822E-01  1.864149267832E+00  2.598502167345E-03 -2.999022674246E-02  2.739172457519E-02 -2.025217186037E-02 -8.999526320927E-04 -2.258817830711E-06  8.694985299572E-06  7.905348815044E-06  9.769463491861E-02  2.258817721233E-06  6.991689566217E-03 -8.104701230964E-20  2.742228997185E-21  5.841258645569E-20 -1.256689121655E-03
  2.218736395372E+02  2.242617441303E+02  1.676745129422E+01  2.611957438531E-14 -4.620710015381E-02  2.819641666133E+02  2.326865679595E-01  2.898374470508E-01 -1.624199361787E-01  1.390782680605E-03 -7.970331459922E-01  1.853179051686E+00  2.093738017171E-03 -2.878298585297E-02  2.668924783583E-02 -1.998624937103E-02 -9.345581046155E-04  1.297926772070E-06  8.093519888556E-06  8.005154347494E-06  9.645343062208E-02 -1.297926630278E-06  7.150855116233E-03 -9.501298763235E-20  2.278667340025E-21  3.728687025409E-20 -1.241135674036E-03
  2.266498487233E+02  2.291095964542E+02  1.679650075603E+01  2.873652617946E-14 -4.407821346249E-02  2.829288932503E+02  2.320761428849E-01  2.904107403020E-01 -1.614141682574E-01  1.304035344176E-03 -7.623641023015E-01  1.843268671126E+00  1.565729747323E-03 -2.760677854750E-02  2.604104880024E-02 -1.976432721142E-02 -9.043285503167E-04  3.505933611938E-06  6.749577265220E-06  6.885885607198E-06  9.553544098888E-02 -3.505933710541E-06  7.238230053778E-03 -7.623764621938E-20  1.485211172601E-21  7.262309396227E-20 -1.233190475984E-03
  2.315693441850E+02  2.341028843478E+02  1.682619215570E+01  3.181947789745E-14 -4.175287048281E-02  2.839166288653E+02  2.314652120883E-01  2.907181208752E-01 -1.603155062264E-01  1.233095475445E-03 -7.239087339325E-01  1.835984103058E+00  1.149763745745E-03 -2.639527121745E-02  2.524550747198E-02 -1.970378029251E-02 -9.770985664117E-04 -5.144531370750E-07  4.977615087489E-06  6.611684103726E-06  9.346220746655E-02  5.144532001810E-07  7.418028117566E-03 -7.876573628987E-20 -1.661179517635E-20  4.558799689451E-20 -1.223966731658E-03
  2.366364245106E+02  2.392459708782E+02  1.685567313380E+01  3.354095271200E-14 -3.938311464792E-02  2.848989826301E+02  2.308671132772E-01  2.908794963093E-01 -1.592518175932E-01  1.122420149349E-03 -6.847533709832E-01  1.826736703155E+00  7.543430113598E-04 -2.513090135503E-02  2.437655834338E-02 -1.947374150011E-02 -8.854424467515E-04 -4.760321169565E-06  4.068182298604E-06  5.070074203371E-06  9.121571658478E-02  4.760321252078E-06  7.901568985347E-03 -7.840789835692E-20  3.633877625826E-21  3.993775811482E-20 -1.207222346760E-03
  2.418555172459E+02  2.445433500046E+02  1.688566866496E+01  3.349912159010E-14 -3.660515772830E-02  2.859001212897E+02  2.301725981432E-01  2.907270854277E-01 -1.581347736807E-01  1.041283758663E-03 -6.383272514240E-01  1.817186551433E+00  3.234754206760E-04 -2.388416157039E-02  2.356068614977E-02 -1.916743705068E-02 -9.729083064658E-04 -3.773320811390E-06  4.527357134011E-06  2.589330048254E-06  8.935114087152E-02  3.773320848301E-06  9.206978222945E-03 -8.776724562131E-20  4.284249921609E-22  2.947899302363E-20 -1.189009455453E-03
  2.472311827633E+02  2.499996505047E+02  1.691570501170E+01  3.347898752208E-14 -3.319566938068E-02  2.869048233760E+02  2.293134677271E-01  2.902138605866E-01 -1.570148125857E-01  9.133136071344E-04 -5.811445492822E-01  1.809776892341E+00 -1.349324717304E-04 -2.256351803461E-02  2.269845050656E-02 -1.890445277620E-02 -1.167765933124E-03 -3.721114497051E-06  5.538500408457E-06  9.825640559440E-07  8.770610726932E-02  3.721114450941E-06  1.044844651811E-02 -7.933203473640E-20  1.417548049867E-20  2.345811124807E-20 -1.179078565920E-03
  2.527681182462E+02  2.556196400198E+02  1.694637900162E+01  3.537429319374E-14 -2.936457192874E-02  2.879329978928E+02  2.283473724130E-01  2.897758768080E-01 -1.557956865025E-01  8.148758916801E-04 -5.162516380870E-01  1.802118741779E+00 -5.045059192773E-04 -2.116695513254E-02  2.167146105155E-02 -1.882548822282E-02 -1.135335873123E-03 -4.308596398295E-06  6.216320362666E-06  3.908056726239E-07  8.705781412990E-02  4.308596490450E-06  1.154644693433E-02 -6.465938871973E-20 -4.638844263109E-22  3.963343838854E-20 -1.175292163534E-03
  2.584711617935E+02  2.614082292204E+02  1.697776974534E+01  3.782774440908E-14 -2.495953554091E-02  2.889874805595E+02  2.273168979115E-01  2.889824282474E-01 -1.546419550484E-01  6.933131670466E-04 -4.409813614839E-01  1.796795535331E+00 -9.578662054645E-04 -1.982710529460E-02  2.078497149984E-02 -1.882482766727E-02 -1.244149465565E-03 -5.951981056849E-06  6.258798845202E-06  3.816871938034E-06  8.634442736845E-02  5.951981031700E-06  1.145101780813E-02 -6.846880673846E-20 -8.563179182403E-22  2.583457384313E-20 -1.175058152069E-03
  2.643452966473E+02  2.673704760971E+02  1.700978078217E+01  3.835835237405E-14 -2.095912181486E-02  2.900644803868E+02  2.262567191907E-01  2.887358338110E-01 -1.533664967451E-01  5.511670978273E-04 -3.722384834740E-01  1.792237459772E+00 -1.385588395039E-03 -1.854762540158E-02  1.993321379628E-02 -1.877562806606E-02 -1.083233882482E-03 -5.546530582265E-06  5.898215961213E-06  7.307407902932E-06  8.478712237247E-02  5.546530595902E-06  1.047070571062E-02 -6.549138466773E-20 -1.009305683632E-20  2.291541625060E-20 -1.168826903089E-03
  2.703956555468E+02  2.735115903800E+02  1.704189825734E+01  3.534363195630E-14 -1.704459943016E-02  2.911457921837E+02  2.251204728611E-01  2.883095579171E-01 -1.521041615062E-01  4.628715417666E-04 -3.048105994044E-01  1.788690163027E+00 -1.924023642231E-03 -1.714439820373E-02  1.906842184593E-02 -1.866291644654E-02 -1.165030749326E-03 -3.165440726441E-06  5.483072625948E-06  9.365258774569E-06  8.258213651747E-02  3.165440654370E-06  9.642416924946E-03 -9.039319395378E-20  1.025928718399E-20  2.298150705467E-20 -1.162365476063E-03
  2.766275252132E+02  2.798369380914E+02  1.707411134503E+01  3.089669261177E-14 -1.343826432911E-02  2.922320262410E+02  2.239485626425E-01  2.878790844128E-01 -1.507429241363E-01  3.402106045546E-04 -2.430309763121E-01  1.784319030425E+00 -2.441842849188E-03 -1.581929199560E-02  1.826113484492E-02 -1.852379612177E-02 -1.107361487711E-03 -5.655220806923E-06  5.482285825686E-06  1.210489839620E-05  8.061024048962E-02  5.655220734479E-06  8.508915577785E-03 -6.000940011960E-20 -2.988636335761E-21  3.361649319512E-20 -1.152426081256E-03
  2.830463509696E+02  2.863520462341E+02  1.710658292693E+01  2.881766613533E-14 -1.019586644004E-02  2.933287485022E+02  2.227231853317E-01  2.877966589871E-01 -1.494027155371E-01  2.470933740366E-04 -1.868134483891E-01  1.781883543299E+00 -2.976433671258E-03 -1.437226425221E-02  1.734869792309E-02 -1.834701640978E-02 -8.897335983209E-04 -7.390888355763E-06  5.645398889877E-06  1.108069041760E-05  7.897043424806E-02  7.390888370951E-06  6.917796109918E-03 -5.609406095822E-20  2.962845813486E-21  3.035696298953E-20 -1.140168402068E-03
  2.896577414987E+02  2.930626076211E+02  1.713937799559E+01  2.826363680134E-14 -7.713728709117E-03  2.944382064610E+02  2.214575429339E-01  2.866513128973E-01 -1.480128285768E-01  1.457273118077E-04 -1.436584609910E-01  1.775812753047E+00 -3.483675084998E-03 -1.274381673717E-02  1.622749182226E-02 -1.809994249876E-02 -6.021209188512E-04 -9.614045663897E-06  5.971066810922E-06  8.590522448065E-06  7.708487867054E-02  9.614045626803E-06  6.074600663844E-03 -7.935128545771E-20  7.342365068522E-21  3.481493484594E-20 -1.119881206759E-03
  2.964674737436E+02  2.999744858498E+02  1.717218395460E+01  2.761813173990E-14 -5.039647409359E-03  2.955511750517E+02  2.200461509486E-01  2.857925121102E-01 -1.465820284548E-01  8.694627835621E-05 -9.665488427874E-02  1.774171508230E+00 -3.918674867948E-03 -1.131930812174E-02  1.523798298997E-02 -1.775238444140E-02 -5.776648107900E-04 -9.678808700707E-06  7.181029515574E-06  7.786510057620E-06  7.519790619779E-02  9.678808673363E-06  5.772456096571E-03 -7.176758823148E-20 -2.461450979347E-21  3.252198125891E-21 -1.102021347768E-03
  3.034814979559E+02  3.070937204253E+02  1.720529992029E+01  2.667029820371E-14 -2.667736308669E-03  2.966774171685E+02  2.184464812887E-01  2.849338431295E-01 -1.451187241400E-01 -4.714256461990E-05 -5.440859367330E-02  1.776311777912E+00 -4.371465491445E-03 -1.001949849550E-02  1.439096398725E-02 -1.747416663084E-02 -4.798718734233E-04 -4.610988260925E-06  8.276280913581E-06  6.095040045061E-06  7.295801671956E-02  4.610988230892E-06  5.820254619626E-03 -8.593892753759E-20  4.731171364322E-21 -9.377383990364E-21 -1.080009146395E-03
  3.107059428946E+02  3.144265320380E+02  1.723807210869E+01  2.496185000598E-14  2.142295551958E-04  2.977933659697E+02  2.167445766444E-01  2.841326860527E-01 -1.436325348185E-01 -1.181090883299E-04 -3.438011090469E-03  1.777067012050E+00 -4.764738018330E-03 -8.553634931459E-03  1.331837295002E-02 -1.713398754597E-02 -6.675813754305E-04 -4.522203420252E-07  8.994213901896E-06  3.777719975562E-06  7.088377881424E-02  4.522203018324E-07  5.942284424278E-03 -8.459348911809E-20 -7.137650797836E-22  2.070411778104E-20 -1.065308740724E-03
  3.181471211814E+02  3.219793279992E+02  1.727123027458E+01  2.100690628393E-14  2.864053388059E-03  2.989258000553E+02  2.148956577149E-01  2.836460722041E-01 -1.421415021571E-01 -2.070828352853E-04  4.306696445565E-02  1.777536656483E+00 -5.273380212598E-03 -7.132340677728E-03  1.240572089030E-02 -1.695940168404E-02 -6.288212598853E-04  1.436819120191E-07  9.405106234436E-06 -1.016824062489E-06  6.961969188976E-02 -1.436820210565E-07  4.497885490683E-03 -4.070054937659E-20  4.080137161574E-21  2.875568622711E-20 -1.053745042145E-03
  3.258115348169E+02  3.297587078391E+02  1.730478053867E+01  1.524534549528E-14  4.540499183815E-03  3.000715444727E+02  2.128327155065E-01  2.832074676194E-01 -1.406188635144E-01 -3.552496021275E-04  7.392733743540E-02  1.775593003462E+00 -5.648539432660E-03 -5.727804482936E-03  1.137634391577E-02 -1.673739897756E-02 -2.769921690234E-04  3.492268185012E-07  8.797273711800E-06 -6.740761049048E-06  6.784703457937E-02 -3.492267890671E-07  2.630566157122E-03 -7.666817891140E-20  8.729737504710E-21 -1.274968853981E-21 -1.039096167630E-03
  3.337058808614E+02  3.377714690743E+02  1.733820821890E+01  1.000984827434E-14  5.473580221525E-03  3.012174562724E+02  2.104880098188E-01  2.826135960473E-01 -1.391102944176E-01 -4.301502592092E-04  9.272842997404E-02  1.781714040915E+00 -6.035214086290E-03 -4.329260559278E-03  1.036447464578E-02 -1.650649209792E-02  1.550091809138E-04  2.689202598483E-06  8.159847685629E-06 -1.236602949185E-05  6.546861191771E-02 -2.689202653403E-06  2.308825676551E-03 -7.382362822695E-20  7.261081967867E-21 -6.711966209512E-22 -1.017210904919E-03
  3.418370572872E+02  3.460246131465E+02  1.737134262551E+01  7.501511564700E-15  6.881777110657E-03  3.023552182479E+02  2.079871561240E-01  2.810696621677E-01 -1.376288834744E-01 -5.766103182127E-04  1.194299768719E-01  1.791455525377E+00 -6.460612186281E-03 -2.807930725801E-03  9.268542912143E-03 -1.605671283862E-02 -1.709757033250E-05  2.000634949663E-06  7.909795577875E-06 -1.340935080409E-05  6.370503643298E-02 -2.000634955459E-06  3.101783282002E-03 -7.548332024331E-20 -4.826874555250E-21  3.153776188176E-21 -9.962732789945E-04
  3.502121690058E+02  3.545253515409E+02  1.740488718409E+01  7.385011583742E-15  8.705452613523E-03  3.035087518565E+02  2.054278749556E-01  2.790109787890E-01 -1.360640813334E-01 -5.903867431795E-04  1.533001880991E-01  1.793218257686E+00 -6.767888037408E-03 -1.571393995545E-03  8.339282032961E-03 -1.580644444544E-02 -1.395291311672E-04  2.769134692072E-06  8.151161529240E-06 -1.092413229745E-05  6.065313056203E-02 -2.769134709753E-06  3.037269660110E-03 -7.150691091241E-20  4.430946403254E-21 -8.094681335409E-21 -9.632270368602E-04
  3.588385340760E+02  3.632811120872E+02  1.743671310236E+01  7.699128950119E-15  1.013815906018E-02  3.046041743715E+02  2.029191067575E-01  2.774407931312E-01 -1.346411165850E-01 -7.022827595025E-04  1.800638091394E-01  1.799453378689E+00 -7.045048586490E-03 -2.246963032539E-04  7.269744889982E-03 -1.504798454710E-02 -9.088247460944E-05  5.613268442444E-07  7.931552202440E-06 -6.082987752125E-06  5.909535168560E-02 -5.613268707517E-07  1.858641586418E-03 -3.423825204061E-20  1.878051835971E-21 -9.219327965336E-21 -9.441311401227E-04
  3.677236900983E+02  3.722995454498E+02  1.747051433708E+01  8.512238946120E-15  1.075158874118E-02  3.057698036778E+02  2.004986064111E-01  2.747491658766E-01 -1.330507889383E-01 -6.785061706800E-04  1.917160694269E-01  1.809783429222E+00 -7.379743243985E-03  1.130951407079E-03  6.248791836716E-03 -1.533451263041E-02 -5.229104243039E-06 -8.956274986634E-08  6.796435842545E-06 -8.608906327247E-06  5.830707975314E-02  8.956276651493E-08  1.293959282273E-03 -6.219320677104E-20 -1.232037026543E-21 -1.182439084436E-20 -9.557853446716E-04
  3.768754008012E+02  3.815885318133E+02  1.750342754814E+01  8.553302742002E-15  1.161397631523E-02  3.069079172696E+02  1.981517020923E-01  2.722744289430E-01 -1.316660853033E-01 -7.785226704226E-04  2.078781803320E-01  1.819822002479E+00 -7.599721293544E-03  2.414008684021E-03  5.185712609515E-03 -1.510819433692E-02 -1.356367385578E-05  2.148389413239E-06  5.512706356884E-06 -9.542458863527E-06  5.736025007630E-02 -2.148389404896E-06  9.691953427420E-04 -7.006096438887E-20 -7.594823642875E-21 -1.814888897964E-20 -9.545985934325E-04
  3.863016628253E+02  3.911561877677E+02  1.753810123501E+01  4.950995053747E-15  1.190744960721E-02  3.081100726849E+02  1.960043599216E-01  2.684065607888E-01 -1.301560059342E-01 -8.246031089236E-04  2.128557329588E-01  1.840508719557E+00 -7.937915021593E-03  3.723555139627E-03  4.214359881923E-03 -1.554771968742E-02  2.522706314238E-04  3.176260022786E-06  3.515903571773E-06 -7.596776521223E-06  5.792914783634E-02 -3.176260059961E-06  8.602026209498E-04 -8.766242531110E-20 -5.077222851080E-21 -2.336299299082E-20 -9.765280512993E-04
  3.960107127100E+02  4.010108734007E+02  1.757372314260E+01  1.500041410529E-15  1.269513100749E-02  3.093472351315E+02  1.941023873298E-01  2.657783040911E-01 -1.286141398496E-01 -8.841620480222E-04  2.265016295740E-01  1.854301229304E+00 -8.288184347859E-03  4.992312161066E-03  3.295872186615E-03 -1.564731695738E-02  1.505955094045E-05  7.465330220406E-06  1.856091611406E-06 -3.758950702779E-06  5.927746460278E-02 -7.465330261406E-06  7.464254051227E-04 -5.810891291418E-20  1.291978826369E-21 -3.159416203832E-20 -9.898134604836E-04
  4.060110340913E+02  4.111611996027E+02  1.761218832225E+01  4.111723114764E-15  1.287908983138E-02  3.106888649102E+02  1.922839344826E-01  2.616551290804E-01 -1.269558922678E-01 -1.000125335882E-03  2.291680193170E-01  1.869343372297E+00 -8.376053172289E-03  6.215045698862E-03  2.161007473424E-03 -1.605993971528E-02  1.007773742432E-04  4.837759058838E-06  1.661171221066E-06 -6.329569443642E-07  5.981518922866E-02 -4.837759006317E-06  2.066451117246E-03 -5.649853319915E-20 -1.498774973853E-21 -3.944532559108E-20 -1.003763276009E-03
  4.163113651141E+02  4.216160355908E+02  1.765073863559E+01  9.240245143112E-15  1.535591953975E-02  3.120360646838E+02  1.904787066029E-01  2.561117843217E-01 -1.254378220474E-01 -9.933953492304E-04  2.715386046755E-01  1.884876123715E+00 -8.453903774943E-03  7.130479273049E-03  1.323424501766E-03 -1.603233332090E-02 -3.408736492872E-04  1.508573539598E-06  2.442920364978E-06 -5.067203558151E-07  5.846070384721E-02 -1.508573537070E-06  5.508465862973E-04 -6.263247351191E-20  9.863627807593E-21 -3.388530926909E-20 -9.976204908260E-04
  4.269207060675E+02  4.323845166585E+02  1.768973967629E+01  1.349342339252E-14  1.357977560740E-02  3.134024875804E+02  1.886739156858E-01  2.517097319529E-01 -1.236014541498E-01 -1.055080725686E-03  2.398131141308E-01  1.898276993420E+00 -8.631573407047E-03  8.107744679365E-03  5.238287278752E-04 -1.586523520236E-02  5.612640563357E-04 -7.742944956550E-07  3.651554395486E-06  3.708963436375E-06  5.649547961316E-02  7.742945660709E-07 -1.030143429407E-03 -6.472477918867E-20  9.882130359678E-21 -2.408145176852E-20 -9.780867452129E-04
  4.378483272495E+02  4.434760521583E+02  1.772791108958E+01  1.906727322328E-14  1.391117990500E-02  3.147417760539E+02  1.868471093757E-01  2.487325859944E-01 -1.219212667056E-01 -1.112937213492E-03  2.467721729263E-01  1.917969171101E+00 -9.003687353317E-03  9.046598314696E-03 -4.291096136842E-05 -1.535454523490E-02  9.570617992359E-05  1.794512783068E-06  5.034780678931E-06  1.454455863604E-06  5.444961352104E-02 -1.794512802000E-06 -1.079682686487E-03 -5.968755195541E-20 -6.487587235549E-21 -4.998083742491E-20 -9.543261595265E-04
  4.491037770670E+02  4.549003337230E+02  1.776632925292E+01  2.522409769482E-14  1.204092119679E-02  3.160905938777E+02  1.849863268484E-01  2.445870913527E-01 -1.198439733020E-01 -1.102043542456E-03  2.152351866088E-01  1.937629161047E+00 -9.199381302994E-03  1.016973221612E-02 -9.703509132076E-04 -1.530859262070E-02  6.988387969095E-04 -2.154977415084E-06  5.459466275589E-06 -1.875616441885E-06  5.402488555011E-02  2.154977506419E-06 -2.250206629384E-03 -6.278328020265E-20  2.433106519313E-21 -4.945093669614E-20 -9.609696236969E-04
  4.606968903790E+02  4.666673437347E+02  1.780619109174E+01  2.754876188282E-14  1.063908405811E-02  3.174933463471E+02  1.833644828629E-01  2.424022017763E-01 -1.178941171280E-01 -1.290621385639E-03  1.911508936495E-01  1.961081472448E+00 -9.341418116210E-03  1.117235585871E-02 -1.830937742519E-03 -1.539252524099E-02  5.654851246005E-04 -1.050861364990E-06  4.543952838529E-06 -3.821135662747E-07  5.341973474550E-02  1.050861396034E-06 -1.989818646027E-03 -6.409776921653E-20 -6.264253893708E-21 -4.056595549291E-20 -9.567457204821E-04
  4.726377970904E+02  4.787873640468E+02  1.784606807124E+01  2.286122622227E-14  9.070040374723E-03  3.189007245769E+02  1.818560550163E-01  2.393905168197E-01 -1.154662301017E-01 -1.396294902896E-03  1.642323462647E-01  1.992504215720E+00 -9.400992694509E-03  1.215370150813E-02 -2.752708813764E-03 -1.536704117399E-02  4.742921795969E-04  2.282119226198E-06  2.895267525281E-06  6.206298211392E-06  5.333310131037E-02 -2.282119265952E-06 -9.818260400020E-04 -6.538426423858E-20  2.195272728799E-21 -3.633842647026E-20 -9.767174552645E-04
  4.849369310031E+02  4.912709849682E+02  1.788818678202E+01  1.329106674256E-14  9.150839033471E-03  3.203896787090E+02  1.800000950888E-01  2.361463186368E-01 -1.131743358298E-01 -1.775917337682E-03  1.666481590037E-01  2.019101903899E+00 -9.492982147584E-03  1.294342864708E-02 -3.450446499635E-03 -1.574502708472E-02  9.561447675155E-05 -9.550989291257E-08  8.408727131826E-07  4.760557680702E-06  5.209513686278E-02  9.550988415821E-08  1.343571254171E-03 -7.097188254742E-20 -2.380085359664E-22 -4.306320456848E-20 -9.662300542292E-04
  4.976050389332E+02  5.041291145172E+02  1.792854110625E+01 -8.666904000032E-16  1.120137609095E-02  3.218209604875E+02  1.777522031478E-01  2.321658002110E-01 -1.106181599874E-01 -2.030478284556E-03  2.051123557419E-01  2.065893352963E+00 -9.562237762334E-03  1.399796067959E-02 -4.435722917588E-03 -1.533820975277E-02 -4.510972312462E-04 -5.927302994845E-07 -5.620915022218E-07  3.832728238775E-06  5.281298643960E-02  5.927302235944E-07  2.364999761017E-03 -5.738099063081E-20  1.303462921760E-20 -4.689190602340E-20 -9.880901123278E-04
  5.106531901012E+02  5.173729879527E+02  1.797431407175E+01 -1.204560033894E-14  1.299645794407E-02  3.234480334655E+02  1.753155319620E-01  2.272025835441E-01 -1.080904355769E-01 -2.347680152469E-03  2.377949143724E-01  2.111386731626E+00 -9.717834212724E-03  1.495554849490E-02 -5.237714282220E-03 -1.641530426260E-02 -3.172236292750E-04 -1.404865296631E-07 -1.346692097592E-06  4.268434424155E-06  5.343038655508E-02  1.404864922968E-07  1.913577338520E-03 -4.935828393319E-20  7.226500402316E-21 -4.212360307380E-20 -1.025545654070E-03
  5.240927858042E+02  5.310141775913E+02  1.801831167685E+01 -1.382942400642E-14  1.440254392812E-02  3.250177247169E+02  1.729044827419E-01  2.214762316108E-01 -1.053810736005E-01 -2.691249395282E-03  2.637463868756E-01  2.131864635165E+00 -9.775733368221E-03  1.554009400232E-02 -5.764360633872E-03 -1.605618104523E-02 -2.920693649187E-04  1.189019370452E-06 -2.628271278789E-06  1.725790962704E-06  5.099043382191E-02 -1.189019366811E-06  4.899320116705E-04 -6.411740861120E-20  3.850197747068E-21 -4.244532813355E-20 -9.904185421450E-04
  5.379355693784E+02  5.450646029190E+02  1.806255403667E+01 -1.360794839080E-14  1.382262658610E-02  3.266008063658E+02  1.702938058305E-01  2.164504335005E-01 -1.025186957593E-01 -2.935696453107E-03  2.537642654408E-01  2.173486435578E+00 -9.855926607735E-03  1.624055166343E-02 -6.384625055247E-03 -1.582894012700E-02  2.005353539273E-04 -1.521971354537E-07 -3.525738625441E-06 -3.819888870499E-07  4.937435411692E-02  1.521971361129E-07 -2.875285574295E-04 -7.165055214569E-20  6.583118149805E-21 -4.982162179422E-20 -9.925102044315E-04
  5.521936364597E+02  5.595365410066E+02  1.810631803993E+01 -1.804065028153E-14  1.390421515040E-02  3.281688700560E+02  1.670516795856E-01  2.130941399069E-01 -9.971722178210E-02 -3.152372512412E-03  2.574828288774E-01  2.222949610259E+00 -1.010494951260E-02  1.704451882502E-02 -6.939569312335E-03 -1.596873101217E-02  2.806741522181E-04  3.924328901560E-06 -3.615903249591E-06  5.699440976432E-06  4.790176921349E-02 -3.924328909226E-06 -1.368812833053E-03 -7.014596527551E-20  6.433125762989E-22 -1.332532041179E-20 -9.925633121177E-04
  5.668794455535E+02  5.743794455535E+02  1.815050257318E+01 -2.415175264642E-14  1.134133255566E-02  3.297562830791E+02  1.633753080177E-01  2.100058380898E-01 -9.666411933642E-02 -3.453143263233E-03  2.137747478757E-01  2.249277356340E+00 -1.029353354622E-02  1.738018525950E-02 -7.086651713208E-03 -1.567198520860E-02  5.359295872368E-04 -1.720503401673E-06 -4.927805433747E-06  5.510497131637E-06  4.743150789162E-02  1.720503380474E-06 -2.586714886095E-03 -5.361982041506E-20  1.976346690735E-20 -3.380765533252E-20 -9.794402312310E-04
  5.818794455535E+02  5.893794455535E+02  1.819525453519E+01 -2.735571578288E-14  9.040087177066E-03  3.313711469563E+02  1.595068043032E-01  2.095568449352E-01 -9.379159014258E-02 -3.683561664843E-03  1.752394666137E-01  2.235821839390E+00 -1.008994854852E-02  1.716044268399E-02 -7.070494135524E-03 -1.549982217539E-02  2.405316410152E-04 -1.206734101670E-06 -6.170420916312E-06  3.316859555797E-06  4.693775074716E-02  1.206734094832E-06 -1.842803470741E-03 -4.942797275413E-20  1.823135007526E-20 -3.275578508468E-20 -9.679312707771E-04
  5.968794455535E+02  6.043794455535E+02  1.823849969607E+01 -2.894104718607E-14  7.859720098981E-03  3.329379003886E+02  1.556137637282E-01  2.076392771102E-01 -9.075572401725E-02 -3.891041042204E-03  1.574266383304E-01  2.215469597591E+00 -1.026892807645E-02  1.714129253368E-02 -6.872364456999E-03 -1.523646976046E-02  2.057727722586E-04 -8.722549685359E-07 -7.133761285286E-06  5.449690019665E-06  4.489544951598E-02  8.722549569159E-07 -2.222065406887E-03 -4.310034131790E-20  1.060610871936E-20 -4.190937188722E-20 -9.211489991349E-04
  6.118794455535E+02  6.193794455535E+02  1.827941903456E+01 -3.198707762784E-14  4.865063910376E-03  3.344220652680E+02  1.520966560251E-01  2.057471858507E-01 -8.780224864054E-02 -4.006412135660E-03  1.070721975822E-01  2.185764690238E+00 -1.016348720587E-02  1.693725503533E-02 -6.773767829362E-03 -1.433488978894E-02  5.318956074077E-04 -1.089421618876E-08 -7.936444110149E-06  4.887333619967E-06  4.312016285889E-02  1.089422649420E-08 -2.145031681759E-03 -4.551148768773E-20  1.637333860644E-20 -2.129960493913E-20 -8.764401167218E-04
  6.268794455535E+02  6.343794455535E+02  1.831933258687E+01 -3.343852365140E-14  3.826025366533E-03  3.358720311615E+02  1.487982831275E-01  2.027804934694E-01 -8.460564870248E-02 -4.088755631044E-03  9.167536252956E-02  2.148333823199E+00 -9.884448862970E-03  1.643991701921E-02 -6.555468156426E-03 -1.377610172906E-02  4.369446113144E-04 -8.387203657063E-07 -7.170570295639E-06  7.372202280633E-06  4.255447565550E-02  8.387203563696E-07 -6.806814711504E-04 -3.347359742630E-20  5.098307896279E-21 -3.246407663557E-20 -8.573264547083E-04
  6.418794455535E+02  6.493794455535E+02  1.835918938591E+01 -3.073665222804E-14  3.593379684646E-03  3.373218342237E+02  1.455416654287E-01  1.987768372129E-01 -8.110589674408E-02 -4.128116419592E-03  8.937680342895E-02  2.116560985371E+00 -9.671475112892E-03  1.599023531271E-02 -6.318760199963E-03 -1.350166903879E-02  2.374221234775E-04 -9.542725173291E-07 -5.002922056662E-06  2.682604720266E-06  4.192852385434E-02  9.542725593898E-07  9.027417309684E-04 -2.884339414222E-20  1.342351034786E-20 -4.190703864429E-20 -8.183065346019E-04
  6.568794455535E+02  6.643794455535E+02  1.839794542558E+01 -2.911892312922E-14  5.534148881146E-03  3.387352776288E+02  1.419422708184E-01  1.937727430054E-01 -7.773220327015E-02 -4.112849669625E-03  1.259587974994E-01  2.093340646360E+00 -9.705001342575E-03  1.582503406587E-02 -6.120032723336E-03 -1.271178277097E-02 -1.622998247437E-04  1.720717505718E-06 -2.420259835699E-06 -2.482312980444E-06  3.975420059310E-02 -1.720717524427E-06  1.405399100922E-03 -1.788193553551E-20  1.407085963771E-20 -2.754479449572E-20 -7.761687485122E-04
  6.718794455535E+02  6.793794455535E+02  1.843375558607E+01 -3.099417915607E-14  6.225953669592E-03  3.400431627474E+02  1.382372207192E-01  1.880626831289E-01 -7.410071381601E-02 -4.199438607961E-03  1.387660017571E-01  2.060783000908E+00 -9.585835192814E-03  1.538730536573E-02 -5.801470172926E-03 -1.209110237705E-02 -1.376607357260E-05  3.317802649735E-06 -1.289789692728E-06 -6.248401710531E-06  3.719628970646E-02 -3.317802622950E-06 -3.514707062693E-04 -2.404021378533E-20 -2.276902236766E-21 -3.234073295599E-20 -7.331214207664E-04
  6.868794455535E+02  6.943794455535E+02  1.846773174716E+01 -3.134396706304E-14  4.876059013795E-03  3.412855589571E+02  1.345272829537E-01  1.828318683233E-01 -7.052286213741E-02 -4.007498311769E-03  1.107056631936E-01  2.037003751765E+00 -9.394269885369E-03  1.512432875363E-02 -5.730058868215E-03 -1.139214829430E-02  1.399124954722E-04  1.094581747655E-07 -1.611874321830E-06 -6.043144403732E-06  3.714104282034E-02 -1.094581728271E-07 -1.096081297491E-03 -2.814397155523E-20  1.250450967345E-20 -3.506908271697E-20 -7.098602336141E-04
  7.018794455535E+02  7.093794455535E+02  1.850341484443E+01 -2.821899137972E-14  4.173941786560E-03  3.425936882366E+02  1.308535259732E-01  1.767808641950E-01 -6.691089818141E-02 -3.927845597749E-03  9.602388138637E-02  2.012962359905E+00 -9.135220397270E-03  1.472545160512E-02 -5.590231207749E-03 -1.125568045285E-02  2.355929492666E-05  1.760970328820E-06 -2.652076315156E-06 -3.119481303296E-06  3.595024766180E-02 -1.760970290292E-06  1.082268816511E-03 -9.501639620063E-21  1.207604918736E-20 -4.256814660959E-20 -6.722745013807E-04
  7.168794455535E+02  7.243794455535E+02  1.853512774313E+01 -2.793807459683E-14  6.905569804624E-03  3.437586843495E+02  1.270401891894E-01  1.724595383331E-01 -6.341143266871E-02 -3.767319022333E-03  1.454436658838E-01  1.984566365473E+00 -9.031865535149E-03  1.434841209822E-02 -5.316546563180E-03 -1.031552189854E-02 -5.793875249406E-04  2.520700178945E-06 -2.972047320741E-06 -6.366971417277E-07  3.397501111060E-02 -2.520700197324E-06  2.950482955718E-04 -1.446254914433E-20  1.067429163250E-20 -4.527565387060E-20 -6.328507203365E-04
  7.318794455535E+02  7.393794455535E+02  1.856710461886E+01 -2.849892659825E-14  4.738451823036E-03  3.449340470956E+02  1.229421298157E-01  1.672307299024E-01 -5.973165711480E-02 -3.452901116719E-03  1.032465414597E-01  1.948220035906E+00 -8.852967615915E-03  1.393177594189E-02 -5.078808326186E-03 -9.844891481314E-03  2.399250264921E-04  6.215732006653E-07 -2.314607450214E-06 -5.216312228291E-07  3.156659450181E-02 -6.215731867607E-07 -1.440816390789E-03 -2.089870456783E-20  1.257665921599E-20 -3.736220499709E-20 -5.758584164829E-04
  7.468794455535E+02  7.543794455535E+02  1.859430995581E+01 -2.741504477137E-14  4.216108594219E-03  3.459344064365E+02  1.183373232122E-01  1.623947769966E-01 -5.629477202801E-02 -3.226721362282E-03  9.090014439579E-02  1.923957271780E+00 -8.564371509066E-03  1.355200101283E-02 -4.987629503737E-03 -8.666656275935E-03 -1.410257634942E-04 -1.107593112137E-06 -1.970412609176E-06 -6.090197796941E-07  2.791105776110E-02  1.107593099901E-06 -1.581931208035E-03 -1.837465344830E-20  1.039671023715E-20 -3.515520383779E-20 -5.244576537609E-04
  7.618794455535E+02  7.693794455535E+02  1.861943844205E+01 -2.666878754868E-14  1.771544124120E-03  3.468575526009E+02  1.135064901944E-01  1.550347907351E-01 -5.286980295959E-02 -2.929651298149E-03  4.376683783125E-02  1.887015864162E+00 -8.426583464460E-03  1.324712008991E-02 -4.820536625535E-03 -8.067643620084E-03  2.185922833774E-04  5.608749587624E-07 -1.254821558632E-06  1.204173821135E-06  2.620641393283E-02 -5.608749473507E-07 -3.973309321139E-03 -1.160236547762E-20  9.035136017914E-21 -4.875005081735E-20 -4.857219670454E-04
  7.768794455535E+02  7.843794455535E+02  1.864345061664E+01 -2.428061253214E-14 -3.251348285276E-03  3.477417802696E+02  1.084959737009E-01  1.497358363294E-01 -4.946638305078E-02 -2.626539253142E-03 -4.983636207078E-02  1.847339456320E+00 -8.264434804936E-03  1.292025365261E-02 -4.655818847656E-03 -7.533573669057E-03  6.674643949665E-04 -3.038812577427E-06 -1.635152160025E-07  3.954851052754E-06  2.553778658560E-02  3.038812596040E-06 -3.418796187335E-03 -2.139960840563E-20  6.564975951870E-21 -3.703358901687E-20 -4.602292489870E-04
  7.918794455535E+02  7.993794455535E+02  1.866732371897E+01 -2.189456341922E-14 -4.662306842203E-03  3.486237081128E+02  1.033861591407E-01  1.460037567195E-01 -4.607079279005E-02 -2.316773073261E-03 -7.623673151774E-02  1.808368834023E+00 -7.815232279245E-03  1.242587258711E-02 -4.610640307832E-03 -7.235095820792E-03  3.999084037588E-04 -4.130508635859E-07  5.012092916238E-09  6.461808311752E-06  2.663479322873E-02  4.130508400354E-07 -3.022545502455E-03 -2.192125751913E-20  1.101191014705E-20 -3.817435129217E-20 -4.573525647633E-04
  8.068794455535E+02  8.143794455535E+02  1.869339323105E+01 -2.023713835397E-14 -8.931202952974E-03  3.495897972720E+02  9.829070753923E-02  1.419176099326E-01 -4.267907888000E-02 -2.043808226398E-03 -1.562279230095E-01  1.781910100378E+00 -7.376650755627E-03  1.200784283580E-02 -4.631192080157E-03 -7.556106318377E-03  5.315577274477E-04 -1.195215567084E-07 -8.933803705172E-07  7.399751616678E-06  2.836684612209E-02  1.195215941547E-07 -1.911996845777E-03 -3.596371176269E-21  1.322405687203E-20 -3.756718390047E-20 -4.889862245581E-04
  8.218794455535E+02  8.293794455535E+02  1.872051783368E+01 -1.651261448179E-14 -8.248361041302E-03  3.505975391248E+02  9.320064015217E-02  1.381763469015E-01 -3.935881904749E-02 -1.986110307359E-03 -1.436973612067E-01  1.744821970779E+00 -7.124656392275E-03  1.154860230064E-02 -4.423945908373E-03 -7.772518618126E-03 -1.864948321925E-04  2.346751952759E-06 -2.396865093166E-06  6.584292757996E-06  2.796368321691E-02 -2.346751944499E-06 -8.726053427198E-04 -1.688072608945E-20  1.047286818565E-20 -2.641915795875E-20 -4.590594992023E-04
  8.368794455535E+02  8.443794455535E+02  1.874581730956E+01 -1.471318032686E-14 -1.056334603405E-02  3.515378876098E+02  8.826435805834E-02  1.342674911473E-01 -3.582352161650E-02 -1.767000515762E-03 -1.874251342948E-01  1.697691468677E+00 -6.682782258632E-03  1.081157831378E-02 -4.128796055120E-03 -6.929936394055E-03  1.660342127191E-04 -3.629061655597E-07 -2.812693937257E-06  6.994041250349E-06  2.528784964817E-02  3.629061930833E-07  7.083522156549E-04 -1.403041808710E-20  1.597354064487E-22 -8.591055341911E-21 -4.106577108692E-04
  8.518794455535E+02  8.593794455535E+02  1.876790974542E+01 -1.679978783401E-14 -6.907484804774E-03  3.523607549762E+02  8.333581014901E-02  1.290065186744E-01 -3.241371962615E-02 -1.624270355842E-03 -1.194770592588E-01  1.666748294201E+00 -6.634841166825E-03  1.035369285705E-02 -3.718851690371E-03 -6.274991919034E-03 -7.330254387462E-04 -1.674860387618E-06 -1.603242841798E-06  5.290829476366E-06  2.449213272554E-02  1.674860382592E-06  1.886964592659E-03 -1.166281565806E-20  7.060592739778E-21 -3.730293977754E-20 -3.810576499101E-04
  8.668794455535E+02  8.743794455535E+02  1.879172052484E+01 -1.885992693037E-14 -7.017054303893E-03  3.532476552651E+02  7.819126152738E-02  1.233463492217E-01 -2.896218968909E-02 -1.441481992397E-03 -1.213802135763E-01  1.639676000269E+00 -6.346756512942E-03  9.983526049537E-03 -3.636769536432E-03 -6.037569382087E-03 -2.321553592257E-04 -2.769786334038E-06  1.447267934343E-07 -1.121281810302E-06  2.372705165096E-02  2.769786368738E-06  2.830451974320E-03 -1.608145135706E-20  5.841213302425E-21 -3.469731488578E-20 -3.667242913136E-04
  8.818794455535E+02  8.893794455535E+02  1.881239067892E+01 -1.799865060233E-14 -1.615319482546E-03  3.540189888370E+02  7.278637016389E-02  1.175484026717E-01 -2.540568007736E-02 -1.339233616848E-03 -2.101008801761E-02  1.611461779110E+00 -6.246672678216E-03  9.718972118891E-03 -3.472299440617E-03 -5.549487883196E-03 -9.339887926810E-04  6.521463638995E-08  1.665156634725E-06 -3.517725397861E-06  2.306797447159E-02 -6.521463633353E-08  3.199016387839E-03 -9.830256295891E-21  1.058270581397E-20 -1.305926288191E-20 -3.454920375492E-04
  8.968794455535E+02  9.043794455535E+02  1.883497529549E+01 -1.613280834154E-14 -1.038387472286E-03  3.548639138792E+02  6.710680905157E-02  1.130320486887E-01 -2.206799248948E-02 -1.286561846425E-03 -1.108622584845E-02  1.586879393213E+00 -6.077618989811E-03  9.439238995032E-03 -3.361620005206E-03 -5.471872382423E-03 -2.391251801239E-04 -1.094014018324E-06  1.638262312383E-06 -5.096576690566E-06  2.153711438014E-02  1.094014061042E-06  1.119644436760E-03 -7.333083087353E-21  6.768904621865E-21 -3.044507338306E-20 -3.178316847124E-04
  9.118794455535E+02  9.193794455535E+02  1.885277579994E+01 -1.577577998790E-14  4.819209139824E-04  3.555303752321E+02  6.090371239478E-02  1.107977019085E-01 -1.855600695627E-02 -1.111321710441E-03  1.665899630182E-02  1.555799918079E+00 -5.856580689643E-03  9.010666425056E-03 -3.154085735414E-03 -4.660517331028E-03 -4.197069496093E-04 -2.456466240055E-06 -4.749020608468E-07 -5.689946191325E-06  1.857836253762E-02  2.456466228065E-06  1.364192745765E-03 -1.350880629698E-21 -1.318899589540E-21 -1.548397480107E-20 -2.755281313108E-04
  9.268794455535E+02  9.343794455535E+02  1.886980821842E+01 -1.630963622259E-14  1.528182759378E-03  3.561694846548E+02  5.366078153955E-02  1.108995312385E-01 -1.514996986578E-02 -9.785898960740E-04  3.618560690768E-02  1.539348092108E+00 -5.694061529754E-03  8.818679042104E-03 -3.124617512434E-03 -4.201248708847E-03 -2.204802274349E-04 -3.097818675755E-07 -2.300672428302E-06 -4.578502866140E-06  1.825584161406E-02  3.097818888883E-07  1.236635971930E-03 -8.485708618997E-21 -2.211550283787E-21 -1.248031849624E-20 -2.610892435816E-04
  9.418794455535E+02  9.493794455535E+02  1.888700840039E+01 -1.537966672419E-14  2.809880001380E-03  3.568185711391E+02  4.509803557009E-02  1.107536994695E-01 -1.169277251130E-02 -7.051019045365E-04  5.936946250286E-02  1.535395090379E+00 -5.565221380981E-03  8.744223382238E-03 -3.179002001352E-03 -4.239572352507E-03 -4.283063409880E-04  2.503396522263E-06 -3.372634489647E-06 -3.023923193612E-06  2.021874793412E-02 -2.503396537145E-06  1.727614011744E-03 -6.645560914481E-21 -9.852904150110E-22 -2.898943783125E-20 -2.702501358409E-04
  9.568794455535E+02  9.643794455535E+02  1.890771660014E+01 -1.220675716178E-14  4.764869154647E-03  3.576043252419E+02  3.481465505675E-02  1.106012865602E-01 -8.337207464356E-03 -5.416427692577E-04  9.441720855153E-02  1.548392250900E+00 -5.579794650576E-03  8.457205315353E-03 -2.877410664774E-03 -4.445836964228E-03 -4.691076323564E-04  3.682071414766E-06 -4.378615275664E-06 -2.632761334607E-07  2.420567112096E-02 -3.682071365313E-06  1.330750619245E-03 -2.955165031832E-21  4.775169540951E-22 -3.328086467247E-20 -3.047409913602E-04
  9.718794455535E+02  9.793794455535E+02  1.893238227610E+01 -7.106089732848E-15  5.298493172801E-03  3.585463563733E+02  2.220462758035E-02  1.170252776392E-01 -4.962616609513E-03 -2.531873725693E-04  1.034684282977E-01  1.655400448410E+00 -6.278077587630E-03  9.331198494187E-03 -3.053120906515E-03 -5.339302266392E-03 -4.019923278803E-04  2.403882990765E-06 -4.441925035119E-06  1.176179250815E-06  2.740545487820E-02 -2.403882983792E-06  1.145755889592E-03 -1.057622806823E-20  2.641705573920E-21 -2.274347281287E-20 -3.752253693033E-04
  9.868794455535E+02  9.943794455535E+02  1.895908442522E+01 -1.926277786006E-15  6.923858472318E-03  3.595833491290E+02  4.820354115014E-03  1.409111047573E-01 -1.504511428444E-03 -6.173341729919E-05  1.348895695985E-01  1.574430757812E+00 -6.194985863173E-03  6.956902087852E-03 -7.619162249962E-04 -5.757506936621E-03 -7.202314467874E-04  4.071690187725E-06 -2.105472383756E-06  2.040403725967E-06  1.424711002046E-02 -4.071690150541E-06  8.616633468353E-04 -3.326493440835E-21  4.945054206482E-22 -4.984609441505E-20 -1.568693928272E-04
